-1.380328,0.714107,-10.081300,-0.019368,0.014979,0.140405
-1.413848,0.611750,-10.053167,0.047745,-0.181432,0.140272
-1.336033,0.723684,-10.212988,0.095016,-0.286495,0.171698
-1.443777,0.629707,-10.204608,0.133899,-0.402344,0.167836
-1.553916,0.727874,-10.264466,0.082766,-0.556411,0.170899
-1.591028,0.566258,-10.594285,-0.044402,-0.803156,0.121763
-1.947184,0.559075,-10.192636,-0.259056,-1.138986,0.078220
-2.156089,0.709318,-9.477931,-0.511528,-0.965745,0.024956
-2.098026,0.802098,-9.402509,-0.645220,-0.834982,0.061575
-1.985493,0.950547,-9.368391,-0.671986,-0.819136,0.155719
-1.962747,0.940371,-9.443213,-0.611531,-0.765206,0.203790
-2.345240,1.324660,-9.428249,-0.400739,-0.242020,-0.000212
-2.408091,1.315681,-9.342652,-0.255328,-0.037486,-0.069455
-2.427844,1.391102,-9.280399,-0.182889,0.005392,-0.046551
-2.524814,1.287548,-9.255857,-0.025094,-0.127502,-0.026977
-2.603827,1.151670,-9.645533,0.053737,-0.104865,-0.056139
-2.851041,1.215119,-9.334272,0.037491,-0.095277,-0.098351
-3.216774,1.148677,-9.150507,0.002071,-0.057993,-0.205678
-3.514867,1.355187,-8.981109,-0.035747,-0.313926,-0.083969
-3.851270,1.244450,-8.780584,-0.017770,-0.370786,0.036274
-3.259273,1.569479,-9.435432,-0.171037,0.048802,0.105917
-3.484339,1.659266,-9.649125,-0.070102,0.333498,-0.051079
-3.252090,1.561698,-9.780214,-0.017903,0.289955,0.013770
-3.167690,1.588035,-9.430045,-0.011778,0.006457,0.198463
-3.235330,1.425820,-8.896709,-0.039875,-0.129500,0.363582
-3.218570,1.482086,-8.435801,0.045880,0.030692,0.339746
-2.998890,1.391102,-8.438795,0.214727,0.218714,0.282088
-2.101019,1.063678,-8.671643,0.287832,0.112186,0.337482
-1.558705,0.885900,-8.150279,0.171051,0.060786,0.344273
-1.299519,0.741642,-7.891691,0.052938,-0.032159,0.252393
-1.214521,0.511188,-7.302089,-0.096734,-0.186625,0.159580
-0.316051,0.176581,-7.575640,-0.098465,-0.058925,0.252659
0.596785,-0.156828,-6.914208,-0.188481,0.097938,0.242140
2.512843,-0.700340,-6.665797,-0.159852,0.438695,-0.141095
3.235330,-1.175014,-6.954313,0.025240,0.350409,-0.274122
4.260699,-1.465925,-8.396295,0.289031,0.590630,-0.306080
5.122655,-1.985493,-10.160912,0.609014,1.143644,-0.519003
5.925353,-1.608387,-11.401770,0.577189,1.265486,-1.335275
5.836164,-1.704160,-12.993396,0.972275,1.233793,-1.735820
5.432721,-1.940599,-15.283567,1.274682,1.479607,-1.953936
3.671097,-2.064506,-16.030595,1.141388,1.756180,-2.598165
3.036601,-2.064506,-16.559741,1.092918,1.827554,-2.733456
1.847221,-2.013626,-17.200222,0.963220,1.845531,-2.812286
-1.018785,-1.863981,-16.594459,0.694636,1.710240,-3.032799
-2.724142,-1.758631,-16.316717,0.892912,1.652182,-2.929201
-4.322951,-2.405697,-15.593632,1.150443,1.553644,-2.709487
-6.036689,-2.885160,-14.315662,0.301681,1.159756,-1.975375
-4.753331,-2.676255,-13.320221,-0.671320,1.305700,-1.632621
-3.381384,-2.311121,-12.162567,-1.119670,1.490926,-1.431816
-3.480149,-2.108801,-10.332704,-0.550677,0.581842,-1.792014
-5.183112,-2.154293,-9.099029,-0.412057,0.147473,-1.985628
-5.762538,-2.418865,-8.101794,-0.616458,0.007922,-1.743410
-5.474022,-2.169257,-7.373919,-0.800086,-0.025102,-1.199984
-4.309184,-1.787363,-6.427562,-0.641226,-0.458272,-0.228714
-3.915916,-1.380328,-7.179379,-0.319111,-0.808083,0.144533
-3.948838,-1.186986,-8.231685,0.142688,-1.114085,0.391678
-3.446629,-0.904456,-10.243515,0.490369,-1.280668,0.846686
-3.299977,-0.665622,-10.889984,0.598894,-1.533939,1.009674
-3.219767,-0.410028,-11.999752,0.732454,-1.762042,1.080249
-4.369042,-0.345381,-13.954119,0.861752,-2.264854,1.034442
-4.548018,-0.271756,-15.127338,0.781057,-2.028495,1.041100
-4.493547,-0.190349,-15.634934,0.589706,-1.930090,1.277726
-3.172479,-0.220876,-15.618174,0.434708,-1.319817,1.957375
-1.866974,-0.369923,-15.150084,0.404480,-1.036053,2.134877
-0.197532,-0.537526,-14.698754,0.325650,-1.121542,2.210246
1.118748,-1.158254,-13.629688,0.329378,-1.501181,2.205185
1.496452,-2.272213,-12.208059,0.585844,-1.479743,1.895189
1.674829,-3.073114,-12.773717,0.090622,-1.027797,1.925017
2.089047,-2.630165,-11.979400,-0.805279,-0.746696,2.033675
3.526240,-1.542543,-8.651290,-1.467617,-0.326710,2.075088
3.967993,-1.635922,-7.032727,-0.885574,-0.094212,1.724478
3.371208,-1.847819,-7.359552,-0.584766,-0.149340,1.497706
3.027622,-1.343814,-6.171968,-0.705675,-0.231367,1.262545
3.092868,-1.422228,-6.112709,-0.472512,0.151335,1.074656
3.349659,-1.365962,-5.271104,-0.444016,0.375577,0.913400
3.201809,-0.854774,-4.837731,0.103805,0.437496,0.388083
2.752874,-1.159451,-5.451875,0.583980,0.329237,0.165439
2.402704,-1.492262,-5.986408,0.869076,0.297678,0.052520
3.252689,-2.135737,-8.878751,0.886254,0.495953,-0.049215
3.425080,-2.029788,-9.009840,0.693837,0.722592,-0.326987
3.467579,-1.570078,-8.517807,0.648296,0.959084,-0.646571
4.511505,-1.595218,-9.196598,0.952567,1.187853,-0.875207
5.945106,-2.712170,-12.900018,1.642470,1.167613,-1.522764
4.536645,-2.392528,-14.567665,1.719303,0.985583,-2.003871
2.896533,-2.456576,-15.900106,1.813181,0.893037,-2.372991
0.581222,-2.491294,-18.222000,1.298917,0.689968,-2.386973
-1.228288,-1.992676,-18.005912,0.736715,0.536434,-2.503888
-2.467350,-1.599408,-17.720390,0.057598,0.569458,-2.603491
-4.306191,-0.533934,-15.568491,-1.099962,0.530708,-2.659552
-4.814985,-0.311262,-14.500623,-1.177861,0.477977,-2.664745
-4.813788,-0.636890,-13.528528,-1.021531,0.680247,-2.595901
-6.100737,-0.929596,-12.106300,-0.965870,0.640166,-2.477123
-6.083977,-0.719494,-10.383584,-1.054022,0.526447,-2.129308
-5.150190,-0.940371,-9.383355,-0.964938,0.679847,-1.640478
-4.203834,-1.188782,-8.436400,-0.776783,0.697558,-1.176548
-2.676854,-1.901093,-7.879719,-0.276367,0.428574,-0.585583
-1.603598,-2.709776,-8.158658,-0.407663,0.270913,-0.332313
-1.285752,-2.516434,-7.370925,-1.110748,0.009520,-0.227782
-2.469146,-1.608387,-5.142409,-1.520748,-0.101802,-0.133638
-2.733120,-1.362969,-4.536046,-1.193574,-0.199675,0.078353
-3.015651,-1.333040,-5.277688,-0.654542,-0.199675,0.281555
-2.662488,-0.832626,-6.916603,0.021645,-0.075969,0.597677
-2.589461,-0.618933,-7.809685,0.407277,-0.322848,0.729905
-2.245277,-0.568652,-9.109804,0.796104,-0.574654,0.945624
-2.135737,-0.712910,-11.985985,1.352181,-0.865342,1.124059
-2.496681,-0.469287,-12.336753,1.198913,-0.922867,1.047891
-3.027024,-0.032922,-12.300240,1.076406,-1.136456,1.099824
-4.058379,-0.022746,-12.671360,1.247251,-1.464829,1.415813
-3.721976,-0.381895,-13.163992,1.338332,-1.458304,1.607696
-3.571732,-0.368127,-14.483264,1.323684,-1.458038,1.806504
-3.138958,-0.778754,-15.458353,1.207569,-1.495855,1.932474
-2.451787,-0.381895,-15.117760,0.562142,-1.117148,2.131947
-1.218112,-0.341790,-14.530552,0.585578,-0.861081,2.172561
0.088590,-0.591997,-14.254008,0.872538,-0.777057,2.082012
1.727505,-3.261667,-15.068676,0.651626,-0.954559,1.424335
1.462932,-2.367986,-14.723296,-0.388222,-0.987716,1.532993
1.103185,-2.335064,-13.558457,-1.071200,-0.849762,1.912233
3.164697,-1.298322,-10.182460,-1.711566,-0.374914,2.096660
2.269220,-1.859791,-10.496716,-0.909543,-0.203803,1.534059
1.099593,-1.692787,-10.037006,-1.018468,-0.429776,1.474403
1.133712,-1.311491,-6.999805,-1.039641,0.030825,1.396238
1.379729,-1.228887,-6.817837,-0.836305,0.286226,1.321136
1.151670,-1.143290,-6.602946,-0.745623,0.272111,1.243370
0.924808,-0.866147,-6.392844,-0.804080,0.148938,1.155751
1.048714,-0.237038,-5.574584,-0.855613,0.239620,0.881308
0.896674,0.026338,-5.599725,-0.787569,0.514329,0.614722
0.826042,0.226862,-5.594936,-0.634435,0.652017,0.436287
0.703333,0.591398,-5.603915,-0.059316,0.232563,0.316310
0.621926,0.597982,-5.995985,0.263464,0.217249,0.174361
0.734459,0.600377,-6.746007,0.470395,0.464794,-0.035366
0.334008,0.408232,-8.828471,0.536575,0.399679,-0.448562
-0.342388,0.464499,-8.637523,0.513405,0.088617,-0.540043
-0.564462,0.335804,-8.173025,0.595565,0.195677,-0.578260
1.093607,-0.261580,-8.407070,0.927400,0.881319,-0.612215
1.913663,-0.454323,-9.344448,1.051638,0.785443,-0.686785
2.299748,-0.736853,-10.404534,1.146182,0.456139,-0.752966
2.402105,-0.980475,-10.472174,1.092385,0.316187,-0.897711
3.494515,-1.037341,-11.276068,1.198913,0.831650,-1.401988
4.002112,-1.828665,-13.203498,1.511307,0.714469,-1.621302
3.582507,-1.971726,-14.517982,1.631151,0.494222,-1.844612
-2.490695,-4.090104,-14.165418,2.477117,0.695028,-1.181475
-4.159539,-6.875300,-18.694879,1.977767,0.768266,1.100223
-6.871709,-5.107092,-14.219290,-0.223369,0.731514,4.124688
3.304167,5.541662,-17.825141,0.392762,4.284358,-4.393030
9.317511,7.683983,-15.855811,-0.424841,4.394747,-4.393030
-0.517772,10.049575,-17.359445,-1.079056,3.304300,-4.393030
-1.373145,-0.332212,-10.558369,0.244821,-0.875995,0.416979
-0.054471,2.444006,-10.634987,0.742973,-0.737642,-2.523329
-1.664654,3.136564,-9.344448,0.683318,-0.468925,-3.409909
-3.030615,2.171053,-8.093413,0.381444,0.634174,-2.016921
-2.927659,2.722945,-7.906655,-0.017637,0.988379,-1.580689
-2.948610,2.261439,-7.587013,-0.889037,-0.036687,-1.375888
-1.890318,2.132744,-8.241861,-1.197036,-1.662305,-1.100380
-1.024770,-0.769176,-7.438565,0.454149,-2.131029,-0.637383
-0.070034,-2.553546,-8.866181,1.429680,-1.287992,-0.304083
1.057693,-5.202267,-10.765479,1.759118,-1.173341,-0.218328
1.271386,-8.331648,-13.332792,-0.072898,-2.081360,-1.230345
1.342617,-7.558880,-12.483406,-0.894496,-1.023270,-2.268327
0.487245,-3.396348,-13.101141,-1.402369,-0.157729,-3.165427
-2.108202,-1.536557,-10.005879,-1.460426,-0.490097,-3.265031
-2.614003,-0.693157,-9.871797,-1.292512,-0.328174,-2.476989
-3.498107,0.723684,-9.465361,-0.815000,-0.138954,-2.280179
-5.203464,3.231140,-6.108518,0.270921,0.307532,-2.880997
-5.693103,0.897273,-5.724828,0.222317,0.191017,-2.529454
-4.946074,-0.678192,-6.338373,0.335903,-0.428311,-1.611848
-4.499533,0.548300,-7.342792,0.403415,-0.871334,-0.587714
-4.591714,1.759828,-8.677029,-0.014175,-0.311396,0.252127
-4.683297,-0.196933,-8.776992,-0.327367,-0.217918,0.879976
-4.169715,-0.459112,-9.920282,-0.835773,-0.481841,1.783867
-3.236527,0.064048,-11.329341,-0.889436,-0.315391,1.791857
-2.759458,0.355557,-11.206632,-0.302466,-0.000201,1.678804
-2.449393,0.066442,-11.325750,-0.100329,-0.268652,1.825147
-2.537983,0.191546,-11.956654,-0.080355,-1.486667,1.658697
-2.111195,-0.498618,-12.358303,0.455081,-1.304105,1.532993
-1.568881,-1.576064,-12.212248,0.416864,-0.967742,1.580265
-0.166406,-2.845654,-12.825794,-0.487160,-0.814075,1.432058
-0.227461,-2.482914,-12.727028,-1.000492,-0.689438,1.491048
-0.877520,-0.914632,-12.557630,-1.359225,-0.233764,1.311948
0.203518,-0.805091,-10.341085,-1.399173,0.485434,0.403929
0.270559,-0.562666,-9.387545,-1.172934,0.234161,0.383556
0.647665,-0.663228,-9.119979,-0.827250,-0.055463,0.311516
1.045122,-0.788331,-8.692593,-0.436692,-0.182764,0.327762
1.067868,-1.595218,-7.725884,-0.083418,0.033488,0.325764
1.139099,-1.128924,-7.121317,-0.244675,-0.070376,0.400067
0.857766,-1.154064,-6.918997,-0.281427,-0.226973,0.348801
1.133114,-2.220735,-7.645674,-0.458131,-0.586904,0.320704
0.650059,-2.047147,-8.041337,-0.340284,-0.435768,0.001919
0.327424,-1.588035,-7.859367,-0.129891,0.079828,-0.466405
0.641679,-1.370750,-8.553722,-0.076893,0.342952,-0.673336
0.804493,-1.567683,-9.391137,0.017650,0.345483,-0.826869
0.948152,-1.541944,-10.183059,0.227111,0.533105,-1.075080
0.759001,-0.818260,-10.056160,0.654156,0.792767,-1.680692
0.602771,-0.171194,-10.136968,0.939118,0.813940,-1.912124
0.602771,-0.111336,-10.681078,1.247783,0.652017,-1.973910
0.700938,-1.055897,-11.516697,1.464568,0.463063,-1.905599
-1.350997,-1.040932,-12.364288,1.277877,0.257064,-2.183505
-2.240488,-0.448936,-12.675550,1.151908,0.313125,-2.378051
-2.983926,0.139469,-12.755162,0.995045,0.481838,-2.344894
-2.849245,-0.621926,-13.326807,0.528852,0.837775,-1.879899
-2.913293,-0.484252,-12.686923,0.344692,1.059886,-1.778431
-3.256879,-0.544709,-12.127250,0.321522,1.141780,-1.813186
-4.151159,0.672805,-12.320591,-0.015773,0.336028,-2.258340
-4.497138,-0.238834,-13.291490,-0.106055,-0.144413,-2.131972
-4.864068,-0.609954,-14.307282,-0.351603,-0.330704,-1.859792
-5.239379,-0.081407,-13.269941,-0.568121,0.380770,-1.914920
-4.761711,0.237637,-11.951267,-0.763866,0.843634,-1.590143
-3.994330,-0.083801,-10.382387,-0.857877,0.939510,-1.196655
-3.188042,-0.780550,-8.244256,-0.331629,0.495554,-0.777867
-2.651115,-1.344413,-7.774968,-0.346942,0.306600,-0.717678
-2.292565,-1.434200,-7.865354,-0.728579,0.101533,-0.644573
-2.268023,-1.013397,-7.961725,-1.131921,-0.141084,-0.660286
-2.530202,-0.489041,-8.677029,-0.998228,-0.251208,-0.408747
-2.491892,-0.702135,-8.577067,-0.660667,-0.005261,-0.131241
-2.193201,-0.842802,-8.124540,-0.514990,0.305401,0.075956
-1.802926,-0.399852,-7.446945,-0.118572,0.333099,0.350665
-1.728103,-0.600975,-7.218886,0.369859,-0.009922,0.425102
-1.669442,-0.946356,-7.208710,0.713545,-0.292221,0.566518
-1.528177,-1.661661,-8.683015,1.006364,-0.717135,0.824981
-2.005845,-1.392898,-9.342053,0.650560,-0.872400,0.879444
-2.466153,-0.880513,-9.749088,0.383841,-0.846566,0.944559
-2.474534,-0.922413,-11.049804,0.777462,-0.783182,1.228590
-2.642735,-1.188782,-11.584337,0.849901,-0.818869,1.337648
-2.889949,-1.234872,-12.044047,0.842178,-0.886914,1.392510
-3.074312,-0.973293,-12.792872,0.753626,-0.993176,1.419142
-3.185648,-0.554884,-13.061635,0.642837,-0.753088,1.724211
-2.784000,-0.988257,-12.807238,0.580252,-0.524186,2.011571
-2.646925,-1.579056,-12.752767,0.395159,-0.606479,2.182948
-2.120174,-1.005017,-12.376259,0.157602,-0.703819,1.940197
-1.260013,-1.507227,-11.702857,0.132568,-0.425115,1.783468
-0.858365,-1.476699,-11.180295,-0.092340,-0.239623,2.027550
0.517772,-1.531769,-10.588897,-0.699683,-0.216187,2.527167
0.939173,-1.772997,-10.130384,-0.824720,-0.153202,2.593214
1.181599,-1.582049,-9.814932,-0.811404,0.066113,2.410119
1.343216,-1.260013,-8.461541,-0.614860,0.114716,1.848583
1.968733,-1.626943,-8.313093,-0.583301,0.044674,1.773480
1.957958,-1.537156,-8.075456,-0.556935,-0.074904,1.570545
1.170824,-1.091213,-7.721096,-0.617790,-0.055463,0.886501
1.127128,-1.267794,-7.410432,-0.677578,0.106593,0.736430
1.604795,-1.626344,-7.633104,-0.571849,0.257597,0.571311
1.665851,-1.729300,-7.922218,-0.462924,0.270913,0.215907
1.479692,-1.170226,-8.016795,-0.103392,0.246012,-0.681192
1.491065,-1.109769,-8.456153,0.239895,0.198074,-0.900374
1.473108,-1.361772,-8.757240,0.480781,0.102066,-1.012495
1.849615,-2.063907,-9.705391,0.822470,0.353206,-1.180543
1.617366,-2.083660,-10.017850,1.047510,0.415924,-1.470832
1.373743,-2.226721,-10.461997,1.172281,0.443089,-1.731026
0.537526,-2.115983,-11.119239,1.303577,0.540429,-1.913988
-0.123308,-1.945987,-11.816587,1.376416,0.484368,-1.907197
-0.705727,-1.838841,-12.891039,1.252444,0.489295,-1.925041
-1.621556,-1.519198,-14.506609,0.808355,0.708876,-2.027174
-2.319501,-1.129522,-14.657451,0.647631,0.931520,-2.015989
-2.636150,-1.137902,-14.615550,0.263331,1.081591,-2.178444
-2.760057,-1.022376,-14.473089,-0.056387,1.158957,-2.336239
-3.911726,-0.612348,-13.810460,-0.346143,0.736840,-2.495632
-4.625235,0.168800,-13.293884,-0.546549,0.614333,-2.621734
-4.772486,0.635094,-12.686325,-0.713265,0.568925,-2.490838
-3.423883,-0.031126,-11.146176,-0.490089,0.899428,-1.438207
-2.486505,-1.169028,-10.397950,-0.374107,0.950961,-1.230877
-2.344641,-1.128325,-9.333673,-0.573980,0.717532,-1.352719
-3.554972,0.544709,-7.938979,-0.968400,-0.200740,-1.475226
-3.787820,1.031954,-7.619935,-0.794493,-0.329639,-0.873209
-3.143747,-0.407035,-7.588211,-0.416718,-0.267986,-0.386775
-2.068696,-1.562895,-8.278375,-1.049228,-0.072640,-0.041758
-2.056125,-1.132515,-8.148483,-1.264415,0.014447,-0.174252
-2.280593,-0.508195,-7.826446,-1.018868,0.111520,-0.300088
-2.016021,-0.757205,-7.054875,-0.384360,0.147607,0.043065
-1.977711,-0.958927,-6.811851,-0.216578,0.035086,0.247466
-1.755638,-0.908047,-7.365538,0.086760,-0.235095,0.245602
-2.004049,-0.876921,-7.755813,0.518332,-0.718733,0.231886
-2.751078,-1.136705,-9.061917,1.181070,-1.376677,0.398736
-3.407721,-1.355786,-9.572506,1.189859,-1.522487,0.549207
-3.643562,-1.300118,-10.395555,0.999706,-1.358833,0.660395
-3.885389,-0.623721,-11.459833,1.032996,-1.095309,1.042432
-3.981760,-0.750620,-11.663949,1.146715,-1.093179,1.405293
-3.837502,-0.787732,-12.651008,1.148845,-1.131929,1.735929
-3.381384,-1.250436,-14.219889,1.002369,-1.175871,2.144198
-2.950405,-0.937976,-14.522172,0.664143,-0.972935,2.292805
-2.538582,-0.796113,-14.486856,0.493032,-0.868272,2.421704
-1.289343,-1.541944,-13.638069,0.666007,-0.768402,2.490681
0.288516,-1.711343,-13.390255,0.597296,-0.754553,2.222496
1.071460,-1.981303,-12.870688,0.384640,-0.907554,1.674942
0.677594,-2.438619,-12.978432,-0.107121,-0.979061,1.082912
-0.441753,-0.081407,-11.946478,-1.015672,-0.341490,1.792789
0.071231,-0.593194,-11.128218,-0.943100,0.106726,2.147527
0.570448,-0.875724,-9.996900,-0.970264,0.419120,2.069495
1.114558,-0.658439,-7.789932,-0.954418,0.444420,1.654702
1.195366,-0.591398,-7.102163,-0.728845,0.226704,1.447105
1.198958,-0.646467,-6.475449,-0.537760,-0.075437,1.302227
1.107973,-1.157655,-7.044699,-0.062645,-0.387164,0.976251
1.092410,-1.531769,-7.352369,0.091954,-0.194615,0.666787
0.716501,-1.458742,-6.863927,-0.106055,0.098870,0.368375
0.594989,-1.250436,-6.191123,-0.147734,0.391156,-0.126847
0.439358,-1.085826,-6.547278,-0.081421,0.236424,-0.409146
0.375310,-1.229485,-7.029735,0.080236,0.084089,-0.632855
0.302283,-1.297125,-7.791129,0.249083,0.089682,-0.740315
-0.111336,-1.310294,-9.049346,0.672132,0.306067,-1.021816
-0.050879,-1.188782,-9.595851,0.830459,0.451478,-1.115028
0.005986,-1.418038,-10.122603,1.098777,0.571056,-1.237668
0.181370,-2.021408,-11.072550,1.106634,0.827788,-1.450724
0.008979,-2.348233,-12.030879,1.122213,0.709276,-1.622235
-0.791923,-2.279995,-12.846744,1.119950,0.582641,-1.753397
-2.083660,-1.367757,-14.143271,0.828861,0.906486,-1.931166
-2.299748,-1.183394,-14.169010,0.678790,1.219412,-1.805196
-2.321895,-0.581222,-13.881093,0.531648,1.474813,-1.727032
-2.528406,-0.470485,-13.410009,0.552421,1.366421,-1.322358
-1.844228,-1.746659,-14.151052,0.303146,1.009818,-1.331014
-2.250066,-1.454552,-14.156439,-0.423908,0.809146,-1.796808
-2.749881,-0.187954,-13.131669,-0.657871,0.786242,-2.643173
-3.143747,0.246615,-12.360696,-0.760138,0.692364,-2.427853
-3.195824,0.292706,-11.541838,-0.817130,0.669328,-1.890552
-2.776218,-0.394465,-10.940862,-0.707273,0.675453,-1.434346
-2.443407,-0.638087,-8.886533,-0.672918,0.659873,-1.282943
-2.447597,-0.641080,-7.961725,-0.507400,0.507938,-1.135535
-2.413478,-0.608158,-7.247019,-0.430433,0.290221,-0.875073
-2.543370,-0.966110,-5.831974,0.491833,-0.136024,-0.361608
-2.518829,-1.512015,-6.259959,0.680921,-0.416992,-0.119390
-2.598440,-1.855002,-7.313462,0.093552,-0.667333,0.045063
-2.950405,-0.815267,-8.838646,-0.907013,-0.459337,0.193270
-2.880371,-0.438161,-9.268427,-0.300602,-0.289957,0.225095
-2.980933,-0.648862,-9.900529,0.227111,-0.376645,0.490750
-3.383179,-0.622524,-10.959419,0.394893,-0.769067,1.037904
-3.483741,-0.890090,-10.739141,0.864016,-0.848564,1.178654
-3.198218,-1.161846,-10.833118,1.245919,-0.934186,1.281987
-2.812133,-2.028591,-11.250329,1.405977,-1.224608,1.312214
-2.674459,-2.403901,-14.060068,0.281041,-1.664569,1.454562
-3.015052,-1.350997,-14.704739,-0.255594,-1.390792,1.622877
-2.581680,-1.151071,-14.642487,-0.018569,-0.878658,1.753640
-1.281562,-1.664055,-13.310645,0.127374,-0.692500,2.144198
-0.809281,-1.722117,-12.476222,0.024974,-0.840841,2.072425
-0.365134,-1.878347,-12.000949,0.091421,-1.018876,1.991197
0.146652,-1.509022,-11.088113,-0.308192,-1.234195,1.679470
0.429781,-1.214521,-10.325521,-0.498744,-1.120077,1.582396
1.104382,-1.419235,-9.925669,-0.384893,-0.952029,1.453497
1.122938,-1.060087,-9.726941,-0.644821,-0.878392,1.232984
0.747029,-0.351966,-9.331877,-0.932314,-0.732315,1.219268
0.424394,0.037112,-8.924243,-0.927387,-0.495557,1.359752
1.107973,-0.500414,-7.764193,-0.415120,0.214187,1.262412
1.613176,-0.963117,-7.057868,-0.169706,0.420851,1.013003
1.412052,-0.936779,-6.095350,0.037891,0.417788,0.621779
0.816464,-0.572842,-5.189697,0.172116,0.280767,0.235615
0.032323,-0.697347,-5.717645,0.283571,-0.147609,0.154920
0.103554,-1.482086,-6.816639,0.101674,-0.066914,0.104452
0.482456,-1.815496,-7.476874,0.075176,0.189552,-0.076646
0.881111,-1.412651,-8.922448,0.353347,0.076366,-0.733524
0.903857,-1.534163,-9.341454,0.638975,0.058523,-0.878669
0.847591,-1.857397,-9.722750,0.994779,0.217915,-1.021683
0.770374,-2.743296,-9.897536,0.983993,0.874927,-1.383212
0.526751,-2.843259,-10.809773,0.887319,0.834180,-1.519568
-0.033521,-2.687628,-11.777679,0.853896,0.659740,-1.750867
-2.380556,-2.641538,-13.582400,0.817543,0.691965,-2.204144
-3.279026,-2.435027,-14.201931,0.543766,0.810211,-2.230510
-3.878206,-2.172849,-15.169836,0.151609,0.863741,-2.324787
-4.425907,-1.869967,-15.446980,-0.139345,0.863475,-2.517204
-5.269906,-1.467720,-14.728084,-0.468517,1.081325,-2.645836
-5.496170,-1.109769,-14.087004,-0.725383,1.165482,-2.560880
-5.588950,-0.896076,-13.204695,-0.872125,1.170143,-2.359808
-4.931109,-1.072657,-11.332335,-0.873989,1.189717,-1.547532
-4.680304,-1.159451,-9.937641,-0.805412,1.255232,-1.277616
-4.291825,-1.096600,-8.454956,-0.719258,1.311692,-1.081738
-3.507086,-1.078643,-6.728050,-0.572515,0.813540,-0.576395
-3.330504,-1.322864,-6.462280,-0.241479,0.382767,-0.347094
-3.414306,-1.543142,-6.683156,-0.014574,-0.005394,-0.205411
-3.764475,-1.535959,-7.518775,0.128839,-0.399415,0.187011
-4.059576,-1.348004,-8.272988,-0.124964,-0.441760,0.549739
-4.113448,-1.179204,-9.145718,-0.213782,-0.438964,0.876248
-3.778243,-0.952941,-10.524848,-0.107387,-0.469457,1.160944
-3.984753,-0.439358,-10.706219,-0.006718,-0.573588,1.165871
-3.862044,-0.210700,-11.155155,0.134032,-0.760146,1.255088
-3.625605,-0.006584,-11.626237,0.464669,-1.051500,1.533393
-2.707980,-1.424024,-11.930915,1.431012,-1.465628,1.992928
-2.166863,-2.470942,-12.164362,1.713178,-1.775358,1.932607
-2.104012,-3.580112,-13.246597,1.148313,-2.233562,1.731935
-3.278428,-1.213324,-14.614354,-0.980251,-1.831019,1.892259
-2.811535,-0.755409,-13.829015,-0.652677,-1.173075,2.079083
-1.944191,-0.960124,-12.761147,-0.247072,-0.709944,2.337413
-0.161018,-2.236298,-10.957623,-0.253330,-0.852958,2.455393
0.334607,-2.209961,-10.796605,-0.350138,-1.100103,2.191736
0.550096,-2.328480,-10.472772,-0.384360,-1.244715,1.801178
0.756008,-1.433003,-10.001689,-0.579972,-1.136855,1.403029
0.966708,-1.289343,-9.647928,-0.523778,-0.943773,1.374133
1.297723,-1.406066,-9.195401,-0.537494,-0.673725,1.348700
1.261809,-1.201951,-8.326261,-0.518985,-0.159327,1.006479
1.151670,-0.820056,-7.523564,-0.543886,0.033222,0.691555
1.058291,-0.436365,-6.669389,-0.391950,0.150802,0.437485
1.015792,-0.395662,-6.211474,-0.043071,0.202469,0.282221
0.712910,-1.211528,-5.623668,0.744971,0.248808,0.003916
0.573441,-1.585042,-5.831974,0.910755,0.202735,-0.337906
0.327424,-1.612577,-6.443724,0.780391,0.038549,-0.669874
-0.190349,-1.961550,-8.999665,0.243224,-0.235362,-1.035931
-0.461506,-2.144716,-10.031619,0.402616,0.048402,-1.278682
-0.755409,-2.008838,-10.496117,0.650826,0.519256,-1.484947
-1.186986,-2.490097,-10.685269,1.216091,0.869334,-1.673634
-1.619161,-2.929455,-11.674124,1.209034,0.693297,-1.737684
-2.589461,-3.087480,-12.934137,0.913551,0.522053,-1.785223
-4.985580,-2.211756,-14.945369,0.355478,0.819666,-2.262468
-5.611696,-1.313287,-14.841216,-0.060781,1.117012,-2.292429
-5.855917,-1.685005,-14.940581,-0.049462,1.258295,-2.059133
-6.188129,-1.904086,-15.248251,-0.178761,1.248041,-1.793612
-6.166581,-1.825073,-14.071441,-0.634701,1.372812,-1.951673
-6.336578,-1.372546,-12.602523,-0.828715,1.521419,-2.011461
-6.140243,-1.010405,-11.028854,-1.103291,1.682143,-1.759789
-4.964630,-1.140895,-9.579689,-0.917666,1.645524,-1.017288
-4.779669,-1.158853,-8.696783,-0.687832,1.456437,-0.806762
-4.588721,-0.625517,-7.782749,-0.638030,1.186122,-0.775070
-3.876410,-0.301685,-6.672381,-0.343080,0.329503,-0.475460
-3.132374,-0.707523,-6.322810,-0.191944,0.126301,-0.113930
-2.268023,-1.253428,-5.951690,-0.036413,0.042011,0.156518
-1.544339,-1.729899,-6.174961,0.260801,-0.184894,0.322302
-1.729300,-1.300118,-6.348549,0.121249,-0.354806,0.479031
-1.977711,-1.182197,-7.039910,0.184633,-0.549753,0.740558
-2.370979,-1.215119,-8.134117,0.284370,-0.781584,1.019129
-3.499304,-1.371948,-10.915722,0.473457,-1.245115,1.125390
-4.158940,-1.066073,-11.906373,0.413003,-1.186125,1.101155
-4.877836,-0.626116,-11.884226,0.551622,-1.117414,1.065735
-4.908364,-1.451559,-12.466047,1.501453,-1.339525,1.545644
-4.319959,-3.257477,-12.892835,1.724496,-1.365625,1.791857
-3.551381,-4.595306,-14.045104,1.218754,-1.294251,1.712227
-4.431893,-1.517403,-14.267775,-0.869462,-0.962815,1.677339
-3.657330,-1.127128,-14.003203,-0.627377,-0.583842,1.959239
-2.693614,-1.942994,-13.678174,-0.244675,-0.413796,2.297865
-1.101987,-2.292565,-12.100913,-0.454003,-0.718466,1.977615
-0.691960,-2.029189,-11.401171,-0.520183,-0.881721,1.734997
-0.052675,-1.670041,-10.555975,-0.628176,-0.924332,1.519677
1.673632,-1.549127,-9.091846,-0.841365,-0.744832,1.437251
2.288375,-1.593422,-8.239467,-0.856812,-0.626586,1.522341
2.492491,-1.638915,-7.700744,-1.059481,-0.681315,1.440713
2.190806,-1.134311,-7.228463,-1.125662,-0.686908,1.182383
1.977711,-0.597982,-5.930141,-0.587829,-0.364527,0.637758
2.433231,-1.165437,-5.405186,-0.289284,-0.259597,0.523507
2.918082,-2.096230,-5.315399,-0.023629,-0.211659,0.377297
2.209961,-2.603228,-5.578774,0.639508,-0.205534,-0.477457
1.739476,-2.757064,-6.267142,0.955364,-0.242419,-1.004771
1.512614,-3.050967,-7.254801,0.896773,-0.324313,-1.336473
0.570448,-4.139187,-10.410520,0.491301,-0.139886,-1.728363
-0.193342,-4.018274,-11.552014,0.159865,0.314057,-1.955934
-1.358779,-3.247302,-11.973415,0.323919,0.821929,-2.317197
-2.962377,-3.650146,-13.972077,1.089323,0.907418,-2.515606
-4.252917,-4.017675,-15.144098,1.040986,0.827256,-2.474459
-5.766728,-3.693244,-15.406875,0.658550,1.056025,-2.498827
-7.480466,-3.103642,-15.502049,-0.595818,1.875492,-2.563277
-6.933961,-2.779211,-15.155471,-0.654941,2.158457,-2.391234
-6.768155,-2.541575,-14.659846,-0.836305,2.081757,-2.184969
-6.842379,-1.896903,-13.306454,-1.105022,1.937678,-2.140094
-5.879262,-1.720920,-11.317370,-0.816598,1.611835,-2.151946
-5.459058,-1.596415,-10.334500,-0.847624,1.578145,-1.865385
-5.196281,-1.365962,-9.222337,-0.793161,1.489860,-1.714781
-4.474392,-1.312089,-7.731271,-0.465588,1.072270,-1.232076
-4.226580,-1.058291,-7.112339,-0.415919,0.840172,-0.964557
-3.938064,-0.760796,-6.954912,-0.408595,0.617395,-0.799971
-3.533423,-0.405239,-6.195312,0.270655,0.028695,-0.291965
-3.177268,-1.137304,-6.607735,0.438569,-0.267320,0.131084
-2.928258,-1.641907,-7.360151,0.153873,-0.427645,0.508593
-2.681643,-1.396489,-8.654283,-0.061580,-0.381172,0.752010
-2.883963,-1.344413,-9.169063,0.064390,-0.482374,0.841893
-3.028820,-1.443179,-9.705391,0.072246,-0.617398,1.023789
-3.250294,-1.501840,-10.177073,0.096614,-0.795566,1.203023
-3.584303,-1.274379,-11.255118,0.447225,-1.010753,1.221532
-3.836305,-1.170824,-11.399375,0.789846,-1.106894,1.267339
-3.869227,-1.594021,-11.620851,1.071080,-1.202903,1.415679
-3.011461,-2.589461,-12.555235,1.158033,-1.345384,1.718619
-3.109029,-2.991109,-13.351946,0.899969,-1.335397,1.773480
-3.326314,-2.201581,-13.696130,0.273451,-1.130198,1.881740
-2.530202,-1.881938,-13.186140,-0.049462,-0.661607,2.228355
-2.084259,-2.035774,-12.608510,-0.059316,-0.579980,2.317040
-1.601803,-2.118378,-12.093729,-0.182090,-0.643364,2.258716
-0.909244,-2.293164,-11.542436,-0.420180,-0.829655,2.084676
-0.416612,-2.184222,-10.967200,-0.628043,-0.839376,1.925017
0.441753,-2.548159,-10.294994,-0.422577,-0.649756,1.744851
1.987289,-2.700797,-8.892518,-0.204327,-0.465729,1.258551
2.027992,-2.577489,-8.420238,-0.444282,-0.569061,1.232052
1.943592,-2.505061,-8.240065,-0.704610,-0.545891,1.297167
1.799933,-2.229115,-7.986267,-0.828582,-0.392358,1.173861
1.981901,-2.273410,-7.065649,-0.405399,0.376775,0.680636
2.048943,-2.268023,-6.532912,-0.236552,0.680380,0.399402
2.002852,-2.208165,-6.049259,-0.048131,0.678649,0.078752
1.456347,-2.514638,-7.255399,0.434841,0.020838,-0.521267
0.731466,-2.721747,-8.168236,0.707286,-0.336031,-0.924209
-0.137674,-2.551152,-8.725515,0.757088,-0.566930,-1.324755
-1.740673,-2.113589,-9.738912,0.551755,-0.457073,-1.613712
-2.177039,-2.048344,-10.828330,0.317261,-0.063718,-1.593072
-2.423056,-1.864580,-11.134803,0.259469,0.473583,-1.633420
-2.508653,-2.407492,-11.475994,0.604886,1.140448,-1.603992
-2.718156,-2.520026,-12.282282,0.789180,1.023267,-1.674833
-3.335293,-2.424851,-13.026917,0.952967,0.809412,-1.779763
-3.856058,-2.760655,-14.113940,0.884656,0.741634,-1.836622
-4.464815,-2.422457,-14.502419,-0.378767,1.052696,-2.034232
-4.741958,-1.446770,-13.839192,-0.584366,1.337925,-2.016255
-4.734775,-1.276175,-13.117302,-0.594353,1.361627,-1.875771
-4.428302,-1.102586,-11.394587,-0.729244,1.216216,-1.551393
-4.096688,-1.338427,-10.463793,-0.742561,1.110221,-1.498928
-3.844087,-1.342018,-9.638949,-0.824853,1.015411,-1.279481
-3.320328,-1.419834,-8.222706,-0.752548,0.904622,-0.948844
-3.084487,-1.501840,-7.743243,-0.620985,0.773992,-0.768679
-2.913293,-1.559303,-7.153641,-0.464789,0.565197,-0.570803
-2.772627,-1.808912,-6.833400,-0.009381,0.025233,-0.330449
-2.958187,-1.856200,-6.780725,0.101941,-0.205800,-0.253882
-3.197619,-1.944191,-7.136282,0.138027,-0.356271,-0.127912
-3.348462,-1.820883,-8.546539,-0.191810,-0.331370,0.287148
-3.126987,-1.595218,-9.009840,-0.246806,-0.245349,0.449869
-3.066530,-1.332441,-9.342652,-0.056520,-0.247612,0.557196
-3.179662,-1.218112,-9.632365,0.260002,-0.400613,0.637625
-3.408918,-1.395292,-10.384781,0.758420,-0.811679,0.940697
-3.507684,-1.850214,-10.904349,1.051905,-0.971737,1.057212
-3.684266,-2.102216,-11.180295,1.177075,-1.136589,1.024988
-4.136793,-2.473935,-11.826164,1.220619,-1.288259,1.037105
-4.570764,-2.748085,-12.518123,0.717407,-1.106495,1.264543
-4.779669,-2.366789,-13.077796,0.047611,-0.849097,1.522740
-3.894367,-1.653280,-13.083184,0.089024,-0.659743,1.757768
-3.189838,-1.981303,-12.540869,0.175445,-0.646427,1.906907
-2.184820,-2.496681,-11.901585,0.037758,-0.574520,2.092665
-0.358550,-2.890547,-10.837308,-0.201531,-0.782383,2.011970
0.451929,-2.709776,-10.195031,-0.260255,-0.872400,1.836199
1.454552,-2.901920,-9.661695,-0.220972,-0.865875,1.635660
2.434429,-3.118607,-9.183429,-0.199933,-0.844036,1.397969
2.739705,-2.284185,-8.274185,-0.637897,-0.943507,1.087307
2.512843,-1.885530,-8.272389,-0.587562,-0.840175,0.987037
2.795373,-2.230313,-8.278375,-0.383162,-0.551084,0.844156
3.267653,-2.782803,-7.470889,-0.321775,0.195677,0.366644
3.267055,-2.865407,-7.139873,-0.175432,0.464661,-0.021917
2.929455,-2.856428,-7.007587,0.043483,0.569724,-0.396762
2.409887,-3.687857,-8.290347,0.508878,0.282764,-0.961627
1.751448,-4.055984,-9.196000,0.560943,-0.013251,-1.250452
0.674002,-3.936268,-10.065138,0.583048,-0.175040,-1.698802
-2.138131,-2.543969,-10.885793,0.227910,-0.057726,-2.242761
-3.437650,-1.705357,-11.402368,0.276780,0.266252,-2.238899
-4.418126,-1.644302,-12.149996,0.516601,0.616863,-2.008532
-5.146000,-3.295787,-13.875705,0.635114,1.091179,-1.282676
-5.323180,-3.792010,-14.421012,-0.097400,1.226603,-1.599464
-5.643421,-2.913293,-13.890669,-0.842830,1.329136,-2.019318
-6.327599,-1.642506,-12.713859,-1.087046,1.307431,-2.215463
-6.074998,-1.970528,-12.150594,-0.895428,0.969337,-1.826902
-5.721835,-2.572102,-12.094328,-0.757874,0.787041,-1.507184
-5.481205,-3.021038,-11.405362,-0.735370,0.821796,-1.465239
-5.128642,-2.487104,-8.683015,-1.171336,1.213287,-1.211702
-4.769493,-2.170454,-7.518775,-1.059881,1.390390,-0.931134
-4.157743,-2.111195,-6.786711,-0.856412,1.377739,-0.661485
-3.290998,-2.181828,-5.817009,-0.089277,0.832582,-0.336175
-3.233534,-2.029788,-5.378848,0.167589,0.533771,-0.259208
-3.284414,-1.692188,-5.041847,0.302080,0.220046,-0.146954
-3.745321,-1.723913,-5.912184,0.567202,-0.557476,0.437752
-4.014084,-2.218341,-7.142268,0.709017,-0.856154,0.754406
-4.165524,-2.426048,-8.386119,0.783853,-1.032991,0.977450
-4.363655,-2.271615,-9.414482,0.766143,-1.123406,1.110343
-4.700656,-1.971127,-11.130014,0.851898,-1.162023,1.388248
-4.759915,-1.992077,-11.884226,0.889583,-1.169746,1.544712
-4.655164,-2.090245,-12.683332,1.017816,-1.204634,1.663890
-4.491751,-2.645728,-12.910793,1.515302,-1.185059,1.701574
-4.325944,-3.149134,-12.970650,1.457910,-1.141916,1.813029
-4.428302,-3.182655,-13.352545,0.863883,-1.099571,2.050187
-4.469005,-2.256650,-13.600956,-0.162648,-0.745365,2.352860
-3.756694,-2.328480,-13.639864,0.073444,-0.426713,2.459388
-2.720550,-2.685832,-13.196914,-0.074363,-0.172777,2.662324
0.802098,-3.934472,-11.716624,-0.450940,0.215785,2.506393
1.910072,-3.996725,-10.614636,-0.679443,0.147207,2.128352
2.356014,-3.776447,-9.598844,-0.715662,0.044674,1.660561
2.730128,-2.998890,-8.076653,-0.851486,-0.046408,1.228057
3.112022,-3.405925,-7.588211,-0.723785,0.016977,1.056147
3.662717,-4.094294,-7.600780,-0.579173,0.108458,0.828843
3.708807,-4.766500,-7.300891,-0.487293,0.200871,0.499804
3.481347,-5.035861,-6.392844,-0.286754,0.767067,-0.563878
3.416101,-4.952659,-6.090561,-0.101794,0.966008,-1.001709
3.252090,-4.825759,-6.425168,0.032032,0.954690,-1.249919
2.126758,-4.318761,-9.135542,0.426718,0.345216,-1.805463
0.935582,-3.820742,-10.782238,0.573194,0.004593,-2.164196
-0.453126,-3.449023,-12.024892,0.801031,-0.016180,-2.512809
-3.265857,-2.215947,-13.281912,0.604753,0.590897,-2.766479
-4.448653,-1.507227,-13.338179,0.390632,0.789438,-2.703894
-5.300434,-0.902660,-13.586590,0.250547,0.790503,-2.539575
-7.302089,-0.359747,-13.031107,0.416731,0.567194,-1.892550
-7.561274,-0.756606,-13.231033,-0.168641,0.535236,-1.543803
-6.835196,-1.375539,-13.028115,-1.109416,0.615664,-1.493735
-6.328796,-1.258816,-12.314007,-1.574678,0.789172,-1.349922
-4.829949,-1.928029,-10.002886,-1.182122,0.734976,-1.231809
-4.302001,-2.093237,-8.886533,-1.050027,0.503943,-1.178013
-3.882994,-2.313515,-8.189785,-1.042703,0.350809,-1.046983
-3.541803,-2.265629,-7.011178,-1.071200,0.351208,-0.656291
-3.438249,-2.219538,-6.525131,-0.883311,0.425245,-0.455220
-3.341877,-2.109998,-6.109715,-0.608735,0.432303,-0.232709
-3.239520,-2.078871,-6.010351,0.135231,0.133625,0.220834
-3.329906,-2.281790,-6.244396,0.595565,-0.100471,0.420574
-3.508881,-2.279995,-6.560447,0.915682,-0.317255,0.568249
-4.239150,-2.230911,-7.602576,1.290927,-0.830321,0.761198
-4.852695,-2.382352,-8.896110,1.191323,-1.047638,0.891961
-5.398602,-2.136934,-10.102251,0.838449,-1.068012,1.041233
-5.454269,-1.441383,-11.416734,0.730057,-0.883319,1.297433
-5.404587,-1.425221,-11.590323,0.951369,-0.962815,1.486787
-5.141810,-1.811904,-11.930915,1.179073,-1.104231,1.655900
-4.661149,-2.290171,-12.333162,1.310635,-1.245248,1.783867
-3.695040,-3.088079,-12.991600,1.038189,-1.267619,1.867492
-3.198817,-3.179063,-12.959877,0.554552,-1.127401,1.973487
-2.535589,-3.211985,-12.698296,0.308339,-0.970539,2.021291
-1.044524,-3.229344,-11.992569,0.118053,-0.821399,1.877745
