-0.225066,0.373515,-9.998696
-0.445344,0.450133,-10.065737
-0.555483,0.426190,-10.065737
-0.474076,0.488442,-10.032217
-0.454922,0.454922,-10.056160
-0.450133,0.407035,-10.056160
-0.483653,0.325628,-10.046583
-0.526751,0.498019,-10.070526
-0.541117,0.493231,-10.051371
-0.517174,0.483653,-10.046583
-0.526751,0.483653,-10.075315
-0.502808,0.459710,-10.070526
-0.483653,0.430978,-10.046583
-0.483653,0.383092,-10.056160
-0.430978,0.397458,-10.070526
-0.430978,0.392669,-10.037006
-0.474076,0.359149,-10.037006
-0.445344,0.416612,-10.065737
-0.464499,0.430978,-10.046583
-0.512385,0.411824,-10.089680
-0.488442,0.421401,-10.051371
-0.459710,0.454922,-10.041794
-0.493231,0.435767,-10.084892
-0.493231,0.421401,-10.065737
-0.469287,0.435767,-10.037006
-0.478865,0.450133,-10.032217
-0.474076,0.397458,-10.046583
-0.435767,0.426190,-10.051371
-0.474076,0.411824,-10.060949
-0.474076,0.411824,-10.065737
-0.459710,0.430978,-10.041794
-0.478865,0.440556,-10.065737
-0.498019,0.426190,-10.056160
-0.474076,0.440556,-10.051371
-0.464499,0.440556,-10.060949
-0.478865,0.421401,-10.046583
-0.474076,0.426190,-10.051371
-0.459710,0.426190,-10.037006
-0.488442,0.416612,-10.065737
-0.478865,0.411824,-10.022640
-0.469287,0.421401,-10.065737
-0.464499,0.421401,-10.070526
-0.478865,0.426190,-10.051371
-0.478865,0.435767,-10.046583
-0.478865,0.421401,-10.080103
-0.483653,0.435767,-10.060949
-0.469287,0.421401,-10.056160
-0.464499,0.426190,-10.056160
-0.478865,0.416612,-10.051371
-0.488442,0.440556,-10.046583
-0.459710,0.426190,-10.060949
-0.469287,0.421401,-10.041794
-0.478865,0.430978,-10.046583
-0.469287,0.430978,-10.037006
-0.474076,0.421401,-10.041794
-0.478865,0.421401,-10.037006
-0.469287,0.411824,-10.046583
-0.488442,0.426190,-10.022640
-0.498019,0.421401,-10.046583
-0.483653,0.411824,-10.080103
-0.474076,0.416612,-10.041794
-0.469287,0.430978,-10.060949
-0.464499,0.426190,-10.046583
-0.469287,0.416612,-10.041794
-0.474076,0.430978,-10.060949
-0.478865,0.440556,-10.041794
-0.474076,0.426190,-10.037006
-0.478865,0.416612,-10.060949
-0.464499,0.426190,-10.099258
-0.478865,0.416612,-10.041794
-0.464499,0.426190,-10.056160
-0.469287,0.411824,-10.075315
-0.478865,0.421401,-10.041794
-0.469287,0.426190,-10.065737
-0.488442,0.430978,-10.070526
-0.478865,0.416612,-10.037006
-0.474076,0.421401,-10.046583
-0.474076,0.430978,-10.089680
-0.474076,0.411824,-10.051371
-0.483653,0.426190,-10.041794
-0.483653,0.407035,-10.046583
-0.454922,0.421401,-10.046583
-0.478865,0.435767,-10.051371
-0.478865,0.426190,-10.084892
-0.488442,0.426190,-10.032217
-0.478865,0.426190,-10.046583
-0.474076,0.416612,-10.056160
-0.483653,0.416612,-10.032217
-0.474076,0.416612,-10.037006
-0.459710,0.426190,-10.089680
-0.459710,0.426190,-10.041794
-0.478865,0.421401,-10.046583
-0.478865,0.430978,-10.046583
0.507597,0.550694,-9.989119
-1.738279,0.349571,-10.065737
-0.368726,0.478865,-10.075315
0.004789,0.957729,-10.108835
-0.086196,0.952941,-11.061776
-1.254626,-0.828436,-10.999524
-1.350399,-2.049541,-9.352229
-0.196335,-2.767838,-10.688261
0.114928,-2.964173,-9.227724
0.019155,-3.644161,-8.322669
0.249010,-4.194855,-7.661836
-0.330417,-3.888382,-7.968309
-1.264203,-3.012059,-8.571680
-1.570676,-2.379958,-9.500677
-2.284185,-1.795743,-9.203781
-1.498847,-0.474076,-9.912501
-2.648122,-0.090984,-10.410520
-3.146141,1.067868,-11.013890
-1.848418,0.871534,-11.622048
-2.734318,-0.162814,-10.429675
-1.857995,-1.144487,-9.366595
-1.474903,-0.895477,-8.835055
-1.541944,-2.475731,-8.437597
-2.346437,-1.810109,-9.711378
-4.568369,-1.786165,-10.803189
-4.649776,-2.897132,-8.801534
-2.973750,-3.998521,-8.202954
-1.680815,-4.884420,-7.714511
-1.422228,-4.908364,-7.839016
-0.818859,-5.214837,-7.671413
-0.545906,-4.649776,-7.872536
-1.019982,-3.117409,-8.533370
-1.388708,-2.049541,-9.074487
-1.709547,-1.139698,-9.251667
-2.451787,-0.138871,-10.218974
-2.782204,0.555483,-10.199819
-2.446999,0.622524,-10.247706
-2.217144,0.632101,-10.424886
-2.111793,0.129293,-10.041794
-1.489269,-0.383092,-9.768841
-1.690392,-0.641679,-10.108835
-2.001655,-1.058291,-10.104046
-1.522790,-1.398285,-9.376173
-2.164469,-1.417440,-9.730532
-3.198817,-2.408690,-9.208569
-2.801359,-2.983327,-8.959560
-2.111793,-3.591485,-9.112796
0.440556,-3.414306,-8.519004
0.421401,-2.758261,-9.471945
0.900266,-2.911498,-8.964348
1.283357,-3.074312,-8.638720
1.436594,-3.538810,-7.163816
-0.550694,-2.949807,-8.830266
-0.512385,-2.336860,-9.380961
-0.646467,-1.824475,-9.366595
-0.905054,-1.685604,-10.218974
-0.330417,-0.790127,-10.037006
-0.766184,-0.794915,-9.653914
-0.521963,-0.569849,-10.966003
-1.149275,0.043098,-10.214185
-1.307301,0.536328,-9.792784
-1.359976,0.981673,-10.592489
-1.853207,1.163641,-10.702628
-0.814070,1.106178,-11.171915
-0.957729,0.675199,-9.740109
-1.043925,0.009577,-9.697011
-0.924209,-0.354360,-9.687434
-1.134909,-0.608158,-9.591661
-1.178007,-0.550694,-9.510254
-1.379130,-0.569849,-9.821516
-1.379130,-0.627313,-10.314747
-1.814897,-0.718297,-10.262072
-2.087850,-1.235471,-10.113624
-2.226721,-1.723913,-9.898135
-1.805320,-2.566715,-9.687434
-2.423056,-3.103044,-9.855037
-1.963345,-3.682470,-8.653086
-1.221105,-4.175701,-7.388883
0.114928,-4.190066,-7.575640
0.565060,-3.701624,-7.800706
0.780550,-3.529233,-8.935617
-0.148448,-2.619390,-9.902923
-0.627313,-2.116582,-10.396154
-0.656045,-1.968134,-9.792784
-0.708720,-1.810109,-9.898135
-0.866745,-1.728702,-9.926867
-0.981673,-1.489269,-9.840671
-1.695181,-1.197162,-10.199819
-0.986461,-0.775761,-10.707416
-0.402246,-0.574638,-10.032217
-0.196335,-0.287319,-9.764053
0.919420,-0.421401,-9.069699
-0.062252,0.316051,-10.678684
0.464499,0.713508,-11.487966
0.033521,0.210700,-10.831921
-0.454922,-0.770972,-10.329113
-0.023943,-1.436594,-9.893346
0.593792,-2.437422,-7.384094
-1.460537,-2.049541,-7.901268
-1.862784,-1.570676,-10.424886
-3.840495,-0.454922,-10.348267
-1.484481,0.383092,-12.584566
0.028732,0.057464,-12.148799
0.598581,-0.679988,-9.706589
1.307301,-1.058291,-9.620393
2.207566,-1.632929,-9.304343
1.575465,-2.834879,-7.570851
-0.612947,-2.796570,-7.872536
-1.953768,-2.107005,-9.768841
-2.102216,-1.197162,-10.228551
-1.877150,-0.483653,-10.659529
-1.709547,0.205912,-11.090508
0.220278,0.368726,-11.483177
0.325628,-0.110139,-11.847114
0.531540,-0.833225,-10.171088
0.201123,-2.035175,-8.858998
0.938575,-2.786993,-8.739282
0.905054,-3.323321,-7.637893
1.431806,-2.992905,-8.389711
0.804493,-2.279396,-9.524621
0.287319,-1.417440,-9.601239
-0.857168,-1.082234,-10.827133
-1.652083,-0.790127,-10.520659
-1.599408,0.483653,-9.428847
-1.944191,0.996039,-10.376999
-1.096600,1.767011,-10.645164
-0.057464,2.399112,-10.855864
0.287319,1.776588,-9.606027
-0.124505,1.139698,-9.759263
-0.474076,1.149275,-9.280399
-1.197162,1.163641,-10.281227
-1.676027,1.403074,-11.133605
-1.599408,0.799704,-10.104046
-0.986461,0.407035,-10.764880
-1.273780,-0.474076,-10.003485
-0.881111,-1.163641,-7.815073
1.872361,-0.847591,-7.853382
0.799704,0.411824,-10.635586
0.071830,0.814070,-12.182319
-0.067041,1.738279,-12.867096
0.258587,0.914632,-10.707416
0.536328,0.426190,-8.605200
-0.569849,0.229855,-8.758437
-0.454922,0.857168,-10.185454
-0.780550,1.355187,-10.654741
-0.737452,1.158853,-10.645164
-1.431806,0.560272,-10.127989
-1.518001,0.047886,-9.749687
-2.025598,-0.565060,-10.142355
-1.599408,-0.871534,-10.592489
-1.585042,-1.297723,-9.476734
-0.153237,-1.522790,-7.642681
1.388708,-0.718297,-9.663491
1.336033,-0.043098,-10.654741
0.181969,0.838013,-11.301208
-2.145314,0.684777,-12.009928
-2.672065,-0.373515,-10.171088
-1.886727,-2.039964,-9.218147
-1.489269,-1.680815,-8.590834
0.675199,-2.375169,-10.415308
1.063080,-2.413478,-10.501504
2.399112,-3.141353,-7.795918
-2.154891,-3.270646,-8.006619
-3.653738,-2.557138,-10.027428
-1.561099,-1.953768,-10.989946
-0.766184,-1.484481,-9.438425
-0.574638,-0.574638,-10.712204
0.838013,0.478865,-12.062603
-0.320839,0.320839,-10.127989
-2.945018,-0.196335,-7.776763
-4.223587,0.517174,-10.199819
-3.098255,1.829263,-10.669107
-0.584215,2.154891,-11.636414
-0.450133,1.134909,-10.329113
-0.670411,0.287319,-8.437597
-1.240260,0.277742,-8.145490
-3.548388,0.574638,-11.444868
-3.332899,-0.210700,-11.487966
-3.299378,-1.307301,-8.873364
-0.770972,-1.810109,-7.858170
0.502808,-0.679988,-7.422403
3.299378,0.004789,-10.807977
-0.876322,1.216316,-9.907711
-3.045580,1.168430,-11.143183
-2.130948,2.389535,-11.416136
-0.952941,2.815725,-11.387404
0.124505,0.972095,-8.428020
-0.981673,0.105350,-11.368249
-2.648122,-1.144487,-10.180665
-2.107005,-1.776588,-7.748032
1.934614,-1.403074,-8.231685
2.188412,-0.181969,-10.333902
-2.269819,0.215489,-10.041794
-3.404728,0.249010,-10.386577
-1.963345,1.336033,-11.377827
-1.345610,1.000827,-9.299553
-1.091812,0.335205,-9.366595
-2.940229,0.215489,-12.455272
-4.348092,-1.465326,-9.567718
-1.795743,-1.077446,-6.708895
1.661661,-1.053502,-8.169433
-0.775761,1.283357,-11.272477
-1.834052,1.901093,-11.928522
-3.217971,1.240260,-12.785689
-1.992077,-0.464499,-10.434463
1.264203,-0.560272,-9.644336
0.617735,-1.187584,-6.196510
-1.125332,-2.643333,-8.155067
-4.769493,-2.011232,-10.329113
-1.719124,0.191546,-13.532718
0.828436,-0.435767,-11.037833
0.627313,-1.221105,-8.255629
-0.957729,-1.723913,-7.412826
-1.968134,-1.000827,-10.180665
-3.490924,-0.196335,-12.292458
-4.549215,-0.608158,-10.286015
-2.959384,-1.996866,-8.657875
1.053502,-2.231510,-7.111141
0.866745,-0.579426,-9.912501
-1.096600,1.364764,-11.286843
0.622524,1.139698,-11.502331
1.211528,-1.053502,-8.983503
0.158025,-1.695181,-9.036178
-0.799704,0.225066,-10.841498
-3.146141,0.967307,-11.487966
-3.002482,-1.101389,-9.108008
-1.048714,-2.705586,-8.293938
0.057464,-2.049541,-8.255629
-1.087023,0.316051,-12.383442
0.454922,0.172391,-11.315574
1.249837,-1.704759,-9.285188
0.205912,-2.638545,-8.983503
-0.833225,-2.499674,-8.499850
-0.569849,-1.043925,-9.768841
-0.009577,0.009577,-10.127989
-3.447826,0.225066,-13.384270
-1.403074,-2.834879,-6.790302
0.842802,-1.594620,-8.030562
-1.417440,0.928998,-12.100913
-0.143659,1.063080,-12.862307
0.430978,-1.546733,-8.389711
-0.579426,-3.146141,-8.360979
-2.427844,-2.226721,-9.543775
-1.886727,-1.968134,-9.299553
-3.150930,-1.077446,-11.234168
-3.644161,-2.475731,-9.347440
-1.877150,-3.304167,-8.035351
0.296896,-3.395151,-6.823822
-1.546733,-0.225066,-10.458406
-1.431806,1.178007,-10.740937
-2.657699,1.091812,-11.880635
-1.331244,-0.282530,-8.734494
0.090984,-0.828436,-12.809632
-1.527578,0.043098,-10.932482
-2.154891,-2.260241,-10.209397
0.790127,-1.920248,-9.773630
2.882766,-0.521963,-10.300381
1.340821,-1.072657,-9.850248
1.733490,-2.935441,-7.408038
-0.574638,-4.142180,-6.996214
-2.719952,-3.965000,-7.987464
-1.120543,-3.711202,-9.136739
-1.393496,-1.656872,-9.673069
-0.694354,-1.101389,-10.108835
-0.612947,-0.316051,-10.242918
-0.469287,0.536328,-9.716166
-0.689565,1.446171,-10.463195
-0.938575,2.241087,-12.986812
-4.113448,0.809281,-12.560623
-3.409517,-0.277742,-6.948328
-0.335205,-1.613774,-5.818207
0.426190,-0.057464,-10.166299
-4.352880,1.077446,-13.987640
-5.435115,-1.067868,-9.021812
-2.375169,-2.978539,-7.115930
0.512385,-1.891516,-10.894173
-1.805320,-1.422228,-10.764880
-3.931479,-2.786993,-8.744071
-3.055157,-4.156546,-6.325803
-1.551522,-2.595447,-7.618738
-4.525272,-0.349571,-12.206263
-2.183623,-0.833225,-10.444041
-1.676027,-1.829263,-9.505466
-1.800531,-2.897132,-9.026600
-1.470115,-3.079100,-8.389711
-6.828611,-2.614601,-8.303515
-2.892343,-1.671238,-9.591661
-2.868400,-1.968134,-10.372211
-2.413478,-3.026425,-8.562102
-1.441383,-3.926691,-7.867748
