-3.821939,-9.552155,-2.266826,-0.625003,2.689582,-0.496784
-3.787820,-9.568316,-2.308727,-0.644977,2.595571,-0.608639
-3.778243,-9.623984,-2.408091,-0.658959,2.461345,-0.693062
-3.785426,-9.780213,-2.585271,-0.688787,2.060667,-0.772825
-3.742328,-9.703595,-2.574497,-0.704366,1.804467,-0.779616
-3.707610,-9.597048,-2.558335,-0.724607,1.529491,-0.774956
-3.691448,-9.529408,-2.531997,-0.746179,1.245727,-0.767898
-3.652541,-9.430044,-2.509251,-0.766951,0.963161,-0.764303
-3.626203,-9.293568,-2.485907,-0.791320,0.685390,-0.762305
-3.498107,-9.002059,-2.441612,-0.848179,0.149287,-0.753384
-3.383778,-8.774598,-2.379958,-0.869085,-0.121827,-0.742997
-3.264062,-8.568686,-2.317705,-0.878273,-0.398800,-0.725420
-3.183253,-8.431012,-2.333268,-0.872148,-0.684828,-0.695592
-3.125790,-8.382527,-2.345839,-0.849378,-0.988965,-0.647388
-3.050967,-8.268198,-2.320100,-0.808764,-1.305886,-0.582939
-3.003679,-8.227495,-2.319501,-0.753369,-1.623873,-0.507437
-2.936039,-8.164045,-2.197391,-0.592512,-2.242135,-0.330601
-2.925265,-8.159855,-2.159081,-0.489845,-2.522037,-0.244712
-2.927659,-8.122744,-2.105209,-0.371732,-2.766253,-0.174271
-2.980335,-8.129328,-2.090245,-0.239105,-2.968523,-0.127398
-2.995299,-8.131124,-2.044154,-0.098887,-3.126584,-0.104761
-3.054559,-8.142496,-1.980704,0.051317,-3.233378,-0.115680
-3.321526,-8.507630,-2.015422,0.368505,-3.308747,-0.231796
-3.450819,-8.708754,-1.999260,0.535620,-3.293167,-0.335128
-3.608845,-8.987693,-2.040562,0.703535,-3.247094,-0.465359
-3.748314,-9.228921,-2.075280,0.864393,-3.170660,-0.611835
-3.857854,-9.459374,-2.069893,1.012067,-3.062401,-0.765102
-3.969789,-9.707187,-2.067498,1.137903,-2.926844,-0.912510
-4.064364,-9.964577,-2.066301,1.239505,-2.771713,-1.041809
-4.029048,-10.010069,-2.025598,1.360281,-2.407786,-1.206794
-3.973979,-9.932852,-1.969331,1.384649,-2.200855,-1.233559
-3.986549,-9.939436,-1.953170,1.388244,-1.972219,-1.224371
-3.960212,-9.944823,-1.876551,1.371732,-1.718416,-1.180961
-3.895565,-9.779615,-1.813102,1.337644,-1.447435,-1.106125
-3.827327,-9.632963,-1.771201,1.292236,-1.165402,-1.004257
-3.716589,-9.363602,-1.673034,1.239638,-0.875513,-0.878421
-3.514269,-8.857202,-1.577261,1.129514,-0.278956,-0.600116
-3.429270,-8.657276,-1.542543,1.075585,0.018391,-0.457502
-3.342476,-8.477103,-1.515008,1.022587,0.311210,-0.317284
-3.262266,-8.310698,-1.491664,0.976780,0.588449,-0.181461
-3.262865,-8.286755,-1.535360,0.934701,0.845847,-0.051497
-3.183852,-8.211333,-1.533564,0.888894,1.090596,0.071942
-3.140156,-8.108377,-1.512614,0.773977,1.565578,0.286197
-3.109628,-8.097603,-1.501241,0.698342,1.791018,0.375547
-3.074312,-8.037745,-1.485079,0.608725,2.008734,0.453180
-3.074910,-8.092216,-1.482685,0.501132,2.219394,0.518428
-3.125191,-8.199960,-1.473706,0.377027,2.426591,0.571026
-3.173078,-8.361577,-1.541945,0.232415,2.633522,0.606447
-3.232337,-8.546538,-1.586838,0.075153,2.832596,0.624157
-3.292794,-8.684212,-1.671238,-0.236708,3.164031,0.592066
-3.438847,-8.948186,-1.741272,-0.379855,3.289202,0.536005
-3.566944,-9.192408,-1.821482,-0.516611,3.401456,0.452248
-3.656132,-9.355222,-1.960951,-0.631661,3.486944,0.336931
-3.714195,-9.441417,-2.032182,-0.718215,3.530621,0.192585
-3.812960,-9.606626,-2.150701,-0.772278,3.530088,0.027067
-3.903346,-9.762257,-2.360205,-0.775207,3.382680,-0.341120
-3.900353,-9.827501,-2.430238,-0.741917,3.244327,-0.527811
-3.917114,-9.825706,-2.485308,-0.697042,3.074548,-0.704115
-3.881199,-9.808347,-2.501470,-0.651368,2.882531,-0.865105
-3.842890,-9.798770,-2.497280,-0.614483,2.671605,-1.002659
-3.828524,-9.801164,-2.555342,-0.593976,2.444700,-1.107190
-3.763278,-9.699406,-2.558335,-0.595574,2.201151,-1.177366
-3.625605,-9.516239,-2.559532,-0.655496,1.656260,-1.217314
-3.538212,-9.317511,-2.560729,-0.704233,1.347062,-1.195875
-3.429270,-9.119979,-2.534990,-0.756166,1.011632,-1.152598
-3.311948,-8.872765,-2.518829,-0.803704,0.651301,-1.092676
-3.225753,-8.702768,-2.493688,-0.842054,0.268199,-1.021834
-3.188641,-8.656677,-2.458971,-0.868686,-0.132346,-0.941539
-3.083889,-8.457350,-2.432633,-0.878673,-0.953811,-0.750987
-3.042587,-8.396894,-2.353620,-0.864824,-1.341839,-0.654845
-2.977940,-8.270593,-2.285980,-0.840988,-1.700440,-0.563364
-2.948610,-8.162848,-2.187215,-0.808364,-2.015496,-0.481471
-2.926462,-8.170630,-2.160279,-0.767750,-2.283814,-0.408233
-2.956990,-8.227495,-2.080667,-0.714486,-2.514580,-0.343517
-2.979736,-8.274184,-2.096829,-0.645909,-2.714853,-0.283062
-3.061741,-8.413054,-2.115983,-0.448699,-3.058406,-0.192114
-3.090473,-8.412457,-2.081266,-0.315672,-3.207013,-0.167613
-3.135367,-8.468124,-2.091442,-0.162538,-3.336444,-0.163218
-3.190436,-8.530975,-2.063308,0.010171,-3.447234,-0.181994
-3.270048,-8.623157,-2.069893,0.191668,-3.523268,-0.231263
-3.422087,-8.847625,-2.093237,0.373964,-3.558955,-0.307830
-3.522050,-8.979911,-2.042358,0.551600,-3.547370,-0.408765
-3.754300,-9.347440,-1.979507,0.853740,-3.377458,-0.657775
-3.877607,-9.553351,-1.978310,0.977312,-3.232846,-0.783877
-3.928487,-9.680849,-1.980704,1.079579,-3.052947,-0.905586
-3.945247,-9.719158,-1.976514,1.165201,-2.850810,-1.010516
-3.994330,-9.829896,-2.013028,1.241369,-2.644412,-1.094939
-4.027851,-9.952605,-2.009436,1.307549,-2.440011,-1.153796
-4.018872,-9.961584,-2.001655,1.424997,-2.045457,-1.199204
-3.987148,-9.901726,-1.928628,1.465877,-1.835597,-1.190815
-3.942852,-9.777221,-1.873558,1.488381,-1.598972,-1.163916
-3.852467,-9.562330,-1.770602,1.493308,-1.336513,-1.122104
-3.795602,-9.431241,-1.716132,1.480391,-1.046890,-1.068441
-3.723772,-9.237900,-1.631732,1.454824,-0.733298,-0.998665
-3.617823,-9.012833,-1.554515,1.413811,-0.402795,-0.913975
-3.423883,-8.624952,-1.491065,1.306484,0.266068,-0.694394
-3.320927,-8.496258,-1.459939,1.239904,0.592710,-0.557505
-3.253287,-8.393900,-1.416242,1.160008,0.909764,-0.400909
-3.145543,-8.189784,-1.380328,1.066530,1.216033,-0.230597
-3.022235,-8.013203,-1.358180,0.958803,1.511248,-0.056158
-2.972553,-7.965915,-1.322265,0.836962,1.795945,0.116551
-2.977940,-8.074258,-1.361772,0.514981,2.369998,0.445323
-2.987517,-8.143095,-1.346208,0.322431,2.646039,0.585807
-3.051566,-8.362176,-1.392898,0.117764,2.909163,0.699792
-3.119804,-8.486680,-1.449763,-0.098887,3.161767,0.778090
-3.139557,-8.521398,-1.506628,-0.307416,3.384677,0.812712
-3.285012,-8.778788,-1.632330,-0.485851,3.551128,0.797798
-3.409517,-9.027798,-1.761025,-0.636188,3.672303,0.734547
-3.629795,-9.309131,-2.013626,-0.817952,3.770975,0.464898
-3.758490,-9.488107,-2.101019,-0.841787,3.749003,0.269019
-3.881199,-9.680849,-2.202778,-0.834464,3.700134,0.045044
-3.985352,-9.822713,-2.258446,-0.799176,3.624765,-0.195709
-4.006901,-9.908909,-2.364993,-0.753635,3.542472,-0.440591
-4.025457,-10.044188,-2.406295,-0.711024,3.447928,-0.669227
-4.040421,-10.135771,-2.433231,-0.674272,3.332345,-0.866836
-3.988345,-10.178868,-2.524814,-0.637520,3.041657,-1.160987
-3.877009,-10.038800,-2.496083,-0.636055,2.852437,-1.251269
-3.776447,-9.870001,-2.602031,-0.644178,2.631524,-1.306797
-3.708209,-9.772432,-2.629566,-0.655363,2.362141,-1.328369
-3.641168,-9.660498,-2.613404,-0.668679,2.039761,-1.317849
-3.537015,-9.459973,-2.651115,-0.680131,1.676766,-1.285092
-3.371208,-9.026002,-2.608017,-0.703967,0.863425,-1.176567
-3.286808,-8.899102,-2.616397,-0.721810,0.441973,-1.105859
-3.213182,-8.677628,-2.511047,-0.750440,0.026247,-1.028093
-3.138360,-8.519004,-2.426647,-0.782398,-0.371102,-0.944735
-3.083889,-8.430414,-2.393126,-0.818484,-0.746081,-0.853254
-3.022834,-8.315486,-2.327881,-0.855370,-1.097757,-0.753384
-2.958786,-8.207742,-2.250066,-0.887728,-1.430524,-0.644326
-2.818119,-8.028168,-2.197989,-0.895318,-2.056110,-0.407700
-2.762451,-7.922817,-2.133343,-0.859764,-2.355721,-0.283462
-2.741501,-7.974894,-2.154293,-0.790121,-2.649871,-0.163618
-2.776817,-8.066477,-2.156687,-0.679332,-2.940959,-0.051497
-2.825901,-8.164045,-2.158483,-0.527796,-3.226055,0.046242
-2.863611,-8.228692,-2.132145,-0.347231,-3.485850,0.116684
-3.109029,-8.518405,-2.084857,0.057443,-3.849777,0.131199
-3.328110,-8.815900,-2.086653,0.258514,-3.929672,0.067282
-3.502297,-8.959559,-2.036372,0.443607,-3.928741,-0.044706
-3.639971,-9.054135,-1.921445,0.604597,-3.842319,-0.199038
-3.762081,-9.197196,-1.935212,0.743350,-3.688786,-0.379870
-3.905740,-9.477930,-1.987887,0.863061,-3.495571,-0.575615
-4.009295,-9.716166,-2.045950,0.976114,-3.290904,-0.768830
-4.084118,-10.023836,-2.136934,1.201288,-2.949881,-1.094407
-4.114645,-10.202812,-2.184820,1.311944,-2.823379,-1.210123
-4.118835,-10.292599,-2.187215,1.413944,-2.713521,-1.291351
-4.091899,-10.274642,-2.148906,1.494772,-2.598604,-1.339688
-4.058977,-10.218973,-2.045950,1.543376,-2.452261,-1.357664
-4.028450,-10.075315,-1.925036,1.556825,-2.254652,-1.351006
-3.978767,-9.921479,-1.801130,1.533921,-1.995256,-1.324507
-3.803982,-9.474339,-1.567085,1.405688,-1.323596,-1.206261
-3.700427,-9.192408,-1.495854,1.319933,-0.942626,-1.117976
-3.579514,-8.946390,-1.467122,1.235643,-0.557393,-1.010915
-3.493917,-8.753049,-1.447369,1.155481,-0.184279,-0.886144
-3.389764,-8.578862,-1.438989,1.083175,0.166465,-0.741000
-3.268252,-8.356190,-1.413250,1.018459,0.488446,-0.578145
-3.076107,-8.077251,-1.380926,0.892223,1.052112,-0.223274
-3.027024,-7.995245,-1.383919,0.816056,1.310976,-0.035784
-2.965968,-7.945563,-1.371948,0.722977,1.563980,0.152504
-2.965968,-7.948556,-1.339624,0.607394,1.818316,0.330406
-2.980933,-8.050914,-1.315082,0.467176,2.081839,0.494326
-3.015651,-8.151475,-1.331843,0.298862,2.357347,0.637873
-3.061741,-8.248446,-1.342018,0.107910,2.638448,0.753988
-3.188641,-8.549531,-1.471312,-0.295032,3.162167,0.870770
-3.264660,-8.699775,-1.575465,-0.472401,3.366701,0.863313
-3.323321,-8.760232,-1.698773,-0.614350,3.513310,0.808451
-3.438249,-8.955968,-1.808912,-0.710758,3.601329,0.707649
-3.568141,-9.182231,-1.944191,-0.761492,3.635684,0.567298
-3.690251,-9.347440,-2.084259,-0.769082,3.624765,0.398717
-3.852467,-9.639547,-2.208764,-0.691450,3.509848,0.006561
-3.918909,-9.726341,-2.251263,-0.639251,3.443534,-0.199704
-3.935071,-9.780213,-2.239890,-0.597572,3.391735,-0.404238
-3.938663,-9.852642,-2.261439,-0.576399,3.353118,-0.596654
-3.964401,-10.002886,-2.344641,-0.576399,3.314369,-0.766300
-3.948240,-10.059752,-2.392528,-0.593710,3.253115,-0.909447
-3.905740,-10.108834,-2.430238,-0.617280,3.147120,-1.021435
-3.785426,-9.965176,-2.590060,-0.647241,2.740316,-1.145407
-3.721378,-9.869402,-2.681643,-0.645376,2.428988,-1.165514
-3.652541,-9.694018,-2.682840,-0.636987,2.061599,-1.162585
-3.596274,-9.523422,-2.728332,-0.628199,1.655594,-1.148070
-3.575324,-9.435431,-2.717557,-0.621674,1.234409,-1.123169
-3.540008,-9.337264,-2.680445,-0.621408,0.810560,-1.094140
-3.443038,-9.036777,-2.548758,-0.658692,0.018790,-1.030756
-3.350856,-8.846428,-2.476928,-0.690118,-0.334617,-0.995602
-3.249696,-8.637523,-2.396119,-0.727270,-0.659394,-0.954855
-3.152726,-8.465132,-2.306931,-0.770813,-0.953678,-0.903056
-3.047974,-8.295733,-2.228517,-0.812093,-1.232515,-0.833280
-2.970159,-8.220312,-2.212954,-0.839790,-1.509355,-0.743397
-2.898329,-8.138307,-2.196792,-0.847380,-1.794850,-0.629012
-2.743296,-8.023378,-2.203376,-0.775873,-2.401927,-0.343783
-2.727733,-8.020386,-2.211756,-0.689985,-2.719381,-0.187853
-2.728332,-8.058695,-2.202179,-0.567478,-3.034837,-0.035118
-2.745691,-8.094011,-2.166863,-0.408218,-3.340306,0.099773
-2.840865,-8.219114,-2.155490,-0.219930,-3.612086,0.197379
-2.917483,-8.223904,-2.062710,-0.017660,-3.821946,0.248246
-3.065932,-8.324465,-2.021408,0.189005,-3.942323,0.240923
-3.462192,-8.744669,-1.952571,0.563717,-3.909166,0.047840
-3.628597,-8.915264,-1.898699,0.720846,-3.775340,-0.124469
-3.833911,-9.263040,-1.953170,0.860797,-3.585720,-0.329402
-4.013485,-9.597647,-2.021408,0.988365,-3.372664,-0.548317
-4.132004,-9.890352,-2.118977,1.110739,-3.162670,-0.761373
-4.163130,-10.113624,-2.235101,1.233246,-2.986633,-0.950194
-4.200243,-10.453617,-2.238693,1.476796,-2.747477,-1.211987
-4.170912,-10.417703,-2.157884,1.575867,-2.646276,-1.279632
-4.137990,-10.341084,-2.045950,1.640583,-2.518176,-1.307596
-4.072745,-10.238727,-1.886129,1.660024,-2.337877,-1.299740
-4.006302,-10.047779,-1.792750,1.631661,-2.085805,-1.261123
-3.918311,-9.785601,-1.627542,1.559355,-1.760894,-1.198937
-3.838101,-9.543775,-1.513213,1.456023,-1.379391,-1.116778
-3.589091,-8.921250,-1.418637,1.219131,-0.533824,-0.901458
-3.492720,-8.727310,-1.395292,1.114734,-0.126754,-0.772426
-3.386172,-8.546538,-1.450362,1.025783,0.247559,-0.628346
-3.288604,-8.368760,-1.446770,0.950680,0.581791,-0.475079
-3.164697,-8.207742,-1.454552,0.889560,0.876474,-0.313157
-3.112621,-8.074857,-1.444376,0.834831,1.136003,-0.151900
-3.028820,-7.961126,-1.409658,0.709527,1.599933,0.160627
-3.032411,-8.010210,-1.412052,0.618446,1.831898,0.299912
-3.018644,-8.008414,-1.385116,0.500333,2.077445,0.420556
-3.054559,-8.080244,-1.374940,0.357053,2.337240,0.518694
-3.095860,-8.189784,-1.375539,0.197394,2.600498,0.588204
-3.158113,-8.321472,-1.400081,0.025085,2.858429,0.626554
-3.188641,-8.433407,-1.459939,-0.143496,3.095720,0.632946
-3.354448,-8.811111,-1.676027,-0.431921,3.468701,0.551452
-3.453812,-8.993080,-1.758631,-0.540047,3.590410,0.468094
-3.507684,-9.138535,-1.889121,-0.617413,3.660851,0.361699
-3.659724,-9.431840,-1.962747,-0.660024,3.677363,0.235463
-3.801587,-9.690427,-2.054330,-0.691317,3.675899,0.092183
-3.893170,-9.872396,-2.126758,-0.717016,3.671638,-0.063615
-3.974577,-10.029822,-2.234503,-0.733528,3.652596,-0.232195
-4.091899,-10.322528,-2.360803,-0.744314,3.585217,-0.577612
-4.091300,-10.354253,-2.437422,-0.729533,3.508916,-0.746060
-4.072745,-10.318338,-2.475731,-0.707163,3.405850,-0.908382
-3.979366,-10.200418,-2.493688,-0.676536,3.263236,-1.056589
-3.891973,-10.057956,-2.608616,-0.632593,3.069221,-1.182825
-3.779440,-9.886761,-2.639742,-0.586919,2.825671,-1.286823
-3.677681,-9.701799,-2.700797,-0.496503,2.173453,-1.393884
-3.501100,-9.358812,-2.667875,-0.469206,1.788355,-1.399077
-3.379588,-9.100225,-2.627770,-0.462814,1.383681,-1.378038
-3.271843,-8.829667,-2.578687,-0.479059,0.972483,-1.333429
-3.176070,-8.661466,-2.528406,-0.518608,0.568608,-1.269113
-3.074910,-8.465730,-2.464956,-0.572804,0.164734,-1.181494
-2.989912,-8.341226,-2.417668,-0.636854,-0.243535,-1.071770
-2.808542,-8.036548,-2.325487,-0.752570,-1.065266,-0.793731
-2.741501,-7.928205,-2.295558,-0.787858,-1.472469,-0.634072
-2.666678,-7.892290,-2.287178,-0.802372,-1.871817,-0.466690
-2.656502,-7.870142,-2.248270,-0.784928,-2.261310,-0.296378
-2.627770,-7.857572,-2.206968,-0.734727,-2.634691,-0.132458
-2.633756,-7.915036,-2.191405,-0.650170,-2.982904,0.017214
-2.775021,-8.144292,-2.161476,-0.401560,-3.570673,0.242121
-2.874984,-8.230488,-2.150103,-0.244431,-3.782930,0.298714
-3.028820,-8.421435,-2.107604,-0.073986,-3.925678,0.306970
-3.198817,-8.566292,-2.092040,0.102584,-4.000913,0.266356
-3.362229,-8.775795,-2.062710,0.273828,-4.009169,0.173677
-3.553775,-9.036777,-2.072287,0.433220,-3.953907,0.036655
-3.745919,-9.318110,-2.102216,0.583025,-3.851774,-0.132591
-4.028450,-9.792784,-2.209362,0.858400,-3.579062,-0.526080
-4.092498,-9.996302,-2.228517,0.993957,-3.444171,-0.721159
-4.142180,-10.173481,-2.239291,1.126984,-3.322995,-0.899460
-4.163130,-10.267459,-2.229714,1.247494,-3.207945,-1.049266
-4.158940,-10.341682,-2.177637,1.347364,-3.084106,-1.165381
-4.120631,-10.276438,-2.102216,1.417140,-2.935899,-1.246875
-4.070350,-10.159116,-1.984894,1.450963,-2.747877,-1.295345
-3.953028,-9.927464,-1.786764,1.429258,-2.245730,-1.300805
-3.905142,-9.749087,-1.715533,1.379323,-1.938263,-1.257128
-3.797996,-9.524021,-1.645499,1.315672,-1.605230,-1.187885
-3.710603,-9.282194,-1.573071,1.252022,-1.261943,-1.096404
-3.628597,-9.078677,-1.558106,1.187039,-0.913597,-0.986813
-3.541803,-8.889525,-1.496452,1.120593,-0.561788,-0.861776
-3.302371,-8.340627,-1.371948,0.987166,0.130112,-0.573085
-3.197021,-8.146687,-1.340821,0.917124,0.470736,-0.419685
-3.125790,-8.007217,-1.290540,0.837095,0.810960,-0.261624
-3.087480,-8.019189,-1.329448,0.745481,1.143194,-0.095972
-3.062340,-8.043731,-1.298921,0.632428,1.471434,0.077668
-3.025827,-8.025174,-1.310294,0.497137,1.791151,0.253173
-2.980335,-8.012605,-1.339624,0.352259,2.088630,0.423485
-3.057551,-8.401682,-1.394095,0.026816,2.622469,0.719367
-3.095262,-8.498652,-1.509621,-0.148023,2.857630,0.830955
-3.162303,-8.629742,-1.536557,-0.310612,3.053775,0.903128
-3.287406,-8.854209,-1.632929,-0.456955,3.217162,0.929893
-3.422686,-9.079874,-1.718526,-0.584256,3.354717,0.908587
-3.490924,-9.116986,-1.798736,-0.680797,3.457782,0.839344
-3.648949,-9.219343,-1.988486,-0.744980,3.537678,0.547990
-3.714793,-9.311525,-2.074682,-0.715152,3.515307,0.342391
-3.826129,-9.450396,-2.168060,-0.658825,3.458981,0.119747
-3.878804,-9.556344,-2.176440,-0.599303,3.400657,-0.113283
-3.872819,-9.573105,-2.197989,-0.542044,3.339936,-0.338457
-3.944648,-9.767045,-2.238094,-0.500498,3.283476,-0.545255
-3.971585,-9.888556,-2.244678,-0.483720,3.242063,-0.730347
-3.954824,-10.067533,-2.333268,-0.525532,3.159504,-0.999597
-3.903346,-10.106441,-2.421260,-0.563350,3.077744,-1.077362
-3.811165,-9.972957,-2.460766,-0.595175,2.943119,-1.120240
-3.766271,-9.950809,-2.581680,-0.612353,2.729663,-1.133556
-3.675287,-9.778418,-2.649319,-0.609024,2.436977,-1.123835
-3.610042,-9.594055,-2.726536,-0.591979,2.081839,-1.098801
-3.524445,-9.415079,-2.696607,-0.567611,1.680628,-1.065378
-3.392757,-8.993080,-2.577489,-0.527796,0.837325,-0.987746
-3.318533,-8.742873,-2.505660,-0.528595,0.441307,-0.952192
-3.253886,-8.584847,-2.424253,-0.548835,0.078313,-0.915040
-3.207795,-8.481892,-2.369183,-0.587851,-0.251258,-0.868168
-3.138958,-8.399287,-2.316508,-0.637387,-0.555263,-0.805716
-3.092269,-8.362176,-2.264432,-0.690917,-0.848481,-0.722491
-2.907906,-8.177214,-2.249467,-0.760693,-1.449566,-0.487729
-2.851640,-8.162250,-2.263833,-0.762158,-1.766753,-0.343251
-2.824703,-8.159855,-2.298551,-0.726204,-2.105646,-0.186255
-2.797767,-8.165242,-2.306332,-0.650703,-2.453060,-0.028593
-2.781605,-8.159855,-2.278199,-0.536318,-2.798611,0.120013
-2.789387,-8.119152,-2.223728,-0.383184,-3.128582,0.244784
-2.828893,-8.089223,-2.165067,-0.199423,-3.416474,0.326944
-3.107832,-8.410661,-2.090245,0.209911,-3.799442,0.346652
-3.247302,-8.532172,-2.060316,0.413379,-3.873878,0.274346
-3.438847,-8.741675,-2.008838,0.596341,-3.856834,0.151705
-3.657330,-9.045755,-2.011831,0.755468,-3.768416,-0.003826
-3.856058,-9.413882,-2.061513,0.897816,-3.628464,-0.183725
-3.996725,-9.703595,-2.132145,1.025783,-3.465610,-0.372146
-4.169116,-10.188446,-2.268023,1.274925,-3.178250,-0.716498
-4.211616,-10.353056,-2.274607,1.395036,-3.058406,-0.853786
-4.249925,-10.481750,-2.259044,1.508887,-2.956139,-0.960980
-4.230770,-10.473969,-2.180630,1.600901,-2.845883,-1.040477
-4.169116,-10.349464,-2.081864,1.662687,-2.700472,-1.093874
-4.127814,-10.240522,-1.922043,1.685191,-2.501131,-1.123968
-4.066160,-10.059752,-1.814299,1.660557,-2.230417,-1.130360
-3.853664,-9.502472,-1.605993,1.515013,-1.524402,-1.068441
-3.748912,-9.227723,-1.488671,1.415542,-1.123990,-1.003458
-3.635781,-8.973926,-1.459340,1.314873,-0.715055,-0.916771
-3.454411,-8.682416,-1.433003,1.217134,-0.319703,-0.809045
-3.340081,-8.425625,-1.436594,1.130713,0.047020,-0.681078
-3.260470,-8.281367,-1.425820,1.054678,0.381785,-0.537531
-3.112022,-8.072462,-1.447369,0.907537,0.967822,-0.206362
-3.036601,-7.962922,-1.409060,0.825776,1.228283,-0.027395
-2.973151,-7.897677,-1.384518,0.733896,1.470901,0.149442
-2.977940,-7.920423,-1.371349,0.625770,1.708325,0.314693
-3.001285,-8.020985,-1.377335,0.495007,1.952275,0.463566
-3.037200,-8.097004,-1.346208,0.333617,2.209939,0.592066
-3.088678,-8.213129,-1.336631,0.145994,2.485181,0.692602
-3.323920,-8.689001,-1.397088,-0.298361,3.086266,0.769169
-3.319730,-8.634530,-1.472509,-0.524600,3.378286,0.729221
-3.437650,-8.867976,-1.642506,-0.711557,3.609984,0.636807
-3.605253,-9.212160,-1.764018,-0.848445,3.778698,0.496856
-3.756095,-9.496487,-1.921445,-0.940592,3.899341,0.311631
-3.765074,-9.502472,-2.090245,-0.966159,3.932498,0.099507
-3.863840,-9.731130,-2.267425,-0.926610,3.874973,-0.124336
-4.065562,-10.177671,-2.497878,-0.757630,3.630225,-0.565229
-4.111054,-10.310556,-2.458372,-0.676269,3.494268,-0.766433
-4.194257,-10.450624,-2.461365,-0.622073,3.383745,-0.951393
-4.136194,-10.390766,-2.423056,-0.601833,3.312904,-1.123702
-4.057780,-10.362633,-2.451787,-0.601700,3.237802,-1.267781
-3.997324,-10.277036,-2.511047,-0.612219,3.129410,-1.380568
-3.811763,-10.045385,-2.648721,-0.622872,2.737520,-1.502143
-3.680076,-9.814932,-2.684037,-0.617146,2.435512,-1.517190
-3.541205,-9.535993,-2.695410,-0.605428,2.071586,-1.504806
-3.410115,-9.228322,-2.661889,-0.590115,1.651732,-1.469252
-3.316138,-9.033185,-2.664882,-0.576666,1.197656,-1.413325
-3.270646,-8.936214,-2.618193,-0.578929,0.729732,-1.335293
-3.067727,-8.444779,-2.466752,-0.643246,-0.175623,-1.127430
-2.959983,-8.237072,-2.339254,-0.702635,-0.582561,-1.010116
-2.915089,-8.172425,-2.275805,-0.771479,-0.949949,-0.879486
-2.871991,-8.146687,-2.236897,-0.841388,-1.296166,-0.734209
-2.797767,-8.050914,-2.221334,-0.896916,-1.633726,-0.571887
-2.703192,-7.888100,-2.214749,-0.926744,-1.969157,-0.400510
-2.609214,-7.794122,-2.141124,-0.920618,-2.302456,-0.227002
-2.586468,-7.867149,-2.192003,-0.773077,-2.984369,0.097642
-2.652312,-8.011407,-2.223728,-0.628199,-3.324460,0.237194
-2.732522,-8.124539,-2.187813,-0.440976,-3.644444,0.341858
-2.861815,-8.262213,-2.205172,-0.220063,-3.914625,0.398318
-3.029418,-8.456153,-2.168659,0.011103,-4.112102,0.395255
-3.240717,-8.646502,-2.076477,0.239872,-4.216100,0.327477
-3.669900,-9.100225,-1.996267,0.631229,-4.129812,0.007360
-3.860248,-9.374974,-2.008838,0.783698,-3.964028,-0.213952
-4.029048,-9.681448,-2.058520,0.911531,-3.755366,-0.454439
-4.175701,-10.037005,-2.158483,1.024318,-3.531923,-0.691997
-4.247530,-10.276438,-2.236897,1.139768,-3.337776,-0.905719
-4.272072,-10.459603,-2.296156,1.261343,-3.194229,-1.085751
-4.214608,-10.517067,-2.309924,1.382119,-3.095957,-1.224238
-4.181686,-10.571538,-2.177637,1.580927,-2.933103,-1.382698
-4.140384,-10.491926,-2.079470,1.621674,-2.789689,-1.409863
-4.070949,-10.269255,-1.929226,1.615948,-2.576766,-1.406534
-4.009295,-10.111229,-1.744863,1.573071,-2.299660,-1.378570
-3.953627,-9.859226,-1.625746,1.493840,-1.953044,-1.327437
-3.832714,-9.549162,-1.550325,1.392372,-1.554230,-1.255131
-3.730955,-9.275610,-1.469516,1.289573,-1.136373,-1.162984
-3.522649,-8.850617,-1.460537,1.112203,-0.327692,-0.921964
-3.369412,-8.565693,-1.452756,1.049086,0.032106,-0.776554
-3.271843,-8.375344,-1.468319,1.007673,0.347429,-0.619957
-3.195824,-8.269396,-1.458742,0.981041,0.620807,-0.450578
-3.134768,-8.165841,-1.480889,0.955874,0.865821,-0.274274
-3.037200,-7.935387,-1.439587,0.922850,1.100583,-0.094375
-2.953997,-7.770179,-1.277970,0.791820,1.599134,0.240789
-3.065932,-8.062885,-1.224098,0.661590,1.904204,0.392059
-3.159310,-8.374147,-1.198958,0.472103,2.262271,0.535606
-3.052763,-8.175418,-1.143888,0.232149,2.664281,0.659045
-2.921674,-7.927007,-1.145684,-0.017127,3.058835,0.740539
-2.985123,-8.119750,-1.213922,-0.249225,3.401722,0.775028
-3.266456,-8.820090,-1.328850,-0.479991,3.717844,0.771565
-3.477157,-9.291173,-1.676625,-0.912762,4.237035,0.653852
-3.583105,-9.515641,-1.924438,-1.042193,4.343430,0.534674
-3.789616,-9.875388,-2.127955,-1.095990,4.333843,0.380474
-3.965000,-10.202812,-2.343444,-1.095724,4.258474,0.190455
-4.111652,-10.381787,-2.458372,-1.045389,4.123583,-0.021935
-4.197249,-10.449428,-2.535589,-0.964162,3.961261,-0.256164
-4.241544,-10.450624,-2.527807,-0.758962,3.638880,-0.754849
-4.252319,-10.529038,-2.506857,-0.670011,3.501858,-0.991740
-4.181686,-10.476363,-2.531399,-0.612752,3.393067,-1.207859
-4.038027,-10.277635,-2.486505,-0.586253,3.292397,-1.389356
-3.938064,-10.163904,-2.518230,-0.579196,3.159770,-1.521318
-3.824333,-10.123799,-2.600235,-0.580661,2.962294,-1.598950
-3.720779,-10.026829,-2.694213,-0.583191,2.685587,-1.621188
-3.381384,-9.337862,-2.744493,-0.583590,1.889290,-1.523315
-3.248499,-9.043960,-2.721747,-0.587851,1.406185,-1.426242
-3.168289,-8.831463,-2.687030,-0.600102,0.894984,-1.310126
-3.067727,-8.611784,-2.606221,-0.622206,0.372197,-1.181627
-2.988116,-8.404675,-2.551750,-0.650969,-0.140469,-1.046336
-2.903716,-8.155665,-2.426049,-0.688520,-0.623441,-0.912244
-2.749881,-7.819263,-2.259643,-0.766419,-1.471138,-0.651117
-2.712769,-7.805495,-2.174046,-0.792651,-1.839059,-0.520886
-2.691818,-7.835424,-2.150103,-0.801839,-2.180215,-0.385862
-2.624179,-7.716905,-2.123765,-0.783330,-2.504860,-0.249107
-2.630165,-7.810284,-2.133941,-0.728868,-2.817919,-0.118743
-2.635552,-7.876128,-2.113589,-0.634990,-3.125519,0.005362
-2.651714,-7.905458,-2.139328,-0.502629,-3.426194,0.113888
-2.852837,-8.289148,-2.148307,-0.137637,-3.950046,0.249445
-3.037798,-8.591432,-2.168659,0.086072,-4.156444,0.258633
-3.246104,-8.841639,-2.149504,0.317371,-4.301056,0.216554
-3.440045,-9.037973,-2.063907,0.539349,-4.311309,0.118149
-3.638773,-9.276807,-2.078871,0.737757,-4.311309,-0.032588
-3.867431,-9.612013,-2.020809,0.903409,-4.198523,-0.219678
-4.083519,-9.955598,-2.057921,1.040563,-4.008903,-0.430471
-4.343303,-10.500306,-2.167462,1.259479,-3.554161,-0.855784
-4.349887,-10.608051,-2.218940,1.351625,-3.331784,-1.038213
-4.359465,-10.703824,-2.257847,1.444172,-3.143229,-1.184423
-4.333726,-10.736746,-2.251263,1.529527,-2.979975,-1.291217
-4.297213,-10.694845,-2.188412,1.601833,-2.819517,-1.362591
-4.183482,-10.467983,-2.066900,1.652301,-2.640816,-1.403605
-4.063167,-10.127391,-1.825672,1.652168,-2.139868,-1.409996
-3.972782,-9.905916,-1.698773,1.604763,-1.808699,-1.376573
-3.842890,-9.528212,-1.583247,1.537117,-1.432788,-1.323575
-3.696836,-9.164872,-1.497051,1.460284,-1.028514,-1.253267
-3.594478,-8.914067,-1.410257,1.381986,-0.618381,-1.165781
-3.438847,-8.669248,-1.386313,1.302889,-0.215438,-1.056456
-3.325716,-8.447773,-1.386912,1.229518,0.168196,-0.920899
-3.145543,-8.187390,-1.339624,1.084773,0.840787,-0.574017
-3.053361,-8.090420,-1.334237,0.995289,1.150252,-0.367885
-2.955793,-7.912043,-1.303709,0.885831,1.452392,-0.151234
-2.850442,-7.687575,-1.247443,0.759995,1.746675,0.065950
-2.790584,-7.652857,-1.218112,0.613652,2.033768,0.274213
-2.786394,-7.672610,-1.188782,0.439213,2.321661,0.469825
-2.945018,-8.233480,-1.234274,-0.020589,2.933265,0.803258
-3.111424,-8.669248,-1.274977,-0.307549,3.263502,0.924966
-3.237126,-8.908081,-1.359377,-0.615548,3.591475,0.998870
-3.306561,-8.985298,-1.462932,-0.904373,3.876704,1.006859
-3.446629,-9.247477,-1.675428,-1.138468,4.078575,0.943076
-3.685463,-9.615604,-1.942994,-1.298393,4.191228,0.812446
-3.897360,-10.004682,-2.177039,-1.382151,4.216928,0.618831
-4.084716,-10.090279,-2.509251,-1.303187,3.989624,0.102436
-4.202038,-10.300980,-2.594848,-1.164834,3.771641,-0.189451
-4.348092,-10.521855,-2.622383,-1.008903,3.552193,-0.485199
-4.379817,-10.617628,-2.584074,-0.869751,3.369231,-0.768431
-4.388197,-10.640973,-2.513441,-0.780401,3.246724,-1.023832
-4.341507,-10.700233,-2.439217,-0.745246,3.186935,-1.239818
-4.214010,-10.587101,-2.415274,-0.752570,3.153512,-1.408531
-3.965000,-10.393759,-2.545166,-0.809430,2.991855,-1.584969
-3.801587,-10.178270,-2.667875,-0.820349,2.784126,-1.590561
-3.635182,-9.862219,-2.762451,-0.811294,2.471732,-1.550880
-3.450819,-9.471945,-2.781605,-0.781999,2.063863,-1.478973
-3.289202,-9.052340,-2.740902,-0.735792,1.577429,-1.383497
-3.152726,-8.733295,-2.703192,-0.685191,1.046120,-1.278301
-2.993503,-8.305310,-2.557138,-0.605029,-0.024753,-1.054725
-2.910300,-8.061090,-2.409288,-0.592379,-0.502132,-0.945001
-2.839668,-7.865354,-2.250066,-0.603031,-0.913330,-0.840470
-2.754071,-7.663631,-2.145913,-0.629797,-1.263142,-0.734342
-2.686431,-7.590605,-2.077076,-0.660423,-1.563950,-0.622487
-2.674459,-7.634301,-2.083660,-0.683061,-1.839725,-0.496784
-2.645728,-7.686378,-2.073484,-0.681995,-2.114168,-0.355901
-2.622982,-7.816868,-2.153095,-0.563616,-2.708462,-0.037915
-2.627172,-7.867748,-2.206968,-0.432453,-3.031108,0.119747
-2.692417,-8.018590,-2.231510,-0.250690,-3.356285,0.255570
-2.833682,-8.251438,-2.248270,-0.029644,-3.659225,0.356239
-3.012059,-8.465730,-2.194398,0.220031,-3.917156,0.405375
-3.218570,-8.714740,-2.182426,0.476098,-4.091995,0.388597
-3.746518,-9.353426,-2.034577,0.916192,-4.097588,0.151173
-3.961409,-9.575500,-1.987887,1.076517,-3.925411,-0.054693
-4.155947,-9.843064,-1.981901,1.195029,-3.664018,-0.293582
-4.330134,-10.216579,-2.075879,1.287709,-3.363209,-0.541260
-4.416929,-10.505095,-2.196792,1.371732,-3.077315,-0.772292
-4.451048,-10.682874,-2.320698,1.466276,-2.850011,-0.963111
-4.429499,-10.825336,-2.395521,1.573870,-2.699407,-1.104261
-4.307987,-10.809772,-2.338057,1.791719,-2.553197,-1.231029
-4.245136,-10.723577,-2.243481,1.872814,-2.493941,-1.233559
-4.176898,-10.531433,-2.027992,1.911564,-2.376094,-1.212653
-4.091300,-10.221967,-1.905283,1.893321,-2.165302,-1.174702
-3.984753,-9.893346,-1.662858,1.825675,-1.860631,-1.122237
-3.893170,-9.604231,-1.519198,1.716617,-1.470206,-1.056057
-3.774053,-9.283392,-1.418637,1.573870,-1.013067,-0.975362
-3.411911,-8.546538,-1.310892,1.276523,-0.062038,-0.757778
-3.283815,-8.308902,-1.344413,1.148157,0.363808,-0.618759
-3.158711,-8.144292,-1.376137,1.034837,0.735058,-0.458301
-3.044383,-8.034752,-1.376137,0.931239,1.048517,-0.275739
-2.937237,-7.882113,-1.394095,0.830836,1.310976,-0.077197
-2.887554,-7.779756,-1.405468,0.725640,1.535750,0.129601
-2.900723,-7.962922,-1.419834,0.454925,1.935363,0.543729
-2.955194,-8.067674,-1.384518,0.268768,2.155210,0.731218
-2.988116,-8.147285,-1.390504,0.050119,2.394899,0.884885
-3.086283,-8.336436,-1.394694,-0.182246,2.639647,0.992212
-3.205401,-8.538158,-1.429411,-0.421801,2.884794,1.046541
-3.282618,-8.629143,-1.519198,-0.648972,3.117558,1.039350
-3.430467,-8.857202,-1.641907,-0.840323,3.309176,0.963582
-3.729159,-9.286983,-1.932818,-1.074818,3.548065,0.631481
-3.839897,-9.437227,-2.086653,-1.094259,3.565376,0.396187
-3.970387,-9.636555,-2.222531,-1.052314,3.518636,0.134927
-4.084716,-9.907113,-2.359606,-0.968556,3.428887,-0.137518
-4.170912,-10.080702,-2.411683,-0.867221,3.313170,-0.405969
-4.191862,-10.218375,-2.450590,-0.769348,3.201849,-0.654712
-4.159539,-10.285416,-2.362599,-0.669345,3.073349,-1.057921
-4.123624,-10.323726,-2.382352,-0.670410,3.035931,-1.202400
-4.047604,-10.296789,-2.397915,-0.695844,2.991189,-1.307063
-3.979964,-10.262072,-2.470344,-0.725006,2.905967,-1.376040
-3.853065,-10.111229,-2.590658,-0.746045,2.755762,-1.408931
-3.735744,-9.903522,-2.622982,-0.750573,2.526461,-1.411594
-3.617823,-9.673666,-2.682840,-0.732064,2.213135,-1.389356
-3.372405,-9.093641,-2.699600,-0.638452,1.375825,-1.295079
-3.264660,-8.796146,-2.631362,-0.587452,0.905636,-1.235157
-3.153923,-8.446575,-2.532596,-0.548835,0.439443,-1.172305
-3.025827,-8.159257,-2.436224,-0.533788,0.003876,-1.108921
-2.974349,-8.116158,-2.362599,-0.541112,-0.390943,-1.037547
-2.908505,-8.019189,-2.275805,-0.566679,-0.750875,-0.950993
-2.809739,-7.900071,-2.185419,-0.637387,-1.394438,-0.717031
-2.711572,-7.711518,-2.120772,-0.664818,-1.693648,-0.572286
-2.646326,-7.666026,-2.119575,-0.666549,-1.993125,-0.414625
-2.618792,-7.717504,-2.179433,-0.633126,-2.304853,-0.248174
-2.611010,-7.797714,-2.172849,-0.555893,-2.638020,-0.077330
-2.624179,-7.925211,-2.218940,-0.429124,-2.984369,0.086057
-2.712170,-8.056899,-2.210559,-0.257348,-3.325525,0.223745
-2.960581,-8.307106,-2.141722,0.175689,-3.875610,0.358769
-3.216774,-8.627946,-2.074682,0.399797,-4.020621,0.329341
-3.491523,-8.969136,-2.031584,0.608193,-4.059637,0.235596
-3.722575,-9.215752,-1.942994,0.783698,-3.979075,0.079666
-3.945247,-9.504867,-1.897502,0.919521,-3.788390,-0.122471
-4.150560,-9.798770,-1.920846,1.025117,-3.525798,-0.352971
-4.264290,-10.086088,-2.050738,1.115000,-3.238705,-0.586002
-4.336719,-10.489532,-2.267425,1.312210,-2.788757,-0.966040
-4.312776,-10.632593,-2.324290,1.427660,-2.661456,-1.089746
-4.243939,-10.583509,-2.333867,1.544042,-2.591946,-1.161520
-4.130807,-10.453019,-2.215947,1.642048,-2.530693,-1.190282
-4.076336,-10.289606,-2.114786,1.705964,-2.437081,-1.183225
-4.054189,-10.226755,-1.934614,1.721544,-2.277156,-1.147671
-3.873417,-9.630569,-1.620359,1.597838,-1.687257,-1.013179
-3.748912,-9.271420,-1.473706,1.489846,-1.288975,-0.925693
-3.681871,-9.049346,-1.377335,1.368936,-0.852343,-0.828752
-3.572930,-8.854209,-1.366560,1.238706,-0.395338,-0.715167
-3.437650,-8.628544,-1.371349,1.110339,0.048485,-0.581208
-3.330504,-8.462138,-1.389905,0.997286,0.455023,-0.430204
-3.225154,-8.307106,-1.408461,0.901411,0.811758,-0.268548
-2.945617,-7.768383,-1.389905,0.754935,1.373428,0.074739
-2.969560,-7.888100,-1.421630,0.692084,1.588348,0.248113
-3.058150,-8.225699,-1.467122,0.599937,1.802603,0.429477
-3.028221,-8.215523,-1.425820,0.464113,2.039361,0.610042
-2.965968,-8.038343,-1.374940,0.301392,2.288104,0.766772
-3.031214,-8.202354,-1.395891,0.131080,2.530322,0.886216
-3.291596,-8.732697,-1.457545,-0.270664,3.061631,0.999402
-3.307160,-8.717732,-1.573071,-0.471869,3.315567,0.978363
-3.411911,-8.858399,-1.722117,-0.628598,3.506253,0.899399
-3.554374,-9.065508,-1.878347,-0.733528,3.626896,0.766239
-3.680674,-9.312123,-2.037570,-0.785594,3.674700,0.587938
-3.744722,-9.386946,-2.169257,-0.779202,3.650065,0.381273
-3.838101,-9.569513,-2.281192,-0.729134,3.571102,0.154502
-4.011091,-9.856234,-2.359606,-0.584922,3.365236,-0.317817
-4.064963,-9.959788,-2.354219,-0.527530,3.279881,-0.549116
-4.049400,-9.981337,-2.299149,-0.495971,3.226483,-0.766567
-4.010492,-10.002287,-2.318304,-0.489180,3.192128,-0.959915
-3.966197,-9.995703,-2.330276,-0.502096,3.158572,-1.121172
-3.894966,-9.999294,-2.411683,-0.526331,3.097718,-1.248207
-3.816552,-9.921479,-2.520026,-0.543376,2.969484,-1.330633
-3.557965,-9.527014,-2.657101,-0.536318,2.454554,-1.381766
-3.443038,-9.296560,-2.685234,-0.511284,2.064528,-1.353137
-3.319730,-9.018220,-2.681643,-0.481057,1.608322,-1.300938
-3.188641,-8.708754,-2.617594,-0.456422,1.125883,-1.235157
-3.148536,-8.559109,-2.586468,-0.443772,0.634922,-1.159655
-3.048573,-8.323268,-2.493688,-0.445902,0.157410,-1.078827
-2.907308,-7.968309,-2.265030,-0.506091,-0.678569,-0.906917
-2.860020,-7.880917,-2.205172,-0.551498,-1.034639,-0.812773
-2.866005,-7.971302,-2.202778,-0.599836,-1.357685,-0.709574
-2.820513,-7.927606,-2.209961,-0.635522,-1.670079,-0.590662
-2.763648,-7.818066,-2.126758,-0.648705,-1.974084,-0.462429
-2.706783,-7.762397,-2.111195,-0.633791,-2.266370,-0.332598
-2.688227,-7.773172,-2.107005,-0.582392,-2.562917,-0.202367
-2.733719,-7.939578,-2.149504,-0.352424,-3.167864,0.032926
-2.788789,-7.978485,-2.142321,-0.180781,-3.449497,0.113755
-2.911498,-8.195770,-2.126758,0.015763,-3.687721,0.154901
-3.103642,-8.487279,-2.082463,0.223760,-3.864158,0.152504
-3.293392,-8.718331,-2.050140,0.428560,-3.962163,0.099640
-3.522649,-9.053536,-2.013626,0.617381,-3.970952,-0.001562
-3.965000,-9.695814,-1.985493,0.911798,-3.729400,-0.314222
-4.108061,-9.951407,-2.062710,1.020057,-3.515145,-0.495586
-4.179891,-10.100454,-2.035774,1.105146,-3.273460,-0.670958
-4.227179,-10.266860,-2.101618,1.179849,-3.035236,-0.820496
-4.237953,-10.375802,-2.134540,1.257082,-2.826308,-0.935547
-4.226580,-10.387774,-2.127955,1.332051,-2.645344,-1.009850
-4.140384,-10.291402,-2.148906,1.402226,-2.488747,-1.045271
-4.032640,-10.100454,-2.001056,1.500232,-2.162771,-1.016375
-3.971585,-9.921479,-1.866974,1.507156,-1.947585,-0.960847
-3.839298,-9.580886,-1.739476,1.485984,-1.683928,-0.888009
-3.773454,-9.318707,-1.647295,1.444704,-1.373398,-0.804517
-3.659125,-9.038572,-1.522191,1.383850,-1.022388,-0.716765
-3.532825,-8.696184,-1.459340,1.307683,-0.632363,-0.622621
-3.436453,-8.521996,-1.394694,1.217799,-0.225026,-0.518623
-3.311350,-8.417844,-1.341420,0.989164,0.604961,-0.243514
-3.205401,-8.234079,-1.364166,0.865591,0.985399,-0.076931
-3.051566,-7.959929,-1.349800,0.755335,1.312574,0.092316
-2.952201,-7.801904,-1.409060,0.650804,1.599267,0.259432
-3.029418,-8.094011,-1.412651,0.543610,1.851472,0.422020
-3.137761,-8.450766,-1.409658,0.399797,2.106740,0.587805
-3.134768,-8.469920,-1.454552,-0.006341,2.662817,0.871569
-3.170084,-8.550729,-1.461735,-0.217932,2.919150,0.950799
-3.332899,-8.857202,-1.555712,-0.424064,3.157373,0.978230
-3.475361,-9.069099,-1.659266,-0.617413,3.376421,0.948935
-3.498706,-9.078078,-1.770004,-0.784928,3.556720,0.862913
-3.550184,-9.125965,-1.929226,-0.891856,3.653528,0.730819
-3.714195,-9.385749,-2.089047,-0.933402,3.672436,0.552650
-3.936268,-9.735919,-2.300945,-0.869352,3.561115,0.106031
-3.951831,-9.707187,-2.343444,-0.789589,3.454054,-0.132325
-3.860248,-9.516239,-2.324290,-0.707429,3.353252,-0.368817
-3.818348,-9.495888,-2.334466,-0.629797,3.237935,-0.580276
-3.817151,-9.541979,-2.320698,-0.564149,3.112898,-0.762172
-3.723173,-9.462367,-2.354219,-0.518475,2.991456,-0.912377
-3.608246,-9.398918,-2.399711,-0.482788,2.674668,-1.074033
-3.539409,-9.343848,-2.431436,-0.487448,2.472664,-1.093874
-3.493917,-9.276807,-2.478724,-0.497036,2.218728,-1.072968
-3.430467,-9.125965,-2.502068,-0.503295,1.911927,-1.026362
-3.340081,-8.963151,-2.488301,-0.505558,1.565311,-0.967638
-3.267055,-8.728507,-2.503265,-0.498234,1.180745,-0.901724
-3.251492,-8.701571,-2.566116,-0.478793,0.766750,-0.838606
-3.174275,-8.443583,-2.458372,-0.432853,-0.076153,-0.715699
-3.204802,-8.523193,-2.417070,-0.417939,-0.453795,-0.666164
-3.204204,-8.471716,-2.340451,-0.415941,-0.791089,-0.617028
-3.174275,-8.381330,-2.253059,-0.422999,-1.080446,-0.570422
-3.152726,-8.401682,-2.247073,-0.435915,-1.326260,-0.523416
-3.115015,-8.350204,-2.216545,-0.445902,-1.548637,-0.468821
-3.086283,-8.335239,-2.178236,-0.414610,-1.966094,-0.332065
-3.081495,-8.395696,-2.230313,-0.364275,-2.177552,-0.254566
-3.095860,-8.481293,-2.210559,-0.283714,-2.395402,-0.173472
-3.142550,-8.577664,-2.237495,-0.173057,-2.610988,-0.094508
-3.149134,-8.560306,-2.245876,-0.038566,-2.813525,-0.028993
-3.243111,-8.687205,-2.216545,0.114302,-2.988497,0.014684
-3.322723,-8.746465,-2.163870,0.273695,-3.121790,0.033193
-3.515466,-8.966743,-2.050140,0.575302,-3.204882,-0.021536
-3.590288,-9.043361,-2.007042,0.702870,-3.151885,-0.083855
-3.702223,-9.202583,-2.062111,0.815390,-3.047753,-0.164417
-3.846481,-9.452790,-2.093237,0.919920,-2.909001,-0.250305
-3.881797,-9.523422,-2.077076,1.020190,-2.759062,-0.332065
-3.917114,-9.610217,-2.126159,1.122324,-2.613785,-0.405969
-3.886586,-9.598246,-2.130948,1.230317,-2.485019,-0.463494
-3.909332,-9.627576,-2.131547,1.458153,-2.260245,-0.533004
-3.920106,-9.667681,-2.069294,1.556426,-2.140534,-0.546852
-3.896163,-9.628174,-1.992676,1.636322,-1.994191,-0.549516
-3.920106,-9.649723,-1.914262,1.687322,-1.810163,-0.540328
-3.903945,-9.567718,-1.817292,1.703168,-1.584324,-0.516359
-3.829122,-9.370186,-1.727505,1.686922,-1.308816,-0.482669
-3.685463,-9.015826,-1.556909,1.588118,-0.671645,-0.382133
-3.590288,-8.776394,-1.526980,1.513149,-0.315575,-0.318882
-3.458002,-8.520201,-1.443777,1.429391,0.044224,-0.245911
-3.365821,-8.331049,-1.443777,1.344834,0.391505,-0.162686
-3.297582,-8.240065,-1.401278,1.252687,0.727868,-0.072004
-3.177866,-8.061687,-1.383919,1.154282,1.050648,0.029731
-3.091072,-7.907853,-1.384518,1.049086,1.354519,0.136392
-3.016848,-7.842607,-1.294731,0.789157,1.940956,0.345586
-3.022834,-7.906057,-1.254027,0.615250,2.253483,0.434537
-3.084487,-8.077251,-1.246246,0.408053,2.584652,0.503115
-3.138958,-8.216721,-1.218112,0.167965,2.938991,0.544394
-3.174873,-8.363972,-1.325258,-0.087302,3.301053,0.549188
-3.298779,-8.632135,-1.413250,-0.331917,3.639812,0.507509
-3.495713,-9.096634,-1.781975,-0.721943,4.159270,0.279938
-3.535818,-9.242089,-2.004049,-0.812093,4.260871,0.106830
-3.668703,-9.479128,-2.245876,-0.812492,4.228247,-0.089314
-3.781834,-9.683843,-2.480519,-0.744847,4.091491,-0.304102
-3.863840,-9.869402,-2.599637,-0.624870,3.867383,-0.519422
-3.951233,-9.996900,-2.609813,-0.482921,3.595736,-0.727950
-4.048801,-10.233339,-2.634953,-0.358150,3.339936,-0.930354
-4.047006,-10.136968,-2.469146,-0.240303,2.976142,-1.299074
-3.950036,-9.957394,-2.407492,-0.255084,2.869215,-1.460064
-3.875213,-9.985527,-2.466153,-0.304220,2.764817,-1.595355
-3.845284,-10.016054,-2.518230,-0.370800,2.622203,-1.688700
-3.725568,-9.870001,-2.591856,-0.435516,2.409812,-1.738236
-3.623210,-9.758066,-2.680445,-0.489712,2.108205,-1.745160
-3.507684,-9.577294,-2.760057,-0.532057,1.710989,-1.708275
-3.311948,-9.214555,-2.842062,-0.580927,0.694844,-1.537031
-3.227548,-9.018220,-2.737909,-0.604230,0.135039,-1.418652
-3.107832,-8.727310,-2.622982,-0.639251,-0.409586,-1.292283
-3.015651,-8.476504,-2.467949,-0.687322,-0.904275,-1.167645
-2.976743,-8.360380,-2.341050,-0.750040,-1.332651,-1.047002
-2.907906,-8.215523,-2.231510,-0.818751,-1.697643,-0.927957
-2.810338,-8.020386,-2.090843,-0.937929,-2.282882,-0.695060
-2.742698,-7.929401,-2.062710,-0.964694,-2.529894,-0.579743
-2.716959,-7.913240,-2.069294,-0.959101,-2.765188,-0.463627
-2.710374,-7.985070,-2.066900,-0.911031,-3.005275,-0.346979
-2.751677,-8.113765,-2.147110,-0.819417,-3.260809,-0.236190
-2.752874,-8.131124,-2.174644,-0.680531,-3.523135,-0.137785
-2.782204,-8.139503,-2.132744,-0.502096,-3.774807,-0.066677
-3.028820,-8.444779,-2.104012,-0.079313,-4.168029,-0.043641
-3.200014,-8.663261,-2.060316,0.137605,-4.270429,-0.102897
-3.411911,-8.917659,-2.005845,0.336147,-4.285343,-0.209425
-3.614830,-9.169662,-1.969930,0.508056,-4.211972,-0.352572
-3.811165,-9.450396,-1.950775,0.646410,-4.060303,-0.524748
-3.960212,-9.689828,-1.956761,0.755601,-3.843385,-0.711172
-4.154151,-10.128588,-2.031584,0.928443,-3.346165,-1.056589
-4.198447,-10.335697,-2.072287,1.010469,-3.119260,-1.187885
-4.171511,-10.362035,-2.138131,1.096890,-2.923648,-1.282961
-4.175102,-10.402140,-2.165666,1.184376,-2.754002,-1.340220
-4.101477,-10.303972,-2.081266,1.259612,-2.590482,-1.359795
-4.012887,-10.078307,-1.981901,1.313142,-2.404723,-1.348609
-3.941655,-9.870001,-1.877748,1.342970,-2.185675,-1.311591
-3.835108,-9.574901,-1.640112,1.311278,-1.594178,-1.169509
-3.702223,-9.258251,-1.574268,1.256416,-1.231849,-1.067508
-3.629795,-9.036178,-1.509621,1.195295,-0.850878,-0.946066
-3.520853,-8.856604,-1.447369,1.129914,-0.464315,-0.808778
-3.439446,-8.672240,-1.437193,1.065065,-0.082145,-0.655511
-3.334694,-8.445378,-1.430608,1.009670,0.271661,-0.489727
-3.253287,-8.327457,-1.435996,0.969855,0.590313,-0.316619
-3.141353,-8.195171,-1.512015,0.913396,1.118160,0.034924
-3.092269,-8.147285,-1.488072,0.889294,1.338407,0.208565
-3.057551,-8.099998,-1.501241,0.856270,1.548001,0.370620
-3.046777,-8.070666,-1.463530,0.805536,1.759592,0.515365
-3.047974,-8.070068,-1.429411,0.735893,1.982236,0.641468
-3.048573,-8.094011,-1.440186,0.641749,2.222723,0.743202
-3.113818,-8.259219,-1.421031,0.385016,2.727666,0.870637
-3.186845,-8.447773,-1.427616,0.227488,2.991056,0.893274
-3.258675,-8.614777,-1.471910,0.054247,3.252050,0.888214
-3.311948,-8.778190,-1.537156,-0.121391,3.497464,0.850130
-3.362828,-8.865582,-1.643703,-0.279186,3.710254,0.777957
-3.414904,-8.985298,-1.793348,-0.406088,3.870046,0.673693
-3.494515,-9.173253,-1.884931,-0.494506,3.968052,0.540932
-3.703420,-9.490500,-2.127357,-0.558423,3.986161,0.205236
-3.751307,-9.604830,-2.214151,-0.546705,3.932232,0.014817
-3.831517,-9.715567,-2.309325,-0.508754,3.842881,-0.184124
-3.924895,-9.917289,-2.433830,-0.450430,3.727165,-0.390123
-4.020070,-10.113025,-2.468548,-0.387578,3.601329,-0.594923
-4.006901,-10.101652,-2.500273,-0.326458,3.471365,-0.793065
-3.953627,-10.057357,-2.475731,-0.240303,3.191329,-1.148603
-3.861446,-9.982534,-2.514040,-0.218465,3.027009,-1.289087
-3.815953,-9.902923,-2.573898,-0.203285,2.822076,-1.392552
-3.730356,-9.817924,-2.602031,-0.195695,2.569072,-1.455271
-3.590887,-9.550359,-2.617594,-0.196494,2.264135,-1.481903
-3.483741,-9.337862,-2.605024,-0.203951,1.909397,-1.473247
-3.365222,-9.099627,-2.611010,-0.225256,1.514577,-1.432633
-3.168887,-8.725514,-2.586468,-0.297828,0.634389,-1.276170
-3.135367,-8.665656,-2.582877,-0.354155,0.177917,-1.166979
-3.053960,-8.548334,-2.506258,-0.417539,-0.276825,-1.039279
-3.012059,-8.442984,-2.430837,-0.487715,-0.717984,-0.897197
-2.900723,-8.202953,-2.356014,-0.558556,-1.134509,-0.749389
-2.856428,-8.141299,-2.271016,-0.618877,-1.521739,-0.601981
-2.820513,-8.058097,-2.203975,-0.666282,-1.878475,-0.454573
-2.718156,-7.900670,-2.123765,-0.682794,-2.516844,-0.175070
-2.718156,-7.916233,-2.111195,-0.644844,-2.802206,-0.052829
-2.745092,-7.996443,-2.119575,-0.570807,-3.067461,0.057827
-2.853435,-8.262811,-2.175243,-0.463346,-3.314873,0.153836
-2.924068,-8.395696,-2.184820,-0.324727,-3.544041,0.229604
-3.030017,-8.517807,-2.180032,-0.158676,-3.737523,0.273547
-3.314342,-8.818892,-2.114786,0.212041,-3.969887,0.240923
-3.477755,-9.030191,-2.065104,0.403259,-3.998783,0.156632
-3.683667,-9.327088,-2.069294,0.584623,-3.958968,0.031595
-3.847678,-9.555746,-2.101618,0.752538,-3.862027,-0.124602
-4.001513,-9.779016,-2.121969,0.898748,-3.715152,-0.303036
-4.089505,-9.905916,-2.088449,1.024451,-3.534187,-0.485066
-4.181088,-10.129785,-2.120174,1.133110,-3.341904,-0.654046
-4.218200,-10.329112,-2.128554,1.311544,-2.970520,-0.915573
-4.161933,-10.221368,-2.069893,1.375062,-2.790222,-0.993471
-4.067956,-10.071124,-2.024999,1.419803,-2.601800,-1.036349
-3.982957,-9.948415,-1.963345,1.444172,-2.395535,-1.046602
-3.909931,-9.722750,-1.841235,1.450297,-2.164369,-1.027960
-3.814756,-9.498282,-1.725110,1.438313,-1.906305,-0.987612
-3.671695,-9.114592,-1.581451,1.371866,-1.309615,-0.851789
-3.617224,-8.953573,-1.528776,1.317670,-0.976581,-0.754849
-3.547789,-8.812308,-1.468918,1.251489,-0.626770,-0.640730
-3.489128,-8.699177,-1.425221,1.171859,-0.260979,-0.507437
-3.392757,-8.487279,-1.384518,1.079579,0.110404,-0.356833
-3.283216,-8.314888,-1.345610,0.977845,0.478991,-0.195843
-3.194626,-8.146088,-1.294731,0.869985,0.838790,-0.031656
-3.055157,-7.950352,-1.284555,0.612720,1.542940,0.289659
-3.076107,-8.080843,-1.295329,0.460252,1.883963,0.438932
-3.094065,-8.146088,-1.279167,0.284347,2.226185,0.572358
-3.063537,-8.196368,-1.347406,0.098722,2.546169,0.682348
-3.060544,-8.204150,-1.413250,-0.075717,2.820611,0.762111
-3.116811,-8.374147,-1.522790,-0.233645,3.041924,0.809250
-3.216175,-8.528581,-1.770602,-0.466809,3.301053,0.786346
-3.274238,-8.559708,-1.846622,-0.527663,3.337139,0.713108
-3.418496,-8.730902,-1.923839,-0.551632,3.320761,0.603118
-3.515466,-8.859596,-2.011232,-0.546172,3.278815,0.454778
-3.602859,-8.967939,-2.035175,-0.521271,3.227682,0.277408
-3.712399,-9.179837,-2.080667,-0.487182,3.180410,0.082196
-3.838700,-9.403108,-2.083660,-0.455890,3.156441,-0.122604
-3.908135,-9.665286,-2.108801,-0.442440,3.196256,-0.526346
-3.911726,-9.746694,-2.147708,-0.458819,3.225551,-0.700786
-3.881797,-9.825108,-2.196792,-0.486117,3.245925,-0.849925
-3.840495,-9.835283,-2.282988,-0.512616,3.219293,-0.960448
-3.813559,-9.909507,-2.408091,-0.530193,3.127412,-1.032354
-3.748912,-9.913098,-2.515237,-0.540846,2.963093,-1.068973
-3.728561,-9.888556,-2.619989,-0.534454,2.719010,-1.074965
-3.623210,-9.583281,-2.669671,-0.494905,2.055873,-1.039279
-3.578317,-9.397122,-2.634355,-0.476929,1.686620,-1.017041
-3.556768,-9.345045,-2.634953,-0.469472,1.321229,-0.999464
-3.570535,-9.308532,-2.606820,-0.472668,0.964360,-0.983484
-3.520853,-9.133746,-2.532596,-0.488114,0.624003,-0.970435
-3.407721,-8.878152,-2.443407,-0.515279,0.304685,-0.958450
-3.203605,-8.465132,-2.327881,-0.589982,-0.285747,-0.916239
-3.146141,-8.410661,-2.370979,-0.625535,-0.581629,-0.872296
-3.095262,-8.372352,-2.351226,-0.647906,-0.894555,-0.802120
-3.010263,-8.286156,-2.315910,-0.657094,-1.222129,-0.704780
-2.930652,-8.212530,-2.294361,-0.650170,-1.560488,-0.584270
-2.849844,-8.101194,-2.235101,-0.621141,-1.904174,-0.446716
-2.807344,-8.104786,-2.235700,-0.569608,-2.245863,-0.301172
-2.794176,-8.065279,-2.190806,-0.383450,-2.883434,-0.019539
-2.834281,-8.124539,-2.123167,-0.255617,-3.149754,0.092715
-2.916885,-8.205347,-2.068097,-0.111671,-3.366139,0.170614
-3.022235,-8.281367,-2.038767,0.045725,-3.523668,0.210029
-3.165895,-8.466329,-1.997465,0.205650,-3.611021,0.205102
-3.322124,-8.653086,-1.986690,0.363311,-3.628597,0.155034
-3.715990,-9.191809,-2.007640,0.653733,-3.483320,-0.058954
-3.826129,-9.361207,-2.015422,0.792087,-3.349494,-0.204232
-3.923099,-9.546168,-2.036372,0.925779,-3.202619,-0.358564
-3.997922,-9.739511,-2.097428,1.057608,-3.060270,-0.506904
-4.054189,-9.899331,-2.139927,1.190369,-2.932969,-0.638333
-4.105667,-10.124398,-2.190208,1.316072,-2.825775,-0.742598
-4.143976,-10.269255,-2.211158,1.428459,-2.724041,-0.813838
-4.070949,-10.139362,-1.986091,1.568010,-2.451596,-0.861643
-4.012887,-9.983132,-1.859192,1.579329,-2.244399,-0.843933
-3.941655,-9.759862,-1.758032,1.552697,-1.975548,-0.802919
-3.888382,-9.586872,-1.674231,1.493973,-1.652369,-0.741000
-3.824932,-9.404903,-1.586239,1.413278,-1.285912,-0.661636
-3.718983,-9.112796,-1.510818,1.317403,-0.890294,-0.568957
-3.451418,-8.589038,-1.436594,1.140433,-0.114104,-0.351773
-3.390362,-8.465730,-1.436594,1.067861,0.235708,-0.231663
-3.299378,-8.299923,-1.461136,1.001414,0.559953,-0.106625
-3.230541,-8.177813,-1.479692,0.938296,0.857832,0.021475
-3.176070,-8.116757,-1.455749,0.870252,1.138134,0.148376
-3.119205,-8.041935,-1.401278,0.788358,1.416039,0.272881
-3.059946,-7.955141,-1.360574,0.689420,1.692479,0.388064
-3.080297,-8.086229,-1.352194,0.430025,2.247757,0.575820
-3.094663,-8.166440,-1.458742,0.267170,2.529390,0.639604
-3.107832,-8.162250,-1.430608,0.103117,2.790384,0.674492
-3.147937,-8.319676,-1.538353,-0.050417,3.011696,0.677022
-3.228147,-8.471716,-1.622154,-0.183977,3.186003,0.647327
-3.316737,-8.621960,-1.726906,-0.290105,3.313170,0.584076
-3.398742,-8.753648,-1.966937,-0.389576,3.393200,0.354242
-3.524445,-8.928433,-2.058520,-0.383584,3.358711,0.195249
-3.646555,-9.115788,-2.148906,-0.351625,3.295727,0.015083
-3.706413,-9.239696,-2.185419,-0.304620,3.213700,-0.176268
-3.789017,-9.410890,-2.185419,-0.261343,3.132073,-0.371481
-3.885987,-9.614407,-2.250066,-0.236708,3.067357,-0.559103
-3.966197,-9.863417,-2.278798,-0.233246,3.021816,-0.738736
-4.023661,-10.146545,-2.324888,-0.308082,2.988526,-1.047401
-4.009893,-10.173481,-2.356613,-0.366006,2.957633,-1.168177
-3.992535,-10.215981,-2.428443,-0.422999,2.886526,-1.265384
-3.900952,-10.111229,-2.520624,-0.468140,2.755230,-1.339421
-3.821939,-9.970563,-2.645129,-0.496370,2.549631,-1.388557
-3.729758,-9.823910,-2.694811,-0.503161,2.260940,-1.412260
-3.660322,-9.711975,-2.748085,-0.495971,1.901008,-1.415988
-3.538810,-9.419868,-2.721149,-0.482655,1.048917,-1.358596
-3.413108,-9.117584,-2.619390,-0.494240,0.612817,-1.313588
-3.311948,-8.821287,-2.511047,-0.526864,0.198024,-1.260457
-3.221563,-8.645305,-2.438619,-0.581193,-0.183080,-1.198804
-3.144346,-8.504039,-2.374571,-0.648705,-0.534756,-1.127031
-3.025228,-8.289148,-2.293164,-0.721810,-0.864194,-1.039279
-2.864808,-8.069469,-2.210559,-0.853505,-1.486185,-0.807447
-2.784000,-7.987464,-2.200383,-0.887861,-1.805769,-0.661237
-2.725938,-7.939578,-2.214151,-0.889858,-2.134808,-0.502377
-2.690023,-7.985070,-2.245277,-0.855237,-2.477961,-0.334063
-2.639742,-7.948556,-2.175842,-0.774941,-2.830436,-0.164816
-2.606820,-7.862360,-2.141722,-0.652167,-3.174255,-0.008886
-2.617594,-7.861762,-2.087850,-0.498234,-3.484518,0.121078
-2.857027,-8.221509,-2.097428,-0.107410,-3.970819,0.258899
-3.055157,-8.383724,-2.015422,0.107378,-4.110770,0.247980
-3.254484,-8.616572,-1.965740,0.308849,-4.156711,0.180335
-3.471769,-8.870970,-1.930423,0.494474,-4.106775,0.058094
-3.662118,-9.064910,-1.889121,0.655598,-3.971219,-0.107158
-3.847678,-9.358214,-1.911269,0.793019,-3.770679,-0.300373
-4.163130,-9.994506,-2.097428,1.035370,-3.312076,-0.707710
-4.203834,-10.152531,-2.151300,1.154548,-3.109273,-0.885612
-4.227777,-10.336894,-2.211756,1.274392,-2.946552,-1.029558
-4.190066,-10.381787,-2.195595,1.388378,-2.813525,-1.130626
-4.140384,-10.368619,-2.140525,1.483321,-2.689819,-1.191614
-4.088906,-10.251297,-2.057323,1.550167,-2.549468,-1.210656
-4.048203,-10.174080,-1.960353,1.579595,-2.362512,-1.192279
-3.869227,-9.704194,-1.659865,1.507290,-1.793918,-1.065911
-3.791412,-9.430044,-1.546733,1.426728,-1.427195,-0.966573
-3.656132,-9.132549,-1.450960,1.331385,-1.021323,-0.849259
-3.567542,-8.887131,-1.389905,1.231115,-0.600671,-0.717830
-3.468776,-8.670444,-1.416841,1.133909,-0.183480,-0.578944
-3.415503,-8.599214,-1.410855,1.044824,0.216932,-0.430737
-3.323321,-8.420836,-1.398884,0.967192,0.587517,-0.275073
-3.037200,-7.869544,-1.398884,0.859865,1.207377,0.028799
-3.035404,-7.892290,-1.409658,0.833100,1.444802,0.172345
