0,113095.00,-6.944736,-1.813700,7.679793,-0.022130,-0.112350,-0.015698,45.532242,-28.019840,-84.633507
0,113119.00,-6.789105,-1.702364,7.423601,-0.013075,-0.044172,-0.008241,45.532242,-28.019840,-84.633507
0,113143.00,-6.542490,-1.959754,7.054875,0.015688,0.009625,0.001879,45.532242,-28.019840,-84.633507
0,113167.00,-6.391647,-2.066301,7.017763,0.005301,0.002168,0.022386,45.532242,-28.019840,-84.633507
0,113191.00,-6.450308,-1.934614,7.088395,0.026340,-0.063880,0.165932,32.047691,26.793972,-72.277016
0,113215.00,-6.367704,-1.710744,7.050086,0.046048,-0.060950,0.249024,32.047691,26.793972,-72.277016
0,113239.00,-6.322212,-1.185190,7.050086,0.032998,-0.050031,0.265270,32.047691,26.793972,-72.277016
0,113263.00,-6.316226,-0.968504,6.981848,0.023677,-0.040710,0.191765,32.047691,26.793972,-72.277016
0,113287.00,-6.576010,-1.170824,7.003397,0.024476,-0.035650,0.084438,32.047691,26.793972,-72.277016
0,113311.00,-7.251209,-1.272583,7.570851,0.022878,0.031463,0.001879,52.537201,-10.507441,-82.602303
0,113335.00,-7.446347,-1.252231,7.812678,0.052972,0.081798,0.032239,52.537201,-10.507441,-82.602303
0,113359.00,-7.566063,-1.191176,7.945563,0.103307,0.094847,0.075916,52.537201,-10.507441,-82.602303
0,113383.00,-7.713314,-1.172022,8.150278,0.139526,0.119615,0.093493,52.537201,-10.507441,-82.602303
0,113407.00,-7.934789,-1.264203,8.304711,0.175480,0.207501,0.087900,52.537201,-10.507441,-82.602303
0,113431.00,-8.050914,-1.977711,8.218516,0.184268,0.482343,0.129446,-3.152232,44.131248,-63.982933
0,113455.00,-7.781552,-2.071090,8.086828,0.176545,0.553184,0.203483,-3.152232,44.131248,-63.982933
0,113479.00,-7.361348,-2.229115,7.823452,0.199981,0.577419,0.313473,-3.152232,44.131248,-63.982933
0,113503.00,-6.684952,-1.808912,7.273955,0.230075,0.585942,0.446367,-3.152232,44.131248,-63.982933
0,113527.00,-6.152215,-1.759828,6.693332,0.309971,0.493529,0.494039,-3.152232,44.131248,-63.982933
0,113551.00,-6.295874,-2.567912,6.766359,0.373888,0.334802,0.501495,56.214806,6.479588,-42.824554
0,113575.00,-5.642224,-2.660094,6.304255,0.355778,0.380076,0.598436,56.214806,6.479588,-42.824554
0,113599.00,-4.813788,-2.116582,5.977429,0.338734,0.320420,0.694311,56.214806,6.479588,-42.824554
0,113623.00,-4.351683,-2.225524,5.852924,0.401585,0.190456,0.762223,56.214806,6.479588,-42.824554
0,113647.00,-4.267882,-2.518829,5.717645,0.462839,0.114821,0.847712,56.214806,6.479588,-42.824554
0,113671.00,-2.697206,-2.001655,5.475818,0.304911,0.040784,0.933200,69.699356,0.000000,-114.424500
0,113695.00,-2.192003,-1.541945,5.540465,0.188529,-0.074000,0.787257,69.699356,0.000000,-114.424500
0,113719.00,-2.255453,-1.132515,5.933134,0.052706,-0.221275,0.521736,69.699356,0.000000,-114.424500
0,113743.00,-2.259044,-1.381525,6.081582,-0.038908,-0.319281,0.254883,69.699356,0.000000,-114.424500
0,113767.00,-2.111794,-1.266597,6.795091,-0.131321,-0.438858,0.124120,69.699356,0.000000,-114.424500
0,113791.00,-1.908276,-1.853207,7.901268,-0.129457,-0.835675,0.124919,69.524231,3.327356,-65.844872
0,113815.00,-1.940599,-1.764617,8.344218,-0.155556,-1.055656,0.197092,69.524231,3.327356,-65.844872
0,113839.00,-2.254256,-1.989683,9.200189,-0.195238,-1.281495,0.206146,69.524231,3.327356,-65.844872
0,113863.00,-2.693614,-1.399482,9.834684,-0.311087,-1.479105,0.151018,69.524231,3.327356,-65.844872
0,113887.00,-3.050368,-0.902660,10.405731,-0.403767,-1.642625,0.005075,69.524231,3.327356,-65.844872
0,113911.00,-3.320927,-1.205542,10.740936,-0.460493,-1.849290,-0.338478,-21.890501,50.961086,-43.501621
0,113935.00,-3.283815,-0.942166,10.821146,-0.522812,-2.004288,-0.486286,-21.890501,50.961086,-43.501621
0,113959.00,-3.790215,-0.797310,11.109662,-0.535329,-2.194707,-0.641284,-21.890501,50.961086,-43.501621
0,113983.00,-4.457034,-0.779352,11.655568,-0.514822,-2.309225,-0.780836,-21.890501,50.961086,-43.501621
0,114007.00,-4.633017,-0.764986,11.730989,-0.467417,-2.329199,-0.853009,-21.890501,50.961086,-43.501621
0,114031.00,-5.159768,-0.401049,11.971619,-0.396842,-2.407231,-0.960070,-21.890501,50.961086,-43.501621
0,114055.00,-5.759546,-0.560272,12.272106,-0.344377,-2.384327,-1.037036,36.425793,20.664633,-23.020313
0,114079.00,-6.670586,-0.238235,12.693507,-0.310022,-2.228263,-1.157146,36.425793,20.664633,-23.020313
0,114103.00,-7.214097,-0.355557,12.543862,-0.229061,-1.938507,-1.300693,36.425793,20.664633,-23.020313
0,114127.00,-7.396066,-0.544709,12.042251,-0.172601,-1.578176,-1.414944,36.425793,20.664633,-23.020313
0,114151.00,-7.809087,-0.193940,11.778875,-0.142240,-1.032486,-1.536120,36.425793,20.664633,-23.020313
0,114175.00,-8.352598,-0.199926,11.638807,-0.083117,-0.778150,-1.565415,-19.613888,32.923313,-46.717697
0,114199.00,-8.926039,-0.011972,11.764509,-0.017336,-0.466289,-1.564616,-19.613888,32.923313,-46.717697
0,114223.00,-9.725743,0.243024,12.144010,0.080137,-0.119540,-1.533723,-19.613888,32.923313,-46.717697
0,114247.00,-11.006706,0.128096,12.852730,0.225015,0.246117,-1.422668,-19.613888,32.923313,-46.717697
0,114271.00,-12.610903,-0.569849,13.806868,0.347789,1.223246,-0.754204,-19.613888,32.923313,-46.717697
0,114295.00,-12.209854,-0.519568,14.221086,0.409309,1.662141,-0.243402,-12.258680,5.603968,-63.982933
0,114319.00,-11.821973,-1.142092,14.704739,0.543534,2.002232,0.331583,-12.258680,5.603968,-63.982933
0,114343.00,-10.928890,-1.462932,14.992058,0.623164,2.338861,0.931336,-12.258680,5.603968,-63.982933
0,114367.00,-9.572506,-1.659266,14.942974,0.663378,2.662174,1.450394,-12.258680,5.603968,-63.982933
0,114391.00,-5.594337,-1.626943,13.809262,0.628224,2.990280,2.133505,-12.258680,5.603968,-63.982933
0,114415.00,-4.255910,-0.715903,13.338778,0.645002,2.919705,2.319397,-3.327356,1.926364,-91.234917
0,114439.00,-3.267055,-0.481259,12.738999,0.779494,2.808383,2.409946,-3.327356,1.926364,-91.234917
0,114463.00,-2.114188,-0.592595,11.707046,0.880163,2.752190,2.388640,-3.327356,1.926364,-91.234917
0,114487.00,-1.051108,-0.560272,10.643966,0.885756,2.688806,2.268530,-3.327356,1.926364,-91.234917
0,114511.00,0.446541,-0.427387,8.946390,0.772569,2.306370,1.793681,-3.327356,1.926364,-91.234917
0,114535.00,0.726677,-0.843999,8.541750,0.747802,2.050703,1.565178,-3.327356,1.926364,-91.234917
0,114559.00,1.083431,-1.571874,7.860565,0.690809,1.828059,1.368368,32.047691,-81.432663,-55.688847
0,114583.00,1.989683,-1.897502,6.996214,0.539273,1.602752,1.183009,32.047691,-81.432663,-55.688847
0,114607.00,2.785796,-1.988486,6.220453,0.362969,1.282902,0.958235,32.047691,-81.432663,-55.688847
0,114631.00,2.670868,-2.436224,5.741588,0.044983,0.519628,0.479924,32.047691,-81.432663,-55.688847
0,114655.00,2.900723,-2.411084,5.350116,-0.124130,0.210697,0.284977,32.047691,-81.432663,-55.688847
0,114679.00,3.172479,-2.192003,5.080755,-0.303098,-0.141911,0.087368,17.687525,12.083556,-23.866650
0,114703.00,3.137761,-2.369183,5.248358,-0.464488,-0.553110,-0.123824,17.687525,12.083556,-23.866650
0,114727.00,2.860020,-2.431436,5.826587,-0.625611,-0.973629,-0.288144,17.687525,12.083556,-23.866650
0,114751.00,2.315311,-2.321297,7.512191,-0.928417,-1.752616,-0.447670,17.687525,12.083556,-23.866650
0,114775.00,2.391929,-2.171652,8.259219,-1.056784,-2.108686,-0.535821,17.687525,12.083556,-23.866650
0,114799.00,1.801729,-2.184820,9.608421,-1.199531,-2.499644,-0.675373,59.367039,62.519268,-53.996178
0,114823.00,1.254626,-2.018415,10.975580,-1.343078,-2.808042,-0.807468,59.367039,62.519268,-53.996178
0,114847.00,0.879914,-1.654478,12.431329,-1.461324,-3.033083,-0.932905,59.367039,62.519268,-53.996178
0,114871.00,-0.260981,-1.137304,15.044733,-1.550808,-3.311388,-1.328124,59.367039,62.519268,-53.996178
0,114895.00,-1.306104,-1.260611,16.234713,-1.534296,-3.332959,-1.578199,59.367039,62.519268,-53.996178
0,114919.00,-2.564321,-1.241457,17.306171,-1.483695,-3.267711,-1.788592,-30.646700,-4.378100,-94.620262
0,114943.00,-4.200841,-1.176810,17.952639,-1.391016,-3.107919,-1.960368,-30.646700,-4.378100,-94.620262
0,114967.00,-5.746377,-1.479692,17.977779,-1.275166,-2.839735,-2.079679,-30.646700,-4.378100,-94.620262
0,114991.00,-7.250012,-1.575465,16.352034,-1.112977,-2.148101,-1.917224,-30.646700,-4.378100,-94.620262
0,115015.00,-7.229661,-0.493231,15.285362,-0.968632,-1.879384,-1.678069,-30.646700,-4.378100,-94.620262
0,115039.00,-7.734863,-0.652453,14.189960,-0.705774,-1.690297,-1.484454,-30.646700,-4.378100,-94.620262
0,115063.00,-8.547735,-1.152867,13.138851,-0.535861,-1.440755,-1.335048,67.772987,72.676460,-67.537537
0,115087.00,-8.778788,-0.872731,11.975210,-0.480467,-1.099599,-1.172060,67.772987,72.676460,-67.537537
0,115111.00,-8.791957,0.093379,10.696641,-0.344644,-0.602912,-0.886831,67.772987,72.676460,-67.537537
0,115135.00,-10.098061,-0.039506,11.198252,-0.159285,-0.461762,-0.765123,67.772987,72.676460,-67.537537
0,115159.00,-11.432896,-0.688368,11.541838,0.000241,-0.149635,-0.585357,67.772987,72.676460,-67.537537
0,115183.00,-12.115278,-0.830830,12.020702,0.076142,0.312963,-0.278290,-11.383060,89.138115,-54.673244
0,115207.00,-12.358302,-0.853576,14.550305,0.310504,1.176906,0.474597,-11.383060,89.138115,-54.673244
0,115231.00,-11.849508,-1.088220,15.825282,0.495330,1.618731,0.926542,-11.383060,89.138115,-54.673244
0,115255.00,-10.738542,-1.058291,17.269060,0.653791,2.115418,1.359313,-11.383060,89.138115,-54.673244
0,115279.00,-9.202583,-1.326455,18.402773,0.852732,2.595860,1.691680,-11.383060,89.138115,-54.673244
0,115303.00,-7.445149,-1.898699,18.775089,1.038091,3.044876,1.878104,17.337276,98.594818,-76.677956
0,115327.00,-3.465784,-2.565518,18.121439,1.197883,3.638237,2.004873,17.337276,98.594818,-76.677956
0,115351.00,-1.772997,-3.079100,17.151737,1.288165,3.664336,2.086367,17.337276,98.594818,-76.677956
0,115375.00,-0.465696,-3.487333,15.877957,1.344625,3.558341,2.172122,17.337276,98.594818,-76.677956
0,115399.00,0.531540,-3.010862,14.947762,1.334505,3.345551,2.245626,17.337276,98.594818,-76.677956
0,115423.00,1.374342,-2.929455,13.565041,1.370192,3.126902,2.214200,17.337276,98.594818,-76.677956
0,115447.00,3.537613,-3.508881,9.491099,1.116921,2.711709,1.808595,11.207936,4.903472,-59.243454
0,115471.00,4.589919,-3.232337,7.906057,0.854862,2.352443,1.508186,11.207936,4.903472,-59.243454
0,115495.00,5.102304,-3.077903,6.532912,0.661780,1.857354,1.258377,11.207936,4.903472,-59.243454
0,115519.00,5.147796,-2.840865,5.742785,0.494531,1.276243,1.027744,11.207936,4.903472,-59.243454
0,115543.00,4.609073,-3.115015,5.661378,0.386672,0.658381,0.799774,11.207936,4.903472,-59.243454
0,115567.00,4.161335,-3.647752,5.256738,0.039124,-0.163483,0.249024,33.974056,28.370089,-22.004711
0,115591.00,3.844087,-3.373602,5.517719,-0.184319,-0.417819,-0.030612,33.974056,28.370089,-22.004711
0,115615.00,3.671695,-3.458601,5.614689,-0.352367,-0.659371,-0.280953,33.974056,28.370089,-22.004711
0,115639.00,3.277829,-3.459798,5.994189,-0.518551,-0.958449,-0.473236,33.974056,28.370089,-22.004711
0,115663.00,3.059946,-3.615429,6.717275,-0.691392,-1.273506,-0.633827,33.974056,28.370089,-22.004711
0,115687.00,2.303339,-3.590288,8.424428,-1.054919,-1.911609,-0.858602,4.903472,-60.943153,-109.685028
0,115711.00,2.024401,-3.050368,9.669477,-1.222968,-2.215214,-0.887630,4.903472,-60.943153,-109.685028
0,115735.00,1.668844,-2.672065,11.009100,-1.332159,-2.521215,-0.906539,4.903472,-60.943153,-109.685028
0,115759.00,1.600605,-2.642136,11.926126,-1.421909,-2.797656,-0.955808,4.903472,-60.943153,-109.685028
0,115783.00,1.248640,-2.370380,13.276525,-1.575842,-3.035213,-1.098023,4.903472,-60.943153,-109.685028
0,115806.00,0.169997,-1.756236,15.743876,-1.754276,-3.415785,-1.490047,43.430752,24.167112,-79.216965
0,115830.00,-0.942166,-1.389905,17.188850,-1.727378,-3.579039,-1.665019,43.430752,24.167112,-79.216965
0,115854.00,-2.394324,-1.490466,18.188480,-1.606735,-3.616058,-1.822680,43.430752,24.167112,-79.216965
0,115878.00,-4.260699,-1.790954,18.648190,-1.452536,-3.486094,-1.926812,43.430752,24.167112,-79.216965
0,115902.00,-5.983415,-1.523987,18.268690,-1.334822,-3.171836,-1.991527,43.430752,24.167112,-79.216965
0,115926.00,-7.678596,-0.980476,15.886338,-1.097264,-2.336389,-1.899381,-18.913393,24.167112,-43.332355
0,115950.00,-8.398090,-0.355557,15.250645,-0.949190,-1.965139,-1.702836,-18.913393,24.167112,-43.332355
0,115974.00,-9.334271,0.069435,14.714316,-0.753978,-1.590959,-1.427461,-18.913393,24.167112,-43.332355
0,115998.00,-9.967569,0.954138,14.458123,-0.571016,-1.149667,-1.176321,-18.913393,24.167112,-43.332355
0,116022.00,-10.484743,1.003222,13.973273,-0.350503,-0.616760,-1.006409,-18.913393,24.167112,-43.332355
0,116046.00,-11.106071,0.603370,14.011582,-0.006151,0.420823,-0.631164,-34.324306,50.085464,-92.758324
0,116070.00,-10.870230,0.525554,14.515588,0.177610,0.909254,-0.270034,-34.324306,50.085464,-92.758324
0,116094.00,-10.517067,0.080210,14.722696,0.405847,1.350813,0.144094,-34.324306,50.085464,-92.758324
0,116118.00,-10.546996,-0.319642,15.657680,0.620767,1.736711,0.562749,-34.324306,50.085464,-92.758324
0,116142.00,-10.216579,-0.653650,17.043993,0.814382,2.148975,0.963295,-34.324306,50.085464,-92.758324
0,116166.00,-8.637523,-1.756236,19.391628,1.131303,3.190553,1.458650,22.415873,-0.700496,-89.711517
0,116190.00,-7.297899,-2.840865,19.965069,1.216259,3.655282,1.593675,22.415873,-0.700496,-89.711517
0,116214.00,-5.485395,-3.223957,20.278725,1.246087,4.024135,1.764119,22.415873,-0.700496,-89.711517
0,116238.00,-3.387968,-3.280223,19.783100,1.346756,4.222810,1.981170,22.415873,-0.700496,-89.711517
0,116262.00,-1.784968,-3.468178,18.788258,1.492965,4.212956,2.164398,22.415873,-0.700496,-89.711517
0,116286.00,1.008010,-3.462192,15.871972,1.657285,3.925596,2.241365,22.415873,-0.700496,-89.711517
0,116310.00,2.103413,-3.616626,14.149256,1.645301,3.699757,2.070388,-15.060664,40.278522,-19.634974
0,116334.00,2.953398,-3.779440,12.280486,1.521994,3.415327,1.786224,-15.060664,40.278522,-19.634974
0,116358.00,3.118607,-3.860847,10.894173,1.334771,3.056860,1.519105,-15.060664,40.278522,-19.634974
0,116382.00,3.483741,-3.994929,9.233709,1.152875,2.672560,1.377955,-15.060664,40.278522,-19.634974
0,116406.00,4.735972,-3.597471,5.621872,0.817844,1.660543,1.463710,-15.060664,40.278522,-19.634974
0,116430.00,5.273498,-3.047974,4.345697,0.663911,1.074905,1.451460,33.974056,0.700496,-2.708272
0,116454.00,5.242372,-2.748684,3.816552,0.472427,0.559576,1.230414,33.974056,0.700496,-2.708272
0,116478.00,4.793436,-2.599038,3.927888,0.230075,0.171547,0.868218,33.974056,0.700496,-2.708272
0,116502.00,4.454639,-2.511646,4.210418,-0.027989,-0.145640,0.520404,33.974056,0.700496,-2.708272
0,116526.00,3.802186,-2.512843,4.999348,-0.475407,-0.807978,-0.026085,33.974056,0.700496,-2.708272
0,116550.00,3.640569,-2.521223,5.366877,-0.676212,-1.181892,-0.255919,29.245708,35.900421,-27.590523
0,116574.00,3.129381,-2.633756,6.300663,-0.867963,-1.592557,-0.477497,29.245708,35.900421,-27.590523
0,116598.00,2.415873,-2.956990,7.391277,-1.045865,-1.951823,-0.669781,29.245708,35.900421,-27.590523
0,116622.00,1.820883,-3.125790,8.509426,-1.257056,-2.237052,-0.822116,29.245708,35.900421,-27.590523
0,116646.00,1.158853,-2.776218,11.001918,-1.640025,-2.824022,-1.134509,29.245708,35.900421,-27.590523
0,116670.00,0.357951,-2.786993,12.657592,-1.783039,-3.105788,-1.295633,-15.761161,-0.700496,-53.826912
0,116694.00,-0.349571,-2.557138,14.398266,-1.890898,-3.344145,-1.393106,-15.761161,-0.700496,-53.826912
0,116718.00,-1.771800,-2.005246,16.391541,-1.936439,-3.507665,-1.489780,-15.761161,-0.700496,-53.826912
0,116742.00,-3.262266,-1.710744,17.576731,-1.916199,-3.505269,-1.630131,-15.761161,-0.700496,-53.826912
0,116766.00,-5.972641,-1.144487,18.556009,-1.864000,-3.043736,-1.990196,-15.761161,-0.700496,-53.826912
0,116790.00,-6.616714,-0.518371,18.171721,-1.762266,-2.686068,-2.068494,-15.761161,-0.700496,-53.826912
0,116814.00,-6.852554,-0.174786,17.162512,-1.549210,-2.336922,-2.051450,-34.499428,6.479588,-56.027382
0,116838.00,-6.978256,-0.129293,15.989294,-1.294874,-2.042372,-1.925746,-34.499428,6.479588,-56.027382
0,116862.00,-7.238040,0.043098,15.020790,-1.093536,-1.796026,-1.755834,-34.499428,6.479588,-56.027382
0,116886.00,-8.277177,0.477668,13.493211,-0.737466,-1.255396,-1.415477,-34.499428,6.479588,-56.027382
0,116910.00,-8.225699,0.362740,12.449286,-0.598447,-0.935013,-1.185110,-34.499428,6.479588,-56.027382
0,116934.00,-8.061687,0.849985,12.154784,-0.501506,-0.719027,-0.881505,9.982068,45.707367,-77.355026
0,116958.00,-8.681818,1.375539,12.454075,-0.322273,-0.600781,-0.566981,9.982068,45.707367,-77.355026
0,116982.00,-10.289606,0.991250,13.266948,-0.078590,-0.439924,-0.272697,9.982068,45.707367,-77.355026
0,117006.00,-12.121264,0.691960,15.412262,0.278812,0.470359,0.472200,9.982068,45.707367,-77.355026
0,117030.00,-11.638807,0.815267,16.323301,0.492401,1.073041,0.847712,9.982068,45.707367,-77.355026
0,117054.00,-11.059381,-0.027535,17.230751,0.755259,1.636575,1.176351,-14.710417,56.389931,-52.134239
0,117078.00,-9.783207,-1.108572,17.800600,0.986158,2.209163,1.519371,-14.710417,56.389931,-52.134239
0,117102.00,-7.991055,-1.879544,18.415941,1.147282,2.709845,1.862658,-14.710417,56.389931,-52.134239
0,117126.00,-5.520113,-2.172849,20.040489,1.473524,3.270982,2.251219,-14.710417,56.389931,-52.134239
0,117150.00,-4.225981,-3.049171,19.738804,1.677259,3.568727,2.254681,-14.710417,56.389931,-52.134239
0,117174.00,-2.359606,-3.967394,18.393194,1.793108,3.879523,2.183307,36.250668,29.595957,-57.381519
0,117198.00,-0.225066,-4.259502,16.368793,1.780059,4.027864,2.061333,36.250668,29.595957,-57.381519
0,117222.00,1.438989,-4.242742,14.154044,1.720403,3.920270,1.924711,36.250668,29.595957,-57.381519
0,117246.00,2.238693,-4.583933,11.155154,1.577922,3.228370,1.694077,36.250668,29.595957,-57.381519
0,117270.00,2.640939,-4.617453,9.753278,1.431445,2.894139,1.607257,36.250668,29.595957,-57.381519
0,117294.00,3.443038,-4.181686,8.096406,1.228776,2.543661,1.489277,36.250668,29.595957,-57.381519
0,117318.00,4.038027,-3.719582,6.577207,1.025574,2.147110,1.307380,16.987028,-60.417782,-41.131886
0,117342.00,4.726395,-3.587894,5.135824,0.818643,1.739374,1.059969,16.987028,-60.417782,-41.131886
0,117366.00,5.117867,-3.178465,3.374799,0.360306,0.773165,0.529459,16.987028,-60.417782,-41.131886
0,117390.00,5.273498,-3.458601,2.505660,0.100377,0.309235,0.281515,16.987028,-60.417782,-41.131886
0,117414.00,5.737997,-3.281421,2.017218,-0.249035,-0.167212,0.048485,16.987028,-60.417782,-41.131886
0,117438.00,5.560817,-3.174873,2.486505,-0.568353,-0.763503,-0.205318,58.316292,4.378100,-39.100681
0,117462.00,4.587524,-3.443038,4.051196,-0.822955,-1.450875,-0.425299,58.316292,4.378100,-39.100681
0,117486.00,2.766641,-3.591486,7.840213,-1.233620,-2.523080,-0.403993,58.316292,4.378100,-39.100681
0,117510.00,2.536786,-3.140156,9.335468,-1.397673,-2.848789,-0.342473,58.316292,4.378100,-39.100681
0,117534.00,2.146511,-2.820513,10.872624,-1.568118,-3.127627,-0.443675,58.316292,4.378100,-39.100681
0,117558.00,1.564691,-2.680445,12.412174,-1.746819,-3.265048,-0.728904,7.530332,2.276612,-81.417435
0,117582.00,1.154064,-2.818119,13.901443,-1.923656,-3.295142,-1.065532,7.530332,2.276612,-81.417435
0,117606.00,-0.457316,-2.553546,16.882376,-2.112477,-3.281826,-1.580595,7.530332,2.276612,-81.417435
0,117630.00,-1.140895,-2.536786,17.747925,-2.099427,-3.234421,-1.651703,7.530332,2.276612,-81.417435
0,117654.00,-2.346437,-1.015193,19.190504,-2.081317,-3.156922,-1.621342,7.530332,2.276612,-81.417435
0,117678.00,-1.956162,-0.660833,18.418335,-2.013672,-2.875688,-1.766221,7.530332,2.276612,-81.417435
0,117702.00,-3.973380,-1.531170,18.612276,-1.734835,-2.738000,-1.665552,18.388020,61.468525,-44.517223
0,117726.00,-6.297071,-0.442950,17.555182,-1.301532,-2.116143,-1.509488,18.388020,61.468525,-44.517223
0,117750.00,-7.505008,-0.750620,16.158094,-1.024293,-1.688699,-1.564350,18.388020,61.468525,-44.517223
0,117774.00,-8.296331,-1.082234,14.462913,-0.900986,-1.140079,-1.701771,18.388020,61.468525,-44.517223
0,117798.00,-8.715339,-1.403074,12.646818,-0.821090,-0.676682,-1.719615,18.388020,61.468525,-44.517223
0,117822.00,-8.615973,-0.638087,11.635216,-0.774751,-0.424477,-1.478861,-26.268600,6.304464,-60.259056
0,117846.00,-9.143922,1.964543,11.689088,-0.299369,-0.490258,-0.414646,-26.268600,6.304464,-60.259056
0,117870.00,-10.244114,2.566715,12.711465,0.018883,-0.435396,-0.021291,-26.268600,6.304464,-60.259056
0,117894.00,-11.313180,2.612207,14.204326,0.260702,-0.101164,0.193097,-26.268600,6.304464,-60.259056
0,117918.00,-11.594513,3.000087,16.100630,0.396525,0.436003,0.325991,-26.268600,6.304464,-60.259056
0,117942.00,-11.294024,3.154521,17.878414,0.623963,1.066650,0.455156,-52.887451,64.445633,-35.884605
0,117966.00,-10.337493,0.195137,19.875280,1.311335,2.445922,0.784061,-52.887451,64.445633,-35.884605
0,117990.00,-8.934419,-1.458143,20.296682,1.489770,3.100803,1.054376,-52.887451,64.445633,-35.884605
0,118014.00,-7.039312,-2.710374,20.416399,1.614940,3.607877,1.440008,-52.887451,64.445633,-35.884605
0,118038.00,-4.976602,-3.180859,20.108728,1.747568,3.890442,1.868517,-52.887451,64.445633,-35.884605
0,118062.00,-3.024031,-3.547191,19.246771,1.910822,3.957289,2.193960,-5.078596,-7.530332,-81.078903
0,118086.00,-0.644073,-4.114645,16.994909,2.097779,3.851560,2.221391,-5.078596,-7.530332,-81.078903
0,118110.00,0.140068,-4.612665,15.767818,2.051971,3.811611,1.979306,-5.078596,-7.530332,-81.078903
0,118134.00,1.242654,-4.892800,14.213902,1.902566,3.747961,1.719910,-5.078596,-7.530332,-81.078903
0,118158.00,2.643333,-5.109487,11.991970,1.713479,3.614268,1.510316,-5.078596,-7.530332,-81.078903
0,118182.00,4.488160,-5.518916,9.119979,1.495096,3.360998,1.373960,-5.078596,-7.530332,-81.078903
0,118206.00,7.147056,-3.733948,5.374060,0.909991,2.142051,1.122554,12.959176,22.766121,-61.274658
0,118230.00,6.451505,-3.523247,5.026883,0.791212,1.312463,0.908699,12.959176,22.766121,-61.274658
0,118270.00,5.108290,-3.520853,4.891603,0.409575,0.288196,0.419469,12.959176,22.766121,-61.274658
0,118294.00,5.031671,-3.170084,4.750338,0.157370,-0.056689,0.167264,12.959176,22.766121,-61.274658
0,118318.00,4.792239,-3.022834,4.771887,-0.077524,-0.426608,-0.124357,58.841667,-2.801984,-39.269947
0,118342.00,3.534022,-3.180859,5.973838,-0.505501,-1.178163,-0.531827,58.841667,-2.801984,-39.269947
0,118366.00,3.252689,-3.075509,6.700515,-0.721753,-1.490557,-0.657264,58.841667,-2.801984,-39.269947
0,118390.00,3.040791,-2.906709,7.487050,-0.934010,-1.848491,-0.787760,58.841667,-2.801984,-39.269947
0,118414.00,2.698403,-2.900723,8.722521,-1.116706,-2.252499,-0.937965,58.841667,-2.801984,-39.269947
0,118438.00,2.153694,-2.834879,9.981936,-1.261318,-2.621885,-1.087104,49.910343,41.154140,-69.230209
0,118462.00,0.828436,-3.610640,12.642029,-1.583032,-3.094869,-1.507091,49.910343,41.154140,-69.230209
0,118486.00,0.201123,-3.902748,13.976865,-1.746020,-3.286620,-1.705766,49.910343,41.154140,-69.230209
0,118510.00,-0.688368,-4.211616,15.559512,-1.882643,-3.482365,-1.833333,49.910343,41.154140,-69.230209
0,118534.00,-1.972923,-3.654935,17.410324,-2.003019,-3.645087,-1.873814,49.910343,41.154140,-69.230209
0,118558.00,-3.581908,-2.486505,18.948677,-1.992633,-3.697552,-1.863960,22.065624,10.857688,-55.181046
0,118582.00,-6.977059,-2.128554,18.973818,-1.663195,-3.182488,-2.025350,22.065624,10.857688,-55.181046
0,118606.00,-8.183799,-1.422228,18.299816,-1.587027,-2.643190,-2.155581,22.065624,10.857688,-55.181046
0,118630.00,-8.663860,-0.808084,16.868010,-1.464520,-2.102827,-2.242934,22.065624,10.857688,-55.181046
0,118654.00,-9.193006,-0.444147,15.640920,-1.266111,-1.680976,-2.184876,22.065624,10.857688,-55.181046
0,118678.00,-9.687433,0.062252,14.500025,-1.016303,-1.348874,-1.968890,22.065624,10.857688,-55.181046
0,118702.00,-10.675093,0.246615,12.750971,-0.529203,-0.776552,-1.353957,16.286533,19.789013,-44.855759
0,118726.00,-11.116845,0.307671,12.528298,-0.389918,-0.482002,-1.036503,16.286533,19.789013,-44.855759
0,118750.00,-11.655568,0.707523,13.086176,-0.286053,-0.194376,-0.655666,16.286533,19.789013,-44.855759
0,118774.00,-11.841128,1.377933,13.908627,-0.131854,0.138524,-0.233015,16.286533,19.789013,-44.855759
0,118798.00,-12.315204,1.075051,14.789738,0.170420,0.483142,0.200287,16.286533,19.789013,-44.855759
0,118822.00,-11.575358,0.243024,17.148146,0.595200,1.436835,1.204314,-1.050744,67.247620,-54.165443
0,118846.00,-10.133975,0.293305,18.260309,0.825567,1.932456,1.674902,-1.050744,67.247620,-54.165443
0,118870.00,-8.958363,-0.408232,19.365290,1.138227,2.346584,2.032570,-1.050744,67.247620,-54.165443
0,118894.00,-7.459516,-1.229485,20.145840,1.415999,2.773762,2.304749,-1.050744,67.247620,-54.165443
0,118918.00,-5.710462,-2.025598,20.303865,1.644768,3.179634,2.479722,-1.050744,67.247620,-54.165443
0,118942.00,-1.597014,-2.552349,18.290239,1.928399,3.672060,2.464808,-21.014881,1.751240,-18.957905
0,118966.00,-0.436964,-3.293392,17.230751,2.045047,3.635840,2.263736,-21.014881,1.751240,-18.957905
0,118990.00,0.317248,-4.048801,16.182037,2.073543,3.508273,2.035766,-21.014881,1.751240,-18.957905
0,119014.00,0.623721,-4.588721,15.188393,1.996310,3.395087,1.862392,-21.014881,1.751240,-18.957905
0,119038.00,1.744265,-5.178922,13.502789,1.891380,3.318919,1.774506,-21.014881,1.751240,-18.957905
0,119062.00,5.048431,-5.392017,8.572876,1.510543,2.813444,1.695941,9.982068,10.682565,-27.590523
0,119086.00,5.922359,-4.756324,6.842977,1.247418,2.301842,1.579293,9.982068,10.682565,-27.590523
0,119110.00,5.867290,-4.077533,6.238410,1.005067,1.698627,1.367302,9.982068,10.682565,-27.590523
0,119134.00,5.326173,-3.951831,5.861304,0.821040,1.180634,1.105243,9.982068,10.682565,-27.590523
0,119158.00,4.970616,-3.769863,5.311807,0.615441,0.835484,0.818416,9.982068,10.682565,-27.590523
0,119182.00,5.670956,-3.341279,3.828524,0.123015,0.172879,0.026380,-28.545212,8.931324,-58.397121
0,119206.00,5.176528,-3.493318,3.978169,-0.108684,-0.343249,-0.366442,-28.545212,8.931324,-58.397121
0,119230.00,4.011689,-3.972183,4.724000,-0.321740,-0.842866,-0.621843,-28.545212,8.931324,-58.397121
0,119254.00,3.317336,-4.339712,5.275892,-0.553439,-1.221041,-0.716919,-28.545212,8.931324,-58.397121
0,119278.00,3.172479,-4.123025,6.079188,-0.819226,-1.585899,-0.746481,-28.545212,8.931324,-58.397121
0,119302.00,2.576292,-4.252319,8.259219,-1.327099,-2.403768,-0.943291,48.509350,-13.484549,-59.751255
0,119326.00,2.384746,-4.579144,9.835882,-1.588625,-2.777948,-1.073522,48.509350,-13.484549,-59.751255
0,119350.00,2.031584,-4.368443,11.890211,-1.844026,-3.113512,-1.224259,48.509350,-13.484549,-59.751255
0,119374.00,1.140895,-4.321754,13.719475,-2.017933,-3.383560,-1.355022,48.509350,-13.484549,-59.751255
0,119398.00,0.191546,-4.161335,15.212336,-2.157485,-3.544950,-1.484720,48.509350,-13.484549,-59.751255
0,119422.00,-1.574268,-3.037200,18.193268,-2.349768,-3.627776,-1.760894,23.116369,4.553224,-35.546074
0,119446.00,-3.142550,-2.707980,19.422754,-2.287715,-3.565723,-1.880206,23.116369,4.553224,-35.546074
0,119470.00,-5.010122,-2.366789,19.935139,-2.170535,-3.330296,-1.963830,23.116369,4.553224,-35.546074
0,119494.00,-6.502983,-1.913065,19.682537,-2.041636,-2.922294,-1.992060,23.116369,4.553224,-35.546074
0,119518.00,-7.349377,-0.930195,19.052832,-1.900220,-2.448244,-1.944655,23.116369,4.553224,-35.546074
0,119542.00,-7.961126,0.907449,16.014435,-1.357992,-1.608270,-1.611222,23.116369,4.553224,-35.546074
0,119566.00,-8.453160,1.509621,14.835230,-1.122565,-1.324906,-1.447702,-3.327356,33.448685,-34.022671
0,119590.00,-9.023009,2.154891,14.303690,-0.919895,-1.078293,-1.267936,-3.327356,33.448685,-34.022671
0,119614.00,-9.694616,3.292195,14.325239,-0.707904,-0.790667,-1.061005,-3.327356,33.448685,-34.022671
0,119638.00,-10.722979,3.638175,14.634107,-0.386988,-0.495052,-0.883902,-3.327356,33.448685,-34.022671
0,119662.00,-13.015544,2.761853,16.076687,0.254843,0.398719,-0.473769,-3.327356,33.448685,-34.022671
0,119686.00,-13.159204,1.436594,16.575903,0.539273,1.036289,-0.112372,-62.694393,9.106448,-36.223141
0,119710.00,-11.964436,0.951744,16.978149,0.732089,1.627786,0.432252,-62.694393,9.106448,-36.223141
0,119734.00,-9.857430,1.411454,17.603067,0.944346,2.031528,1.074883,-62.694393,9.106448,-36.223141
0,119758.00,-8.208939,1.437791,18.565586,1.300949,2.272547,1.593142,-62.694393,9.106448,-36.223141
0,119782.00,-5.723631,-0.410627,19.939928,1.989120,2.787877,2.028841,-62.694393,9.106448,-36.223141
0,119806.00,-4.191264,-1.145684,20.433159,2.162494,3.124506,1.978507,12.784052,-20.839756,-81.755966
0,119830.00,-2.534392,-1.757434,20.293091,2.300182,3.409202,1.802469,12.784052,-20.839756,-81.755966
0,119854.00,-1.436594,-2.913892,20.032108,2.426950,3.589234,1.557988,12.784052,-20.839756,-81.755966
0,119878.00,-0.573441,-4.295417,19.162970,2.489536,3.700822,1.341469,12.784052,-20.839756,-81.755966
0,119902.00,1.502438,-6.908821,15.924647,2.337200,3.779653,1.335610,12.784052,-20.839756,-81.755966
0,119926.00,3.341279,-7.210506,13.252582,2.120948,3.678185,1.498332,12.784052,-20.839756,-81.755966
0,119950.00,5.095121,-6.883681,10.338690,1.865015,3.357269,1.548134,82.483406,4.027852,-28.944660
0,119974.00,5.565606,-6.751993,8.169433,1.623729,2.856321,1.446932,82.483406,4.027852,-28.944660
0,119998.00,5.687716,-6.705304,6.658614,1.352881,2.371352,1.270096,82.483406,4.027852,-28.944660
0,120022.00,6.653826,-5.991795,3.469375,0.689211,1.575587,0.775006,82.483406,4.027852,-28.944660
0,120046.00,7.186563,-5.506945,2.455379,0.329679,1.042414,0.476195,82.483406,4.027852,-28.944660
0,120070.00,6.979454,-4.630622,2.322494,-0.003221,0.405909,0.193097,24.517361,-29.771080,-90.727119
0,120094.00,6.213270,-4.287036,2.662488,-0.237849,-0.236455,-0.058309,24.517361,-29.771080,-90.727119
0,120118.00,4.922729,-4.312177,3.615429,-0.478070,-0.813571,-0.269235,24.517361,-29.771080,-90.727119
0,120142.00,3.687258,-3.890776,5.522508,-1.119369,-1.602411,-0.680700,24.517361,-29.771080,-90.727119
0,120166.00,3.288604,-3.949437,6.740021,-1.404332,-2.011745,-0.828241,24.517361,-29.771080,-90.727119
0,120190.00,2.468548,-3.671695,8.674635,-1.679440,-2.442118,-0.904941,45.532242,29.420834,-77.524292
0,120214.00,1.935811,-3.554374,10.406928,-1.874387,-2.826685,-0.891625,45.532242,29.420834,-77.524292
0,120238.00,1.410257,-3.190436,12.484004,-2.086111,-3.154791,-0.900680,45.532242,29.420834,-77.524292
0,120262.00,-0.367529,-2.168060,16.355625,-2.350034,-3.506600,-1.132911,45.532242,29.420834,-77.524292
0,120286.00,-1.686801,-1.752645,17.896372,-2.393178,-3.482099,-1.352625,45.532242,29.420834,-77.524292
0,120310.00,-3.082692,-1.569479,18.846918,-2.342045,-3.324171,-1.578997,5.253720,8.055704,-77.862823
0,120334.00,-4.021266,-1.857995,18.815792,-2.230190,-3.087678,-1.744382,5.253720,8.055704,-77.862823
0,120358.00,-4.514497,-1.460537,18.486574,-2.145501,-2.841599,-1.815223,5.253720,8.055704,-77.862823
0,120382.00,-6.661008,-0.243024,18.193268,-1.812867,-2.406964,-1.694580,5.253720,8.055704,-77.862823
0,120406.00,-7.487050,0.282530,17.485746,-1.561460,-2.094571,-1.508955,5.253720,8.055704,-77.862823
0,120430.00,-7.633104,0.697945,15.946196,-1.298336,-1.711869,-1.314808,5.253720,8.055704,-77.862823
0,120454.00,-7.642681,1.450960,14.452138,-1.091672,-1.417319,-1.185376,-22.590996,59.016788,-107.484550
0,120478.00,-8.265205,2.099822,14.253409,-0.895127,-1.227166,-1.100953,-22.590996,59.016788,-107.484550
0,120502.00,-10.755302,2.616996,14.611361,-0.405098,-0.613564,-0.873515,-22.590996,59.016788,-107.484550
0,120526.00,-11.519092,2.534392,14.789738,-0.155290,-0.107822,-0.704669,-22.590996,59.016788,-107.484550
0,120550.00,-11.449656,2.242284,14.794526,0.101975,0.427747,-0.502265,-22.590996,59.016788,-107.484550
0,120574.00,-11.420924,1.561099,15.152477,0.370692,0.885019,-0.250859,-0.875620,67.772987,-48.918167
0,120598.00,-11.155154,0.559075,15.561907,0.626093,1.301278,0.127316,-0.875620,67.772987,-48.918167
0,120622.00,-9.080473,-1.016390,16.698013,1.067919,2.061355,1.158774,-0.875620,67.772987,-48.918167
0,120646.00,-7.599584,-1.635323,17.234343,1.274317,2.340725,1.644542,-0.875620,67.772987,-48.918167
0,120670.00,-5.995387,-2.174046,17.731165,1.457811,2.579881,1.997416,-0.875620,67.772987,-48.918167
0,120694.00,-4.398373,-2.498477,17.816162,1.630919,2.790540,2.204879,39.753147,-0.525372,-14.726231
0,120718.00,-2.870794,-2.828893,17.550392,1.788048,2.970306,2.264535,39.753147,-0.525372,-14.726231
0,120742.00,-0.195137,-3.063537,15.761833,1.959825,3.162856,1.963860,39.753147,-0.525372,-14.726231
0,120766.00,0.389078,-3.488530,14.729879,1.953167,3.144213,1.651732,39.753147,-0.525372,-14.726231
0,120790.00,0.591398,-3.784229,14.058271,1.866879,3.068046,1.368368,39.753147,-0.525372,-14.726231
0,120814.00,0.869139,-3.815355,13.132866,1.762748,2.979627,1.201651,-4.553224,17.512400,-29.452461
0,120838.00,1.444974,-4.427104,10.989945,1.585112,2.756451,1.093792,-4.553224,17.512400,-29.452461
0,120862.00,3.184451,-4.893998,8.040139,1.435440,2.679218,1.141463,-4.553224,17.512400,-29.452461
0,120886.00,5.310610,-4.551610,5.529691,1.100410,2.380141,1.110570,-4.553224,17.512400,-29.452461
0,120910.00,6.105525,-3.771060,4.337317,0.770173,1.770800,0.965692,-4.553224,17.512400,-29.452461
0,120934.00,5.256738,-3.840495,4.275065,0.562976,1.039219,0.778468,-4.553224,17.512400,-29.452461
0,120958.00,4.060773,-4.111054,4.321754,0.106503,0.082064,0.532921,15.410913,-9.106448,-20.989109
0,120982.00,4.461822,-3.832115,3.820143,-0.186449,-0.272941,0.362210,15.410913,-9.106448,-20.989109
0,121006.00,4.391190,-3.438249,4.157743,-0.495381,-0.722489,0.089232,15.410913,-9.106448,-20.989109
0,121030.00,3.642963,-3.494515,5.068783,-0.733471,-1.203730,-0.186942,15.410913,-9.106448,-20.989109
0,121054.00,2.764247,-3.865636,6.218059,-0.939603,-1.608803,-0.386150,15.410913,-9.106448,-20.989109
0,121078.00,2.084259,-4.042816,8.259219,-1.437355,-2.212817,-0.606130,58.491417,-4.202976,-54.165443
0,121102.00,1.787363,-3.816552,9.612013,-1.689028,-2.514291,-0.759530,58.491417,-4.202976,-54.165443
0,121126.00,1.210331,-3.824932,11.177900,-1.881045,-2.809374,-0.900147,58.491417,-4.202976,-54.165443
0,121150.00,0.618933,-3.781834,12.832377,-2.042435,-3.060780,-0.977647,58.491417,-4.202976,-54.165443
0,121174.00,-0.071830,-3.783031,14.510798,-2.182785,-3.224567,-1.001349,58.491417,-4.202976,-54.165443
0,121198.00,-1.650886,-2.135737,17.671307,-2.360155,-3.326035,-1.037835,36.600918,20.839756,-56.704449
0,121222.00,-2.978539,-1.369553,18.801426,-2.284253,-3.200332,-1.169397,36.600918,20.839756,-56.704449
0,121246.00,-4.346895,-1.112163,19.113886,-2.118602,-2.924158,-1.368072,36.600918,20.839756,-56.704449
0,121270.00,-5.334553,-1.003222,18.839737,-1.977985,-2.519351,-1.558225,36.600918,20.839756,-56.704449
0,121294.00,-5.875670,-0.153237,18.162142,-1.860272,-2.064210,-1.683129,36.600918,20.839756,-56.704449
0,121318.00,-6.348549,0.359149,15.123746,-1.347073,-1.316916,-1.680998,7.530332,22.240749,-46.209896
0,121342.00,-6.526927,0.617736,13.748207,-1.141740,-1.065510,-1.557692,7.530332,22.240749,-46.209896
0,121366.00,-6.948328,1.161247,12.953291,-0.957180,-0.921963,-1.361947,7.530332,22.240749,-46.209896
0,121390.00,-7.525360,1.326455,12.610903,-0.729210,-0.815169,-1.105747,7.530332,22.240749,-46.209896
0,121414.00,-8.271192,1.474903,12.615691,-0.513224,-0.665230,-0.814126,7.530332,22.240749,-46.209896
0,121438.00,-9.371383,2.184820,13.231032,-0.087112,-0.197040,-0.318238,-15.586037,-13.484549,-19.127172
0,121462.00,-10.218973,1.849615,14.436575,0.165892,0.100706,-0.125688,-15.586037,-13.484549,-19.127172
0,121486.00,-10.561362,1.067868,15.613385,0.457513,0.520161,0.133175,-15.586037,-13.484549,-19.127172
0,121510.00,-10.017850,0.062252,16.046757,0.759254,1.058394,0.510018,-15.586037,-13.484549,-19.127172
0,121534.00,-8.587242,-0.706325,15.971336,0.984560,1.585175,0.939326,-15.586037,-13.484549,-19.127172
0,121558.00,-5.664970,-1.664055,16.049152,1.369926,2.182265,1.615779,-29.946205,21.540253,-104.437744
0,121582.00,-4.520483,-1.976514,16.373583,1.518532,2.399316,1.807263,-29.946205,21.540253,-104.437744
0,121606.00,-3.504093,-2.182426,16.581888,1.663677,2.621161,1.880501,-29.946205,21.540253,-104.437744
0,121630.00,-2.461365,-2.730726,16.336472,1.796570,2.830222,1.852005,-29.946205,21.540253,-104.437744
0,121654.00,-1.132515,-2.822908,15.605004,1.848503,2.986552,1.742281,-29.946205,21.540253,-104.437744
0,121678.00,0.398655,-3.664512,14.119327,1.844242,2.931956,1.376357,66.021751,4.378100,-84.125710
0,121702.00,0.659636,-3.883593,13.508775,1.760884,2.816373,1.217098,66.021751,4.378100,-84.125710
0,121726.00,1.054700,-4.076336,12.541468,1.688977,2.714372,1.104711,66.021751,4.378100,-84.125710
0,121750.00,1.397088,-4.344501,11.261702,1.616538,2.583077,1.031206,66.021751,4.378100,-84.125710
0,121774.00,2.089047,-4.698860,9.697011,1.507347,2.420355,0.992856,66.021751,4.378100,-84.125710
0,121798.00,3.911128,-4.670128,6.190524,0.986425,1.869072,0.939858,66.021751,4.378100,-84.125710
0,121822.00,4.520483,-3.957817,5.218429,0.666041,1.411268,0.873278,28.895460,12.083556,-32.668533
0,121846.00,4.654565,-3.769863,4.660551,0.443930,0.912716,0.772077,28.895460,12.083556,-32.668533
0,121870.00,4.961039,-3.841692,4.008098,0.229010,0.454912,0.646374,28.895460,12.083556,-32.668533
0,121894.00,5.437509,-3.282618,3.748314,-0.054355,-0.014344,0.475396,28.895460,12.083556,-32.668533
0,121918.00,4.484568,-2.904315,5.096318,-0.529736,-1.092142,-0.095861,28.895460,12.083556,-32.668533
0,121942.00,3.549585,-3.052763,6.374887,-0.736933,-1.503074,-0.387481,21.190004,-24.692484,-78.709160
0,121966.00,2.803753,-3.575922,7.459516,-0.939070,-1.795760,-0.640219,21.190004,-24.692484,-78.709160
0,121990.00,2.486505,-3.781834,8.498652,-1.175563,-2.058884,-0.829839,21.190004,-24.692484,-78.709160
0,122014.00,1.806517,-3.671695,9.748489,-1.386754,-2.299104,-1.010404,21.190004,-24.692484,-78.709160
0,122038.00,1.049911,-4.384007,11.812396,-1.692490,-2.748120,-1.162473,21.190004,-24.692484,-78.709160
0,122062.00,0.275347,-4.433090,13.381875,-1.860005,-2.965171,-1.168066,-11.207936,45.882488,0.338534
0,122086.00,-0.492034,-4.130208,14.953749,-1.986241,-3.111914,-1.143298,-11.207936,45.882488,0.338534
0,122110.00,-1.259414,-2.827696,16.805758,-2.068534,-3.141209,-1.143031,-11.207936,45.882488,0.338534
0,122134.00,-2.595447,-1.696378,17.812571,-1.979317,-2.988607,-1.289241,-11.207936,45.882488,0.338534
0,122158.00,-4.883223,-1.951374,16.756674,-1.758537,-2.084717,-2.016029,-11.207936,45.882488,0.338534
0,122182.00,-5.042446,-1.465326,15.855211,-1.784104,-1.585100,-2.335613,-9.631821,20.139261,-108.838692
0,122206.00,-5.233992,-0.674002,15.157267,-1.659733,-1.325438,-2.383018,-9.631821,20.139261,-108.838692
0,122230.00,-5.868487,-0.787732,14.343196,-1.332691,-1.230362,-2.171826,-9.631821,20.139261,-108.838692
0,122254.00,-6.734035,-1.148078,13.462085,-1.021896,-1.182957,-1.815490,-9.631821,20.139261,-108.838692
0,122278.00,-8.225699,-0.116125,12.873081,-0.760636,-0.920632,-1.070060,-9.631821,20.139261,-108.838692
0,122302.00,-8.515412,0.889491,13.005966,-0.637063,-0.671090,-0.762993,-9.631821,20.139261,-108.838692
0,122326.00,-9.170259,1.427017,13.077796,-0.410158,-0.403704,-0.521440,-26.268600,54.288441,-57.212250
0,122350.00,-9.949613,1.392299,13.213076,-0.162214,-0.076929,-0.311314,-26.268600,54.288441,-57.212250
0,122374.00,-10.411716,1.434200,13.847571,0.031933,0.313762,-0.037270,-26.268600,54.288441,-57.212250
0,122398.00,-9.565323,1.143290,15.342826,0.570166,1.061856,0.768348,-26.268600,54.288441,-57.212250
0,122422.00,-9.079275,0.691960,16.566326,0.906262,1.356406,1.182476,-26.268600,54.288441,-57.212250
0,122446.00,-8.457949,-0.123308,17.632998,1.223716,1.735912,1.496734,17.862648,55.339184,-34.530472
0,122470.00,-7.125507,-1.401877,18.071157,1.499357,2.193717,1.731096,17.862648,55.339184,-34.530472
0,122494.00,-5.340539,-2.018415,18.330942,1.659682,2.655516,1.881833,17.862648,55.339184,-34.530472
0,122518.00,-1.654478,-2.553546,16.389145,1.924404,3.249942,1.822976,17.862648,55.339184,-34.530472
0,122542.00,-0.720691,-3.228745,15.154872,1.978734,3.294418,1.596338,17.862648,55.339184,-34.530472
0,122566.00,-0.231052,-3.650146,14.298902,1.950770,3.248078,1.369966,41.154140,-43.255630,-27.929058
0,122590.00,0.519568,-3.985352,13.490817,1.867145,3.171112,1.189667,41.154140,-43.255630,-27.929058
0,122614.00,1.139698,-4.215207,12.509144,1.780325,2.999868,1.045055,41.154140,-43.255630,-27.929058
0,122638.00,1.053502,-5.266315,11.237759,1.487905,2.446987,0.831466,41.154140,-43.255630,-27.929058
0,122662.00,1.470115,-5.657787,10.083694,1.307873,2.286929,0.839189,41.154140,-43.255630,-27.929058
0,122686.00,2.863611,-5.734405,8.196967,1.100410,2.153769,0.927608,41.154140,-43.255630,-27.929058
0,122710.00,4.853294,-5.156176,6.079188,0.839682,1.855756,1.006705,-1.050744,5.603968,-79.555496
0,122734.00,6.036090,-4.613862,4.534849,0.598929,1.345220,1.012031,-1.050744,5.603968,-79.555496
0,122758.00,5.978626,-3.592683,3.987746,0.075610,0.195250,0.739586,-1.050744,5.603968,-79.555496
0,122782.00,5.959472,-3.122198,4.109857,-0.174465,-0.297176,0.514812,-1.050744,5.603968,-79.555496
0,122806.00,5.587154,-2.869597,4.582736,-0.396842,-0.787738,0.221859,-1.050744,5.603968,-79.555496
0,122830.00,4.701254,-2.912695,5.688913,-0.614959,-1.285224,-0.114503,8.581077,-10.332316,7.278481
0,122854.00,3.512473,-3.459798,6.898046,-0.810704,-1.665529,-0.408254,8.581077,-10.332316,7.278481
0,122878.00,2.500871,-3.658527,8.904490,-1.314315,-2.178728,-0.791489,8.581077,-10.332316,7.278481
0,122902.00,1.989683,-4.125420,10.040596,-1.500207,-2.431998,-0.942226,8.581077,-10.332316,7.278481
0,122926.00,1.368356,-3.949437,11.531063,-1.669054,-2.723619,-0.990963,8.581077,-10.332316,7.278481
0,122950.00,0.466893,-3.870424,12.880264,-1.769723,-2.982216,-1.015464,-5.954216,-3.152232,-77.862823
0,122974.00,-0.471682,-4.060773,14.180382,-1.879979,-3.124963,-1.024253,-5.954216,-3.152232,-77.862823
0,122998.00,-1.762222,-2.415873,16.524426,-2.092237,-3.162248,-1.052483,-5.954216,-3.152232,-77.862823
0,123022.00,-2.729529,-2.227918,17.161316,-2.002753,-3.081021,-1.128650,-5.954216,-3.152232,-77.862823
0,123046.00,-3.795003,-2.269819,17.483351,-1.924721,-2.896461,-1.234912,-5.954216,-3.152232,-77.862823
0,123070.00,-4.968222,-1.758631,17.723982,-1.881311,-2.616824,-1.330255,-29.420834,28.019840,-41.978218
0,123094.00,-5.769123,-0.933786,17.314552,-1.770255,-2.228263,-1.371268,-29.420834,28.019840,-41.978218
0,123118.00,-6.980651,0.602172,15.306911,-1.288216,-1.490290,-1.431989,-29.420834,28.019840,-41.978218
0,123142.00,-7.877325,1.006813,14.770583,-1.075959,-1.189349,-1.413080,-29.420834,28.019840,-41.978218
0,123166.00,-8.745267,1.860389,14.640092,-0.884741,-0.833278,-1.244233,-29.420834,28.019840,-41.978218
0,123190.00,-8.823083,2.766641,14.219889,-0.629606,-0.414890,-0.994159,-29.420834,28.019840,-41.978218
0,123214.00,-8.644706,2.930652,13.487226,-0.310288,-0.054026,-0.766987,-46.758110,84.234650,-78.709160
0,123238.00,-9.015826,2.395521,13.792501,0.216493,0.439732,-0.377627,-46.758110,84.234650,-78.709160
0,123262.00,-9.239696,1.765814,14.699950,0.479884,0.746266,-0.103850,-46.758110,84.234650,-78.709160
0,123286.00,-8.860195,0.890688,15.344024,0.735551,1.152405,0.193097,-46.758110,84.234650,-78.709160
0,123310.00,-7.849790,-0.021549,15.462543,0.955265,1.569995,0.469803,-46.758110,84.234650,-78.709160
0,123334.00,-5.542860,-1.599408,15.645708,1.258604,2.179335,0.938527,1.751240,44.481499,-112.393295
0,123358.00,-4.712029,-2.534392,15.882747,1.397623,2.375613,1.190998,1.751240,44.481499,-112.393295
0,123382.00,-3.778243,-3.160507,15.983308,1.509477,2.551651,1.464509,1.751240,44.481499,-112.393295
0,123406.00,-2.402704,-3.573528,15.517612,1.590172,2.699192,1.714584,1.751240,44.481499,-112.393295
0,123430.00,-0.927800,-3.375996,14.901073,1.625593,2.733281,1.859462,1.751240,44.481499,-112.393295
0,123454.00,0.294502,-3.008468,14.492842,1.755291,2.581212,1.731628,-26.093477,8.230828,-64.152199
0,123478.00,0.527948,-3.337687,13.945739,1.812017,2.590267,1.491940,-26.093477,8.230828,-64.152199
0,123502.00,1.061883,-4.066759,12.887447,1.765677,2.686142,1.190998,-26.093477,8.230828,-64.152199
0,123526.00,2.462562,-4.719212,10.684669,1.584313,2.754320,0.907101,-26.093477,8.230828,-64.152199
0,123550.00,3.840495,-4.545624,8.554918,1.282573,2.626220,0.688985,-26.093477,8.230828,-64.152199
0,123574.00,4.761113,-3.980563,6.277917,0.852998,1.668267,0.520138,27.494469,31.697445,-107.823090
0,123598.00,4.526469,-4.032041,5.916374,0.706256,1.128968,0.481788,27.494469,31.697445,-107.823090
0,123622.00,4.410344,-3.972183,5.728419,0.519033,0.682882,0.427991,27.494469,31.697445,-107.823090
0,123646.00,4.574356,-3.737539,5.469832,0.297721,0.339063,0.315071,27.494469,31.697445,-107.823090
0,123670.00,4.751535,-3.641766,5.275892,0.067087,0.008560,0.131044,27.494469,31.697445,-107.823090
0,123694.00,4.503723,-3.469375,5.625463,-0.382994,-0.710239,-0.343006,36.951164,10.332316,-28.267591
0,123718.00,3.959014,-3.699230,6.306649,-0.594985,-1.079625,-0.547007,36.951164,10.332316,-28.267591
0,123742.00,3.478952,-3.762680,7.221280,-0.804312,-1.430635,-0.695347,36.951164,10.332316,-28.267591
0,123766.00,3.150930,-4.004507,8.107180,-0.987008,-1.794162,-0.796283,36.951164,10.332316,-28.267591
0,123790.00,2.686431,-3.999718,9.216949,-1.177161,-2.198436,-0.840492,36.951164,10.332316,-28.267591
0,123814.00,0.871534,-4.105068,12.227811,-1.494081,-2.872226,-0.864194,33.448685,-8.931324,-20.819843
0,123838.00,-0.111336,-3.895565,13.632082,-1.656537,-3.005119,-0.892957,33.448685,-8.931324,-20.819843
0,123862.00,-1.078643,-3.550782,14.818469,-1.805410,-3.029887,-0.981641,33.448685,-8.931324,-20.819843
0,123886.00,-1.989683,-3.039594,15.864789,-1.889567,-3.012576,-1.077517,33.448685,-8.931324,-20.819843
0,123910.00,-2.818119,-2.387141,16.695620,-1.878914,-2.942268,-1.123324,33.448685,-8.931324,-20.819843
0,123934.00,-4.641397,-1.254626,16.689634,-1.621382,-2.566756,-1.200290,19.438765,26.443726,-35.376804
0,123958.00,-5.578774,-1.077446,16.383160,-1.485826,-2.256760,-1.331320,19.438765,26.443726,-35.376804
0,123982.00,-6.204890,-0.560272,15.996477,-1.378232,-1.842366,-1.437848,19.438765,26.443726,-35.376804
0,124006.00,-6.592770,0.039506,15.152477,-1.236284,-1.402138,-1.473801,19.438765,26.443726,-35.376804
0,124030.00,-7.191351,0.494428,14.368337,-1.044267,-1.034084,-1.431723,19.438765,26.443726,-35.376804
0,124054.00,-8.366964,1.549127,13.101739,-0.610165,-0.487062,-1.117465,19.438765,26.443726,-35.376804
0,124078.00,-9.301948,1.796940,13.053853,-0.405365,-0.211421,-0.881771,-27.144220,-19.438765,-49.933769
0,124102.00,-9.913697,1.859192,13.031107,-0.195771,0.107631,-0.573373,-27.144220,-19.438765,-49.933769
0,124126.00,-9.643139,2.163271,13.039487,0.000241,0.412035,-0.193866,-27.144220,-19.438765,-49.933769
0,124150.00,-9.501874,2.189609,13.533915,0.243391,0.622427,0.192830,-27.144220,-19.438765,-49.933769
0,124174.00,-9.504268,0.774564,15.257828,0.774966,1.175042,0.872213,-27.144220,-19.438765,-49.933769
0,124198.00,-8.335838,0.168800,15.530781,0.968049,1.609676,1.115097,37.826786,-29.771080,-80.571098
0,124222.00,-7.047692,-0.311262,15.924647,1.143820,1.978530,1.271427,37.826786,-29.771080,-80.571098
0,124246.00,-5.949894,-0.972095,16.425060,1.325983,2.268020,1.366237,37.826786,-29.771080,-80.571098
0,124270.00,-4.876040,-1.744265,16.711182,1.493498,2.532209,1.413109,37.826786,-29.771080,-80.571098
0,124294.00,-2.505660,-3.638175,16.374781,1.655421,2.984421,1.530024,37.826786,-29.771080,-80.571098
0,124318.00,-0.717100,-3.274238,15.541555,1.678857,3.034489,1.646140,56.740177,-4.903472,-48.410366
0,124342.00,0.453724,-2.854034,14.738259,1.780858,2.881355,1.683424,56.740177,-4.903472,-48.410366
0,124366.00,1.178007,-2.607419,14.154044,1.876467,2.669364,1.531089,56.740177,-4.903472,-48.410366
0,124390.00,1.357581,-2.831288,13.645250,1.911088,2.513034,1.181944,56.740177,-4.903472,-48.410366
0,124414.00,1.696378,-4.570764,11.582541,1.685515,2.476016,0.317735,56.740177,-4.903472,-48.410366
0,124438.00,2.479322,-5.262723,9.895740,1.410673,2.494658,0.129446,-4.903472,-54.988937,-79.555496
0,124462.00,4.362458,-5.429129,7.277547,1.112660,2.391593,0.201619,-4.903472,-54.988937,-79.555496
0,124486.00,5.910388,-4.855689,5.259132,0.811985,1.974002,0.389375,-4.903472,-54.988937,-79.555496
0,124510.00,6.360521,-4.077533,4.404358,0.556318,1.277042,0.511882,-4.903472,-54.988937,-79.555496
0,124534.00,4.919138,-3.744722,4.804211,0.140592,0.058628,0.483918,-4.903472,-54.988937,-79.555496
0,124558.00,4.729987,-3.486135,4.964630,-0.131854,-0.281729,0.355286,-4.903472,-54.988937,-79.555496
0,124582.00,4.679706,-3.214380,5.133430,-0.401902,-0.626081,0.150486,9.631821,-20.489508,-93.604660
0,124606.00,4.362458,-3.166493,5.706871,-0.648249,-1.031687,-0.107845,9.631821,-20.489508,-93.604660
0,124630.00,3.852467,-3.293392,6.499392,-0.843195,-1.454071,-0.297998,9.631821,-20.489508,-93.604660
0,124654.00,2.406295,-3.699230,8.848224,-1.230425,-2.204295,-0.576302,9.631821,-20.489508,-93.604660
0,124678.00,2.114188,-4.058379,9.906514,-1.451737,-2.466354,-0.691619,9.631821,-20.489508,-93.604660
0,124702.00,1.732293,-3.745919,11.313180,-1.672782,-2.764632,-0.761128,-7.705456,-24.517361,-54.503979
0,124726.00,0.779352,-3.772257,12.953291,-1.809671,-3.077026,-0.848748,-7.705456,-24.517361,-54.503979
0,124750.00,-0.835619,-3.607049,14.977692,-1.916731,-3.299137,-0.900946,-7.705456,-24.517361,-54.503979
0,124774.00,-4.192461,-1.925036,17.931089,-1.993698,-3.103924,-0.925448,-7.705456,-24.517361,-54.503979
0,124798.00,-4.518089,-1.284555,17.606659,-1.841363,-2.746522,-0.913197,-7.705456,-24.517361,-54.503979
0,124822.00,-4.598299,-0.966110,16.812941,-1.669586,-2.388588,-0.951015,2.801984,18.212896,-51.795708
0,124846.00,-4.786253,-0.482456,16.155699,-1.549742,-2.091375,-1.050352,2.801984,18.212896,-51.795708
0,124870.00,-5.384834,-0.100562,15.546344,-1.418180,-1.802418,-1.171528,2.801984,18.212896,-51.795708
0,124894.00,-6.683754,0.568652,13.854754,-1.062909,-1.202132,-1.280985,2.801984,18.212896,-51.795708
0,124918.00,-7.263181,0.917026,13.195118,-0.924423,-0.964042,-1.218666,2.801984,18.212896,-51.795708
0,124942.00,-7.799510,1.964543,13.217864,-0.777148,-0.792798,-1.043161,2.801984,18.212896,-51.795708
0,124966.00,-8.773999,2.716360,13.596168,-0.511360,-0.615429,-0.819719,-19.789013,20.139261,-69.907280
0,124990.00,-10.186650,2.776218,13.634477,-0.201896,-0.351772,-0.644746,-19.789013,20.139261,-69.907280
0,125014.00,-11.065367,2.783401,14.229465,0.149913,0.515899,-0.273230,-19.789013,20.139261,-69.907280
0,125038.00,-10.614037,2.324888,14.800512,0.391465,0.931625,0.058871,-19.789013,20.139261,-69.907280
0,125062.00,-9.819121,1.283358,15.197969,0.691076,1.258134,0.491375,-19.789013,20.139261,-69.907280
0,125086.00,-8.879350,0.439358,15.757044,0.939552,1.534574,0.916422,22.415873,38.527283,-24.035915
0,125110.00,-7.585217,-0.393866,16.404709,1.175778,1.771599,1.314305,22.415873,38.527283,-24.035915
0,125134.00,-4.800619,-1.759828,17.379198,1.534245,2.365493,1.746542,22.415873,38.527283,-24.035915
0,125158.00,-3.000087,-2.261439,16.846462,1.679123,2.642732,1.805133,22.415873,38.527283,-24.035915
0,125182.00,-1.313287,-2.486505,15.986899,1.766210,2.795600,1.705795,22.415873,38.527283,-24.035915
0,125206.00,-0.553089,-3.142550,15.276982,1.849834,2.818237,1.540144,-2.276612,14.535293,-124.072723
0,125230.00,0.135279,-4.041618,14.034328,1.817876,2.843804,1.320430,-2.276612,14.535293,-124.072723
0,125254.00,1.422228,-5.060403,11.926126,1.477253,2.837945,0.911096,-2.276612,14.535293,-124.072723
0,125278.00,2.524814,-5.327370,10.356647,1.283638,2.736477,0.820813,-2.276612,14.535293,-124.072723
0,125302.00,3.828524,-5.502156,8.533370,1.105470,2.509040,0.834396,-2.276612,14.535293,-124.072723
0,125326.00,4.865266,-5.380045,6.937553,0.932894,2.090917,0.944652,39.402901,-17.687525,-68.214607
0,125350.00,5.509339,-4.897589,5.831376,0.741410,1.577718,1.000313,39.402901,-17.687525,-68.214607
0,125374.00,4.783859,-4.142180,5.524902,0.385074,0.576088,0.680196,39.402901,-17.687525,-68.214607
0,125398.00,4.463019,-4.002112,5.433918,0.150446,0.276478,0.416007,39.402901,-17.687525,-68.214607
0,125422.00,4.621045,-3.905142,5.119064,-0.086047,0.004831,0.170726,39.402901,-17.687525,-68.214607
0,125446.00,4.451048,-3.714793,5.260329,-0.324936,-0.380268,-0.040999,39.402901,-17.687525,-68.214607
0,125470.00,4.035633,-3.549585,5.857713,-0.547047,-0.851388,-0.214906,21.365129,4.553224,-34.530472
0,125494.00,2.443407,-3.392757,7.918028,-0.905780,-1.683106,-0.476432,21.365129,4.553224,-34.530472
0,125518.00,2.060316,-3.370011,8.770408,-1.101526,-1.900956,-0.658595,21.365129,4.553224,-34.530472
0,125542.00,1.707153,-3.203605,9.740108,-1.300200,-2.124931,-0.865792,21.365129,4.553224,-34.530472
0,125566.00,1.114558,-3.109029,10.886990,-1.432295,-2.389920,-1.033041,21.365129,4.553224,-34.530472
0,125590.00,0.164011,-3.282618,12.218234,-1.512457,-2.622950,-1.125454,44.306374,-30.996948,-34.022671
0,125614.00,-1.716730,-2.803753,14.356365,-1.689294,-2.760371,-1.202953,44.306374,-30.996948,-34.022671
0,125638.00,-2.700797,-2.397915,15.355995,-1.718589,-2.758240,-1.258348,44.306374,-30.996948,-34.022671
0,125662.00,-3.878804,-1.910670,16.201191,-1.697017,-2.700715,-1.308683,44.306374,-30.996948,-34.022671
0,125686.00,-5.273498,-1.474903,16.754280,-1.622448,-2.522547,-1.330255,44.306374,-30.996948,-34.022671
0,125710.00,-5.907994,-0.843999,16.736322,-1.493549,-2.195240,-1.294301,6.654712,13.659673,-48.748901
0,125734.00,-6.447914,0.268164,15.284165,-1.067170,-1.391752,-1.422135,6.654712,13.659673,-48.748901
0,125758.00,-7.335011,0.117322,13.865528,-0.920161,-0.987212,-1.602966,6.654712,13.659673,-48.748901
0,125782.00,-7.754017,0.383092,12.503159,-0.839200,-0.610635,-1.597640,6.654712,13.659673,-48.748901
0,125806.00,-7.775566,1.154064,11.932112,-0.727346,-0.405302,-1.303356,6.654712,13.659673,-48.748901
0,125830.00,-9.410890,2.560729,12.821604,-0.181922,-0.411960,-0.388014,6.654712,13.659673,-48.748901
0,125854.00,-10.678683,2.219538,13.408213,0.123015,-0.232194,-0.022090,-7.355208,17.862648,-9.817487
0,125878.00,-11.224589,1.940599,14.294112,0.303580,0.155835,0.261275,-7.355208,17.862648,-9.817487
0,125902.00,-11.353883,1.807714,15.794156,0.462839,0.606448,0.517208,-7.355208,17.862648,-9.817487
0,125926.00,-10.725373,1.433003,16.842871,0.721702,1.117250,0.799508,-7.355208,17.862648,-9.817487
0,125950.00,-7.755215,-0.773367,16.489708,1.254875,2.182797,1.184340,-14.360168,4.202976,-67.706802
0,125974.00,-6.015738,-1.676027,16.307739,1.372322,2.581479,1.255182,-14.360168,4.202976,-67.706802
0,125998.00,-4.497737,-2.557138,16.074291,1.459409,2.849130,1.368101,-14.360168,4.202976,-67.706802
0,126022.00,-2.942624,-3.255083,15.304517,1.525190,2.976165,1.524964,-14.360168,4.202976,-67.706802
0,126046.00,-1.905882,-3.656132,14.660444,1.559013,2.921836,1.680229,-14.360168,4.202976,-67.706802
0,126070.00,-0.296896,-3.731554,13.663208,1.600026,2.682414,1.769979,27.144220,22.941244,-46.886963
0,126094.00,0.215489,-4.060773,13.365115,1.576856,2.540998,1.634421,27.144220,22.941244,-46.886963
0,126118.00,0.326825,-4.307388,13.007163,1.487106,2.471222,1.420833,27.144220,22.941244,-46.886963
0,126142.00,1.175613,-5.232794,11.242547,1.369127,2.520491,1.228550,27.144220,22.941244,-46.886963
0,126166.00,2.843259,-5.207654,9.202583,1.156070,2.547656,1.123886,27.144220,22.941244,-46.886963
0,126190.00,6.834597,-4.452245,4.642594,0.718773,1.850696,0.871148,-6.304464,43.080505,-83.956436
0,126214.00,7.108747,-4.154151,3.847678,0.529685,1.118049,0.716416,-6.304464,43.080505,-83.956436
0,126238.00,6.425168,-4.218798,4.059576,0.315031,0.401382,0.553162,-6.304464,43.080505,-83.956436
0,126262.00,5.854122,-3.905142,4.520483,0.061495,-0.145640,0.373396,-6.304464,43.080505,-83.956436
0,126286.00,5.389623,-3.696836,5.089135,-0.176862,-0.587731,0.164867,-6.304464,43.080505,-83.956436
0,126310.00,4.150560,-3.750708,6.441928,-0.661565,-1.257260,-0.412515,-6.304464,43.080505,-83.956436
0,126334.00,3.498107,-3.852467,7.277547,-0.898589,-1.546484,-0.648209,48.859596,-16.286533,-80.401833
0,126358.00,3.307758,-3.947043,8.132320,-1.106053,-1.864736,-0.788027,48.859596,-16.286533,-80.401833
0,126382.00,2.633756,-3.866833,9.445607,-1.298602,-2.235188,-0.872184,48.859596,-16.286533,-80.401833
0,126406.00,1.883136,-3.744722,10.794808,-1.427501,-2.544119,-0.976049,48.859596,-16.286533,-80.401833
0,126430.00,0.591398,-3.833312,13.372298,-1.696218,-2.993668,-1.103350,48.859596,-16.286533,-80.401833
0,126454.00,-0.504005,-3.268252,15.247053,-1.814465,-3.157188,-1.168066,26.969097,-17.162153,-76.847221
0,126478.00,-2.229115,-2.866005,16.975756,-1.833906,-3.210985,-1.226390,26.969097,-17.162153,-76.847221
0,126502.00,-3.702821,-2.509251,17.582716,-1.801415,-3.019767,-1.293236,26.969097,-17.162153,-76.847221
0,126526.00,-4.860477,-1.974120,17.627010,-1.744689,-2.649316,-1.392041,26.969097,-17.162153,-76.847221
0,126550.00,-6.244396,-1.127726,16.417877,-1.503136,-1.834376,-1.683395,26.969097,-17.162153,-76.847221
0,126574.00,-7.284730,-1.004419,15.443388,-1.299135,-1.496416,-1.770748,-14.710417,-6.304464,-56.873718
0,126598.00,-8.265205,-0.827239,14.271366,-1.111379,-1.170174,-1.740388,-14.710417,-6.304464,-56.873718
0,126622.00,-8.842237,-0.256193,13.196315,-0.969431,-0.873493,-1.552632,-14.710417,-6.304464,-56.873718
0,126646.00,-9.108007,0.500414,12.432526,-0.812302,-0.644458,-1.219465,-14.710417,-6.304464,-56.873718
0,126670.00,-9.378566,1.871164,11.740566,-0.390184,-0.410096,-0.441810,-14.710417,-6.304464,-56.873718
0,126694.00,-10.202213,2.130948,12.384640,-0.184851,-0.282262,-0.124890,-17.512400,-1.400992,-84.294975
0,126718.00,-11.163534,1.625746,13.658420,0.016487,-0.048433,0.181645,-17.512400,-1.400992,-84.294975
0,126742.00,-11.525077,1.456946,14.982481,0.223151,0.343324,0.569673,-17.512400,-1.400992,-84.294975
0,126766.00,-10.648755,1.031954,15.602611,0.491602,0.830424,1.008569,-17.512400,-1.400992,-84.294975
0,126790.00,-7.544514,-0.173588,15.633737,0.974973,1.668533,1.611252,-17.512400,-1.400992,-84.294975
0,126814.00,-6.159398,-0.997236,15.819297,1.203742,1.942044,1.781697,-17.512400,-1.400992,-84.294975
0,126838.00,-5.175331,-1.828066,16.089855,1.415200,2.164688,1.953473,7.355208,70.049599,-30.468063
0,126862.00,-4.036830,-2.455379,16.263443,1.544365,2.406506,2.018721,7.355208,70.049599,-30.468063
0,126886.00,-2.621784,-2.924666,15.487683,1.661546,2.624090,2.047750,7.355208,70.049599,-30.468063
0,126910.00,0.023943,-2.795373,14.069046,1.756090,2.661641,1.722307,7.355208,70.049599,-30.468063
0,126934.00,0.426190,-3.602260,13.700320,1.795771,2.515165,1.391271,7.355208,70.049599,-30.468063
0,126958.00,0.184363,-4.842520,13.190330,1.744638,2.419822,1.029875,40.803894,25.743229,-49.256702
0,126982.00,1.096600,-5.466241,12.115278,1.577123,2.458439,0.780333,40.803894,25.743229,-49.256702
0,127006.00,2.797767,-5.388425,10.444040,1.372855,2.495191,0.654363,40.803894,25.743229,-49.256702
0,127030.00,4.915546,-5.991795,7.057269,1.032498,1.899433,0.475130,40.803894,25.743229,-49.256702
0,127054.00,5.144205,-5.867290,6.353338,0.752862,1.445889,0.450362,40.803894,25.743229,-49.256702
0,127078.00,5.644618,-5.394411,5.632647,0.470296,1.042681,0.498033,50.610836,52.011829,-72.277016
0,127102.00,6.210876,-4.684494,4.951461,0.189328,0.604051,0.511083,50.610836,52.011829,-72.277016
0,127126.00,6.522138,-4.036830,4.659354,-0.098297,0.099108,0.376325,50.610836,52.011829,-72.277016
0,127150.00,5.818207,-3.207197,5.631449,-0.545715,-0.932350,-0.173892,50.610836,52.011829,-72.277016
0,127174.00,4.759915,-3.460995,6.675375,-0.733205,-1.408264,-0.427163,50.610836,52.011829,-72.277016
0,127198.00,3.771060,-3.608246,7.836621,-0.927086,-1.816532,-0.600271,50.610836,52.011829,-72.277016
0,127222.00,2.812133,-4.015281,8.891321,-1.100993,-2.169939,-0.703071,8.055704,-1.050744,-20.989109
0,127246.00,2.202778,-4.164926,9.840671,-1.305793,-2.481534,-0.753938,8.055704,-1.050744,-20.989109
0,127270.00,1.265400,-3.687258,12.304429,-1.652276,-3.085282,-0.758998,8.055704,-1.050744,-20.989109
0,127294.00,0.278939,-3.294590,13.986442,-1.762266,-3.318844,-0.784298,8.055704,-1.050744,-20.989109
0,127318.00,-0.913435,-2.924666,15.420642,-1.819791,-3.397675,-0.845286,8.055704,-1.050744,-20.989109
0,127342.00,-2.067498,-2.231510,16.615410,-1.857342,-3.342813,-0.945955,8.230828,52.712326,-11.679424
0,127366.00,-2.998890,-1.725110,16.972164,-1.816862,-3.139611,-1.077250,8.230828,52.712326,-11.679424
0,127390.00,-5.204062,-0.841605,17.344481,-1.653075,-2.504437,-1.291372,8.230828,52.712326,-11.679424
0,127414.00,-5.885248,-0.099364,16.955402,-1.456530,-2.082586,-1.246097,8.230828,52.712326,-11.679424
0,127438.00,-6.180947,-0.004789,15.626554,-1.170502,-1.629842,-1.152619,8.230828,52.712326,-11.679424
0,127462.00,-6.609530,0.295699,14.491644,-0.958245,-1.232759,-1.081778,-23.816864,30.821825,-16.249634
0,127486.00,-7.062058,0.826042,13.750601,-0.799252,-0.875890,-1.027182,-23.816864,30.821825,-16.249634
0,127510.00,-8.208939,1.613774,13.687152,-0.421876,-0.229531,-0.722512,-23.816864,30.821825,-16.249634
0,127534.00,-8.432808,2.379958,13.542295,-0.203228,0.107631,-0.523837,-23.816864,30.821825,-16.249634
0,127558.00,-8.945193,2.411084,13.852360,0.047912,0.430943,-0.382421,-23.816864,30.821825,-16.249634
0,127582.00,-9.632364,1.726307,14.783751,0.299851,0.774763,-0.205052,-14.185044,19.789013,-85.141312
0,127606.00,-9.282793,0.871534,15.463739,0.559780,1.194749,0.133974,-14.185044,19.789013,-85.141312
0,127630.00,-6.807062,-0.356754,15.790565,1.091887,1.939913,0.976611,-14.185044,19.789013,-85.141312
0,127654.00,-5.631449,-0.998433,16.103024,1.307873,2.165753,1.298592,-14.185044,19.789013,-85.141312
0,127678.00,-4.246333,-1.456946,16.070702,1.467399,2.396919,1.531888,-14.185044,19.789013,-85.141312
0,127702.00,-2.781007,-1.606591,15.528386,1.602423,2.581212,1.659722,-14.185044,19.789013,-85.141312
0,127726.00,-1.641309,-1.952571,15.077056,1.708418,2.674424,1.613915,-14.710417,-5.603968,-30.806597
0,127750.00,-0.434570,-2.795373,14.483264,1.751296,2.759647,1.274889,-14.710417,-5.603968,-30.806597
0,127774.00,0.160420,-3.043185,13.839191,1.750231,2.756451,1.104178,-14.710417,-5.603968,-30.806597
0,127798.00,0.468090,-3.575922,13.339974,1.784320,2.692801,0.970752,-14.710417,-5.603968,-30.806597
0,127822.00,0.836816,-4.903575,12.234994,1.782189,2.620361,0.882333,-14.710417,-5.603968,-30.806597
0,127846.00,2.050738,-6.060033,10.487138,1.604554,2.542063,0.880735,46.582985,2.101488,-27.759790
0,127870.00,4.612665,-5.196879,6.901638,0.997344,2.049904,1.083671,46.582985,2.101488,-27.759790
0,127894.00,5.838558,-4.387598,5.418355,0.723833,1.557744,1.070622,46.582985,2.101488,-27.759790
0,127918.00,5.949894,-3.834509,4.844914,0.505184,0.944941,0.901242,46.582985,2.101488,-27.759790
0,127942.00,5.509339,-3.789017,4.868857,0.325951,0.352379,0.667147,46.582985,2.101488,-27.759790
0,127966.00,4.817379,-4.008098,5.293850,0.128075,-0.099566,0.427458,34.849678,-2.977108,-47.564030
0,127990.00,4.458231,-3.961409,5.885248,-0.393114,-0.678014,-0.133678,34.849678,-2.977108,-47.564030
0,128014.00,4.154151,-4.102674,6.398830,-0.628541,-1.023431,-0.414380,34.849678,-2.977108,-47.564030
0,128038.00,3.664512,-4.339712,7.090790,-0.833607,-1.406399,-0.606130,34.849678,-2.977108,-47.564030
0,128062.00,3.071917,-4.373232,8.163446,-1.031483,-1.764334,-0.690021,34.849678,-2.977108,-47.564030
0,128086.00,2.511646,-4.452245,9.185822,-1.218706,-2.067140,-0.737692,32.222816,27.319345,-90.388588
0,128110.00,1.840038,-4.101477,11.332335,-1.618986,-2.588594,-0.825045,32.222816,27.319345,-90.388588
0,128134.00,1.325258,-3.920705,12.491187,-1.754543,-2.825886,-0.871385,32.222816,27.319345,-90.388588
0,128158.00,0.325628,-3.948240,13.822431,-1.850950,-3.009114,-0.920121,32.222816,27.319345,-90.388588
0,128182.00,-1.145684,-3.664512,15.262616,-1.962006,-3.062378,-0.961667,32.222816,27.319345,-90.388588
0,128206.00,-2.546363,-2.776218,16.785406,-2.085578,-2.995798,-0.992028,32.222816,27.319345,-90.388588
0,128230.00,-5.918768,-0.213095,18.317774,-1.872522,-2.484197,-0.967793,-26.443726,20.839756,-75.662354
0,128254.00,-7.014171,0.231052,17.482155,-1.617920,-2.017071,-0.941960,-26.443726,20.839756,-75.662354
0,128278.00,-7.387686,1.401877,16.188023,-1.434159,-1.490290,-0.928644,-26.443726,20.839756,-75.662354
0,128302.00,-7.461910,2.463759,15.016001,-1.217907,-1.027959,-0.952346,-26.443726,20.839756,-75.662354
0,128326.00,-8.358584,3.344870,13.736235,-0.702312,-0.390654,-0.864993,-26.443726,20.839756,-75.662354
0,128350.00,-8.679423,3.680076,13.244202,-0.406963,-0.128595,-0.662856,-22.065624,-3.852728,-34.869003
0,128374.00,-8.948785,4.066759,13.232230,-0.128392,0.113223,-0.459121,-22.065624,-3.852728,-34.869003
0,128398.00,-9.525817,3.698033,13.859543,0.181871,0.329209,-0.266838,-22.065624,-3.852728,-34.869003
0,128422.00,-10.059752,3.107832,14.844807,0.482014,0.599258,-0.028748,-22.065624,-3.852728,-34.869003
0,128446.00,-9.243287,1.753842,16.120981,1.076973,1.416328,0.566478,18.738268,19.438765,-73.292618
0,128470.00,-8.017393,0.551892,16.029997,1.322254,1.844304,0.781664,18.738268,19.438765,-73.292618
0,128494.00,-6.639460,-0.401049,15.977322,1.461007,2.170813,0.952908,18.738268,19.438765,-73.292618
0,128518.00,-5.357299,-1.120543,16.019222,1.569399,2.371885,1.123087,18.738268,19.438765,-73.292618
0,128542.00,-4.316966,-1.992077,16.161686,1.691374,2.494126,1.307647,18.738268,19.438765,-73.292618
0,128566.00,-1.780180,-2.585870,15.940210,1.819208,2.627286,1.524698,18.738268,19.438765,-73.292618
0,128590.00,-0.750620,-3.028820,15.648103,1.891647,2.625422,1.445068,-3.852728,36.425793,-82.602303
0,128614.00,-0.101759,-3.544796,15.334446,1.913751,2.597991,1.284211,-3.852728,36.425793,-82.602303
0,128638.00,0.311262,-3.838101,14.995649,1.884989,2.576685,1.092460,-3.852728,36.425793,-82.602303
0,128662.00,0.500414,-4.470202,14.118130,1.858889,2.623025,0.894850,-3.852728,36.425793,-82.602303
0,128686.00,3.196422,-5.644618,9.758066,1.544898,2.917841,0.564347,-3.852728,36.425793,-82.602303
0,128710.00,5.529691,-5.579971,6.544884,1.207737,2.787078,0.449297,56.039680,-19.613888,-89.372986
0,128734.00,6.419182,-5.202866,4.724000,0.866581,2.251508,0.403223,56.039680,-19.613888,-89.372986
0,128758.00,6.571221,-4.998151,3.668104,0.609315,1.518062,0.490044,56.039680,-19.613888,-89.372986
0,128782.00,6.422773,-4.455836,3.329307,0.340864,0.786214,0.556890,56.039680,-19.613888,-89.372986
0,128806.00,5.593140,-3.609443,4.029647,-0.143838,-0.472415,0.429323,56.039680,-19.613888,-89.372986
0,128830.00,5.195683,-3.523247,4.690480,-0.406963,-0.935545,0.162204,7.705456,26.268600,7.109215
0,128854.00,4.564778,-3.408320,5.706871,-0.679674,-1.340352,-0.142467,7.705456,26.268600,7.109215
0,128878.00,3.809369,-3.599866,6.756782,-0.922026,-1.696422,-0.433288,7.705456,26.268600,7.109215
0,128902.00,3.056354,-3.897959,7.952746,-1.147333,-2.030654,-0.631963,7.705456,26.268600,7.109215
0,128926.00,2.135737,-3.863241,10.478758,-1.582766,-2.630141,-0.823980,7.705456,26.268600,7.109215
0,128950.00,1.500044,-3.968591,11.893803,-1.744422,-2.879949,-0.931840,18.388020,-17.337276,-88.188110
0,128974.00,0.672805,-4.035633,13.445325,-1.894893,-3.087146,-0.985370,18.388020,-17.337276,-88.188110
0,128998.00,-0.404641,-3.896762,15.044733,-2.033912,-3.205658,-1.037036,18.388020,-17.337276,-88.188110
0,129022.00,-1.697575,-3.464586,16.664494,-2.112477,-3.225899,-1.048221,18.388020,-17.337276,-88.188110
0,129046.00,-3.950634,-2.080667,18.031652,-2.079986,-2.906315,-1.006143,18.388020,-17.337276,-88.188110
0,129070.00,-4.745550,-1.168430,17.806585,-1.991567,-2.633869,-0.960336,18.388020,-17.337276,-88.188110
0,129094.00,-5.500959,0.316051,17.500113,-1.823786,-2.356097,-0.871918,12.083556,-21.190004,-71.599945
0,129118.00,-6.417984,1.160050,17.016459,-1.517251,-2.044502,-0.778972,12.083556,-21.190004,-71.599945
0,129142.00,-7.119522,1.513213,16.141333,-1.241344,-1.624782,-0.738491,12.083556,-21.190004,-71.599945
0,129166.00,-7.551697,3.012059,14.182776,-0.932678,-0.780547,-0.731034,12.083556,-21.190004,-71.599945
0,129190.00,-8.034153,4.242742,13.975667,-0.736401,-0.503574,-0.686026,12.083556,-21.190004,-71.599945
0,129214.00,-9.057727,4.299008,14.019962,-0.390184,-0.274539,-0.607728,-46.232738,42.380009,-52.811310
0,129238.00,-10.168693,3.972183,14.119327,-0.057018,0.027468,-0.459920,-46.232738,42.380009,-52.811310
0,129262.00,-10.805583,3.921902,14.592206,0.209036,0.424019,-0.248728,-46.232738,42.380009,-52.811310
0,129286.00,-10.786428,3.257477,16.281401,0.869510,1.273048,0.320131,-46.232738,42.380009,-52.811310
0,129310.00,-10.591290,1.933416,17.102654,1.234102,1.760946,0.604561,-46.232738,42.380009,-52.811310
0,129334.00,-9.838276,0.457316,17.383987,1.521994,2.388663,0.902574,-31.522322,44.481499,-74.816017
0,129358.00,-8.181404,-0.495625,17.111034,1.661013,2.940212,1.166231,-31.522322,44.481499,-74.816017
0,129382.00,-6.596362,-1.467720,16.990122,1.736382,3.157263,1.389141,-31.522322,44.481499,-74.816017
0,129406.00,-3.638175,-3.041988,16.317316,1.896707,3.111722,1.927906,-31.522322,44.481499,-74.816017
0,129430.00,-2.524814,-3.171282,15.875564,1.974206,2.945272,2.129511,-31.522322,44.481499,-74.816017
0,129454.00,-1.674829,-3.305364,15.367967,2.040253,2.787877,2.158806,-31.522322,44.481499,-74.816017
0,129478.00,-0.921815,-3.765074,14.980086,2.060227,2.646461,2.016857,-31.522322,44.481499,-74.816017
0,129502.00,-0.339994,-4.072745,14.296507,2.027736,2.568962,1.777435,-31.522322,44.481499,-74.816017
0,129526.00,1.516804,-5.210048,11.300011,1.801098,2.609709,1.264503,-31.522322,44.481499,-74.816017
0,129550.00,3.217971,-5.383637,8.959559,1.513738,2.549520,1.024548,-31.522322,44.481499,-74.816017
0,129574.00,4.463019,-5.256738,7.097972,1.181903,2.236594,0.838391,-31.522322,44.481499,-74.816017
0,129598.00,4.791042,-5.139416,6.014541,0.893745,1.697029,0.738254,7.530332,-27.144220,-73.292618
0,129622.00,4.876040,-4.919138,5.454269,0.661248,1.124707,0.732395,7.530332,-27.144220,-73.292618
0,129646.00,5.025685,-4.203235,4.934701,0.160299,0.244253,0.437046,7.530332,-27.144220,-73.292618
0,129670.00,5.262723,-3.888382,4.680903,-0.098031,-0.110219,0.087368,7.530332,-27.144220,-73.292618
0,129694.00,5.055614,-3.811763,4.779070,-0.339850,-0.484932,-0.284415,7.530332,-27.144220,-73.292618
0,129718.00,4.781465,-3.951831,5.068783,-0.579005,-0.864438,-0.604798,11.032812,-7.880580,-113.239632
0,129742.00,4.163729,-4.222390,5.887642,-0.803247,-1.286023,-0.801875,11.032812,-7.880580,-113.239632
0,129766.00,2.879174,-4.510906,8.105983,-1.301266,-2.113479,-1.031177,11.032812,-7.880580,-113.239632
0,129790.00,2.248270,-4.576750,9.458776,-1.549210,-2.502040,-1.102817,11.032812,-7.880580,-113.239632
0,129814.00,1.861587,-4.797028,10.690656,-1.785702,-2.836805,-1.160875,11.032812,-7.880580,-113.239632
0,129838.00,0.775761,-4.140983,12.937728,-2.048826,-3.144138,-1.239173,19.964136,29.771080,-27.759790
0,129862.00,-0.106547,-4.373232,14.691570,-2.231788,-3.331095,-1.373398,19.964136,29.771080,-27.759790
0,129886.00,-2.531997,-3.695639,17.905951,-2.431528,-3.440286,-1.401628,19.964136,29.771080,-27.759790
0,129910.00,-3.920705,-3.095860,18.982199,-2.404630,-3.357461,-1.343304,19.964136,29.771080,-27.759790
0,129934.00,-4.797028,-2.056724,19.349728,-2.324468,-3.154525,-1.231183,19.964136,29.771080,-27.759790
0,129958.00,-5.551239,-0.974490,19.121069,-2.182785,-2.861573,-1.121459,19.964136,29.771080,-27.759790
0,129982.00,-6.524532,0.161617,18.741570,-1.962006,-2.510296,-1.031177,18.037773,1.576116,-86.495445
0,130006.00,-7.837819,1.148078,15.893520,-1.393146,-1.532369,-1.028514,18.037773,1.576116,-86.495445
0,130030.00,-7.925211,2.019612,14.625727,-1.233354,-1.045536,-1.069527,18.037773,1.576116,-86.495445
0,130054.00,-7.994647,3.121001,13.932570,-1.040272,-0.672687,-1.042362,18.037773,1.576116,-86.495445
0,130078.00,-8.454357,3.640569,13.537506,-0.771821,-0.415156,-0.950216,18.037773,1.576116,-86.495445
0,130102.00,-9.525817,4.247530,13.567435,-0.477005,-0.197306,-0.818121,18.738268,35.900421,-96.651466
0,130126.00,-11.671131,4.703649,15.156069,0.176012,0.464233,-0.391210,18.738268,35.900421,-96.651466
0,130150.00,-12.047040,4.343303,16.049152,0.535278,0.886617,-0.085208,18.738268,35.900421,-96.651466
0,130174.00,-11.839931,3.366419,16.724352,0.930764,1.329507,0.341970,18.738268,35.900421,-96.651466
0,130198.00,-10.562559,2.413478,17.024839,1.251413,1.739641,0.827738,18.738268,35.900421,-96.651466
0,130222.00,-9.272018,1.385116,17.415113,1.522527,2.058426,1.305250,-27.669592,-8.055704,-29.790995
0,130246.00,-6.572419,-1.096600,18.222000,1.967814,2.520758,2.066925,-27.669592,-8.055704,-29.790995
0,130270.00,-4.901181,-1.703561,18.098692,2.106035,2.707448,2.271992,-27.669592,-8.055704,-29.790995
0,130294.00,-3.545993,-2.096231,17.865246,2.232004,2.803856,2.289569,-27.669592,-8.055704,-29.790995
0,130318.00,-2.515237,-2.706783,17.252300,2.362767,2.841407,2.151349,-27.669592,-8.055704,-29.790995
0,130342.00,-2.050738,-3.674090,16.805758,2.440533,2.847266,1.928173,8.055704,-21.715376,-91.404190
0,130366.00,-0.700340,-4.642594,15.118957,2.364631,2.848598,1.567309,8.055704,-21.715376,-91.404190
0,130390.00,-0.254995,-5.193288,14.295310,2.266892,2.774028,1.420034,8.055704,-21.715376,-91.404190
0,130414.00,0.053872,-6.031301,13.445325,2.148379,2.686409,1.295662,8.055704,-21.715376,-91.404190
0,130438.00,0.986461,-6.457491,11.795636,1.959292,2.672827,1.233610,8.055704,-21.715376,-91.404190
0,130462.00,3.153324,-6.625093,9.310328,1.654888,2.641135,1.128946,8.055704,-21.715376,-91.404190
0,130486.00,5.344131,-5.694899,5.372862,0.989887,1.943375,0.723340,93.516220,26.969097,-93.773926
0,130510.00,5.256738,-5.560817,4.429499,0.717974,1.391294,0.588316,93.516220,26.969097,-93.773926
0,130534.00,5.522508,-5.148993,3.619020,0.433278,0.888481,0.517741,93.516220,26.969097,-93.773926
0,130558.00,5.862502,-4.470202,3.124593,0.126210,0.375815,0.367536,93.516220,26.969097,-93.773926
0,130582.00,5.403988,-4.011689,3.403531,-0.165943,-0.168543,0.102282,93.516220,26.969097,-93.773926
0,130606.00,3.487333,-4.029647,5.113078,-0.707372,-1.020235,-0.478563,11.558185,5.603968,-60.597591
0,130630.00,2.953398,-3.737539,6.063625,-0.996862,-1.335292,-0.690287,11.558185,5.603968,-60.597591
0,130654.00,2.308128,-3.660921,7.227266,-1.242941,-1.661534,-0.895087,11.558185,5.603968,-60.597591
0,130678.00,1.482086,-3.707610,8.559708,-1.469580,-1.981651,-1.068728,11.558185,5.603968,-60.597591
0,130702.00,0.943364,-3.547191,9.798770,-1.698615,-2.251433,-1.202687,11.558185,5.603968,-60.597591
0,130726.00,-0.518371,-3.456206,12.548651,-2.063208,-2.743859,-1.474067,-14.710417,-32.923313,-22.004711
0,130750.00,-1.482086,-2.956990,14.435378,-2.232321,-2.932680,-1.614684,-14.710417,-32.923313,-22.004711
0,130774.00,-2.578687,-2.742698,15.810917,-2.274666,-3.036811,-1.627734,-14.710417,-32.923313,-22.004711
0,130798.00,-3.213182,-2.645728,16.545975,-2.269339,-3.071699,-1.563551,-14.710417,-32.923313,-22.004711
0,130822.00,-3.997324,-1.740673,17.490534,-2.237647,-2.987276,-1.302291,-14.710417,-32.923313,-22.004711
0,130845.00,-4.715621,-0.733860,18.141790,-2.176127,-2.921228,-1.153951,12.083556,5.428844,-57.720051
0,130869.00,-5.602717,0.633299,18.454250,-2.034179,-2.764100,-1.030911,12.083556,5.428844,-57.720051
0,130893.00,-6.622699,1.559902,18.146580,-1.780109,-2.457032,-1.006409,12.083556,5.428844,-57.720051
0,130917.00,-7.223675,1.784968,16.938643,-1.483961,-2.004555,-1.111606,12.083556,5.428844,-57.720051
0,130941.00,-7.702539,2.247073,15.730707,-1.277829,-1.516922,-1.312411,12.083556,5.428844,-57.720051
0,130965.00,-8.949982,2.703192,14.139679,-0.842929,-0.697189,-1.469540,15.936284,56.915302,-34.361202
0,130989.00,-9.143922,2.918681,13.420184,-0.589392,-0.348842,-1.264740,15.936284,56.915302,-34.361202
0,131013.00,-9.272018,3.098255,12.936531,-0.322539,-0.105958,-0.982707,15.936284,56.915302,-34.361202
0,131037.00,-9.744898,2.959384,13.106528,-0.044767,0.056231,-0.673243,15.936284,56.915302,-34.361202
0,131061.00,-10.517067,2.632559,13.936161,0.218357,0.272483,-0.345669,15.936284,56.915302,-34.361202
0,131085.00,-10.293198,1.713139,15.068676,0.706788,1.034957,0.478592,-6.129340,17.337276,8.294084
0,131109.00,-9.062515,1.428214,15.280574,0.939819,1.400349,0.904438,-6.129340,17.337276,8.294084
0,131133.00,-7.979084,0.690762,15.701975,1.197350,1.656016,1.264236,-6.129340,17.337276,8.294084
0,131157.00,-6.962693,-0.120913,16.301752,1.445294,1.860284,1.572635,-6.129340,17.337276,8.294084
0,131181.00,-5.808630,-0.943364,16.689634,1.669269,2.079465,1.811524,-6.129340,17.337276,8.294084
0,131205.00,-3.150930,-1.806517,16.141333,1.951835,2.511436,1.920183,56.565052,53.763069,-15.403298
0,131229.00,-2.063907,-2.017218,15.430219,2.029334,2.640868,1.749738,56.565052,53.763069,-15.403298
0,131253.00,-1.546733,-2.600235,14.775372,2.066353,2.697594,1.489810,56.565052,53.763069,-15.403298
0,131277.00,-1.643703,-3.508881,14.509602,2.058363,2.788409,1.283412,56.565052,53.763069,-15.403298
0,131301.00,-1.148078,-4.179292,13.611731,1.987788,2.921836,1.233077,56.565052,53.763069,-15.403298
0,131325.00,0.541117,-3.457403,11.642399,1.735583,2.584675,1.300722,56.565052,53.763069,-15.403298
0,131349.00,0.423795,-3.512473,11.037832,1.701761,2.238725,1.293532,31.172073,19.263641,-55.858116
0,131373.00,0.554286,-4.400767,10.520658,1.625060,2.031794,1.237871,31.172073,19.263641,-55.858116
0,131397.00,1.617366,-4.707241,9.125965,1.418396,2.050969,1.186737,31.172073,19.263641,-55.858116
0,131421.00,4.804211,-3.841692,5.990598,0.840481,1.680251,0.883931,31.172073,19.263641,-55.858116
0,131445.00,4.867660,-3.775848,5.327370,0.614642,1.146279,0.662619,31.172073,19.263641,-55.858116
0,131469.00,4.586327,-3.982957,5.281878,0.381079,0.624292,0.461814,88.087372,-11.733308,-25.220785
0,131493.00,4.340909,-4.073942,5.154979,0.149647,0.291924,0.303353,88.087372,-11.733308,-25.220785
0,131517.00,4.548018,-4.133800,4.947870,-0.117206,0.029332,0.079911,88.087372,-11.733308,-25.220785
0,131541.00,4.016478,-3.957817,6.100737,-0.682338,-0.796526,-0.466845,88.087372,-11.733308,-25.220785
0,131565.00,3.159310,-3.960212,7.147056,-0.903117,-1.217579,-0.649540,88.087372,-11.733308,-25.220785
0,131589.00,2.330874,-4.103871,8.214925,-1.117238,-1.635435,-0.770183,21.190004,-0.875620,-52.642040
0,131613.00,1.650886,-4.296614,9.488705,-1.358791,-2.022664,-0.875646,21.190004,-0.875620,-52.642040
0,131637.00,0.866745,-4.330134,10.807977,-1.601941,-2.266880,-0.971255,21.190004,-0.875620,-52.642040
0,131661.00,-0.854774,-3.720779,14.045103,-2.029651,-2.658637,-1.221330,21.190004,-0.875620,-52.642040
0,131685.00,-2.108202,-3.640569,15.518809,-2.137511,-2.727081,-1.333983,21.190004,-0.875620,-52.642040
0,131709.00,-3.271843,-3.173676,16.804562,-2.239778,-2.719358,-1.446370,15.936284,8.931324,-82.433037
0,131733.00,-4.618650,-2.336860,17.893978,-2.284520,-2.687133,-1.588851,15.936284,8.931324,-82.433037
0,131757.00,-6.176158,-1.767011,18.402773,-2.200629,-2.553440,-1.742784,15.936284,8.931324,-82.433037
0,131781.00,-8.654283,-0.246615,17.862852,-1.820856,-1.877786,-1.977945,15.936284,8.931324,-82.433037
0,131805.00,-8.995474,0.073027,16.738716,-1.573179,-1.462593,-2.033340,15.936284,8.931324,-82.433037
0,131829.00,-10.023836,0.454922,15.836057,-1.282091,-0.971232,-2.048254,15.936284,8.931324,-82.433037
0,131853.00,-10.062145,0.566258,13.732643,-0.968632,-0.431934,-1.956373,30.646700,52.362076,-92.589058
0,131877.00,-10.621220,1.267794,12.442103,-0.772620,-0.072135,-1.801641,30.646700,52.362076,-92.589058
0,131901.00,-10.926497,2.582278,9.590464,-0.472211,0.588072,-1.096692,30.646700,52.362076,-92.589058
0,131925.00,-12.633649,3.056354,8.864984,-0.328931,1.002200,-0.646344,30.646700,52.362076,-92.589058
0,131949.00,-12.403794,4.957447,8.012605,-0.275400,1.192086,-0.199459,30.646700,52.362076,-92.589058
0,131973.00,-13.902640,6.020527,8.219713,-0.122000,1.076770,0.164068,-1.926364,22.941244,-36.730942
0,131997.00,-16.302950,6.568827,9.481522,0.088127,1.201940,0.540911,-1.926364,22.941244,-36.730942
0,132021.00,-20.170980,6.670586,10.760091,0.724898,1.823265,1.191531,-1.926364,22.941244,-36.730942
0,132045.00,-21.214905,6.872906,12.992798,0.991485,2.508507,1.596338,-1.926364,22.941244,-36.730942
0,132069.00,-21.639898,7.792326,15.045930,1.378448,3.221979,2.122054,-1.926364,22.941244,-36.730942
0,132093.00,-23.041775,7.028537,16.997305,1.961423,3.747695,2.441638,-27.144220,9.982068,-18.111570
0,132117.00,-22.906494,5.445889,18.192072,2.447457,4.190585,2.158540,-27.144220,9.982068,-18.111570
0,132141.00,-12.468441,0.454922,12.153587,1.920409,1.428046,0.513746,-27.144220,9.982068,-18.111570
0,132165.00,-2.177637,2.189609,8.915264,0.530751,-3.914336,-0.644214,-27.144220,9.982068,-18.111570
1,132189.00,8.657874,1.120543,14.166017,1.189094,-6.659032,-2.437081,-27.144220,9.982068,-18.111570
1,132213.00,10.968397,-14.303690,38.401360,4.656849,-7.576505,-1.432788,-27.144220,9.982068,-18.111570
1,132237.00,8.368161,-6.807062,22.517418,3.772932,-5.204924,0.351025,-20.839756,68.823730,-107.484550
0,132261.00,17.202019,-3.848875,11.523880,3.251744,-0.362691,0.481255,-20.839756,68.823730,-107.484550
0,132285.00,13.007163,-5.129838,1.529973,4.119415,0.614438,0.174987,-20.839756,68.823730,-107.484550
0,132309.00,9.656307,-11.137197,5.623069,3.840844,1.146546,-0.490547,-20.839756,68.823730,-107.484550
0,132333.00,5.851727,-15.399093,8.471117,2.488737,3.218517,0.724938,-20.839756,68.823730,-107.484550
0,132357.00,10.728965,-3.741131,1.649689,0.694005,4.642530,1.061034,9.456697,-29.771080,-40.624084
0,132381.00,9.360608,-7.433178,7.798312,0.697467,6.805583,1.836558,9.456697,-29.771080,-40.624084
0,132405.00,8.147883,-5.278286,4.006901,0.198117,6.811442,2.693577,9.456697,-29.771080,-40.624084
0,132429.00,4.593510,-1.344413,4.090702,-0.562227,6.345914,2.996915,9.456697,-29.771080,-40.624084
0,132453.00,1.666449,-2.342846,5.180120,-0.501772,5.979990,3.498929,9.456697,-29.771080,-40.624084
0,132477.00,2.810936,-0.174786,2.223130,-0.686332,5.438828,3.226483,26.618849,-16.111408,-68.722404
0,132501.00,0.032323,-1.452157,3.966197,-1.526040,3.605480,1.669576,26.618849,-16.111408,-68.722404
0,132525.00,-0.243024,1.122938,0.253798,-2.075725,3.201738,1.427757,26.618849,-16.111408,-68.722404
0,132549.00,-2.554743,-0.154434,3.895565,-2.167605,1.745233,0.997650,26.618849,-16.111408,-68.722404
0,132573.00,-2.520026,1.626943,5.789474,-2.571347,0.926831,0.703100,26.618849,-16.111408,-68.722404
0,132597.00,-4.164926,2.121371,8.811111,-2.631801,0.327345,0.613616,48.159100,-47.458607,-90.219315
0,132621.00,-4.716818,3.085086,7.308673,-2.768690,-0.021535,0.031973,48.159100,-47.458607,-90.219315
0,132645.00,-7.026143,4.980193,10.427279,-2.858173,-0.570953,-0.574438,48.159100,-47.458607,-90.219315
0,132669.00,-9.001460,6.179749,11.352686,-2.502902,-0.358962,-1.017595,48.159100,-47.458607,-90.219315
0,132693.00,-9.298356,5.656590,10.429674,-2.261883,-0.002093,-1.529196,48.159100,-47.458607,-90.219315
0,132717.00,-9.097233,4.393584,9.113994,-1.981714,0.198179,-1.851709,48.159100,-47.458607,-90.219315
0,132741.00,-8.556116,4.486963,9.743700,-2.380129,-1.055390,-1.929209,42.905380,38.001907,-92.250519
0,132765.00,-9.249272,5.182514,10.647557,-2.533263,-1.574181,-1.568078,42.905380,38.001907,-92.250519
0,132789.00,-12.432526,7.385292,13.498000,-2.518881,-1.653012,-1.076984,42.905380,38.001907,-92.250519
0,132813.00,-11.315574,10.093271,12.138024,-2.201960,-1.222106,-0.657530,42.905380,38.001907,-92.250519
0,132837.00,-10.207002,12.311612,11.844719,-1.718589,-1.111050,-0.632496,42.905380,38.001907,-92.250519
0,132861.00,-9.753278,13.002375,10.724175,-0.332925,-0.756845,-1.188306,-36.250668,15.235788,-126.103928
0,132885.00,-10.582911,11.440079,11.055790,0.256175,-0.723555,-1.158212,-36.250668,15.235788,-126.103928
0,132909.00,-9.839474,10.588897,9.533000,0.588010,-0.474279,-0.617315,-36.250668,15.235788,-126.103928
0,132933.00,-9.787995,10.105243,9.018220,0.639942,-0.387725,0.209076,-36.250668,15.235788,-126.103928
0,132957.00,-9.066107,9.738912,8.396894,0.618370,-0.476676,1.081275,-36.250668,15.235788,-126.103928
0,132981.00,-7.964718,9.582084,9.264835,0.557649,-1.180560,2.457883,57.615799,-16.987028,-17.773037
0,133005.00,-8.329852,9.097233,11.716623,0.703060,-1.566458,2.971615,57.615799,-16.987028,-17.773037
0,133029.00,-7.218886,8.645903,11.447262,1.143820,-1.538228,3.497331,57.615799,-16.987028,-17.773037
0,133053.00,-6.548475,7.018960,11.319165,1.350751,-1.571518,3.702930,57.615799,-16.987028,-17.773037
0,133077.00,-4.569567,6.088765,11.015086,1.394427,-1.881515,3.901871,57.615799,-16.987028,-17.773037
0,133101.00,-4.131405,3.109029,13.792501,1.421325,-3.336421,4.421462,17.162153,-58.841667,-34.191936
0,133125.00,-2.559532,2.446999,12.148799,1.622930,-3.012843,5.154908,17.162153,-58.841667,-34.191936
0,133149.00,-0.438161,2.309325,11.551414,1.476720,-2.940670,5.627093,17.162153,-58.841667,-34.191936
0,133173.00,2.783401,2.634953,9.867008,1.348886,-3.161183,5.853998,17.162153,-58.841667,-34.191936
0,133197.00,4.214010,3.205999,9.850247,1.214128,-3.788100,5.818577,17.162153,-58.841667,-34.191936
0,133221.00,2.375169,2.845654,9.549760,1.596830,-3.376103,5.714979,-30.996948,22.590996,-19.465706
0,133245.00,3.451418,2.573898,8.562101,1.466600,-3.161716,5.436141,-30.996948,22.590996,-19.465706
0,133269.00,5.700885,2.326086,7.714511,1.238097,-3.179559,4.941052,-30.996948,22.590996,-19.465706
0,133293.00,7.350574,3.003679,7.754017,1.033830,-3.438156,4.470731,-30.996948,22.590996,-19.465706
0,133317.00,5.717645,2.843259,8.868575,0.905463,-3.598214,4.065925,-30.996948,22.590996,-19.465706
0,133341.00,5.133430,2.152497,6.154609,0.875369,-3.119903,3.398793,-9.106448,115.581841,-14.218430
0,133365.00,5.919965,2.288974,5.576380,0.843943,-2.964639,2.886659,-9.106448,115.581841,-14.218430
0,133389.00,6.883681,1.656872,4.829351,0.924106,-2.849855,2.259208,-9.106448,115.581841,-14.218430
0,133413.00,6.218059,0.502808,4.625834,1.025840,-2.702047,1.711654,-9.106448,115.581841,-14.218430
0,133437.00,6.033696,-0.003591,3.428672,1.026106,-2.316682,1.365971,-9.106448,115.581841,-14.218430
0,133461.00,7.059663,-0.354360,1.847221,0.921442,-1.923061,1.147855,-101.046547,-48.859596,25.897854
0,133485.00,7.544514,-0.659636,1.264203,0.884424,-1.943035,1.135604,-101.046547,-48.859596,25.897854
0,133509.00,7.449938,-1.132515,1.033151,0.839948,-2.031719,1.162768,-101.046547,-48.859596,25.897854
0,133533.00,6.652628,-1.218711,0.772169,0.788549,-1.837039,1.193928,-101.046547,-48.859596,25.897854
0,133557.00,6.566433,-1.012799,0.363937,0.784021,-1.466055,1.258377,-101.046547,-48.859596,25.897854
0,133581.00,8.181404,-1.072657,-0.289713,0.831693,-0.885211,1.048517,-101.046547,-48.859596,25.897854
0,133605.00,8.467525,-1.696378,-0.858365,0.855928,-0.766166,0.865289,-57.966045,73.376961,-61.782459
0,133629.00,7.792326,-2.442210,-1.216316,0.810121,-0.709972,0.756364,-57.966045,73.376961,-61.782459
0,133653.00,7.188957,-2.772627,-0.872731,0.735285,-0.537130,0.809095,-57.966045,73.376961,-61.782459
0,133677.00,7.713314,-2.418267,-1.031954,0.700397,-0.219411,0.895916,-57.966045,73.376961,-61.782459
0,133701.00,9.104416,-3.109029,-1.474903,0.755791,0.002434,0.664750,-57.966045,73.376961,-61.782459
0,133725.00,9.015826,-3.427474,-1.556310,0.658052,-0.028459,0.451161,-27.144220,123.112175,3.554607
0,133749.00,8.026970,-3.814158,-1.198359,0.528088,-0.024997,0.375526,-27.144220,123.112175,3.554607
0,133773.00,8.501046,-3.906339,-1.479692,0.374687,0.134529,0.439177,-27.144220,123.112175,3.554607
0,133797.00,9.112796,-3.432263,-1.199556,0.254310,0.241590,0.504958,-27.144220,123.112175,3.554607
0,133821.00,9.663490,-4.203235,-1.579057,0.245788,0.113756,0.238638,-27.144220,123.112175,3.554607
0,133845.00,8.961953,-4.097885,-1.138501,0.085996,0.056497,0.102282,-78.455551,59.892410,-15.911099
0,133869.00,8.581256,-3.913522,-0.976884,-0.036245,0.135062,0.101216,-78.455551,59.892410,-15.911099
0,133893.00,9.006248,-3.748314,-1.034348,-0.116407,0.262895,0.129713,-78.455551,59.892410,-15.911099
0,133917.00,10.078906,-2.753472,-0.551892,-0.227196,0.244253,0.120924,-78.455551,59.892410,-15.911099
0,133941.00,8.389710,-3.007271,-0.500414,-0.122000,0.091918,-0.058842,-78.455551,59.892410,-15.911099
0,133965.00,8.626748,-2.769035,-0.316051,-0.095102,0.230404,-0.035672,-17.162153,43.781002,-26.744188
0,133989.00,9.419270,-3.516064,-0.715903,-0.074062,0.367559,-0.074022,-17.162153,43.781002,-26.744188
0,134013.00,10.317141,-2.956990,-0.867942,-0.133185,0.322285,-0.068163,-17.162153,43.781002,-26.744188
0,134037.00,8.873363,-2.675657,-0.602172,-0.148366,0.177407,-0.096127,-17.162153,43.781002,-26.744188
