0,164601.00,-8.909279,-0.979278,4.628826,0.009244,0.136976,0.093074
0,164623.00,-8.628544,-1.170226,4.691677,0.042268,0.185180,0.088812
0,164645.00,-8.504638,-1.346807,4.613862,0.039338,0.200893,0.116776
0,164667.00,-8.534567,-1.658069,4.704247,0.019897,0.180120,0.145539
0,164689.00,-8.666255,-1.692188,4.687487,-0.050412,0.197697,0.172171
0,164711.00,-8.477103,-1.374342,4.559989,-0.128444,0.284784,0.180959
0,164733.00,-8.156862,-1.264802,4.623439,-0.148684,0.362283,0.168709
0,164755.00,-7.892290,-1.420433,5.074769,-0.130840,0.374268,0.148468
0,164777.00,-7.809087,-1.409658,5.714652,-0.122052,0.387850,0.145539
0,164799.00,-6.308444,-1.693984,6.898046,-0.030704,0.570279,0.077361
0,164821.00,-5.755954,-2.327283,7.485254,0.006314,0.511156,0.055256
0,164843.00,-5.193887,-2.154891,8.618967,-0.087963,0.357490,0.018504
0,164865.00,-5.160965,-1.937008,8.844033,-0.113530,0.166005,-0.034227
0,164887.00,-4.672523,-1.879544,9.494092,-0.059467,-0.026011,-0.131701
0,164909.00,-3.872819,-1.872361,9.563527,-0.012594,-0.301653,-0.244620
0,164931.00,-4.032041,-2.913293,9.898134,0.069965,-0.768778,-0.280041
0,164953.00,-4.897589,-4.082322,10.446434,0.021495,-1.315001,-0.222249
0,164975.00,-6.267142,-4.317564,10.889384,-0.234972,-1.708090,-0.103737
0,164997.00,-7.197936,-3.416700,10.181263,-0.521798,-1.846576,-0.057131
0,165019.00,-6.857942,-3.013256,8.522595,-0.467735,-2.034598,-0.199612
0,165041.00,-7.303286,-3.431664,8.670444,-0.367599,-2.290532,-0.167920
0,165063.00,-8.140102,-2.733719,8.070068,-0.431516,-2.411974,-0.176442
0,165085.00,-8.870970,-2.435626,7.734264,-0.392633,-2.320360,-0.243555
0,165107.00,-9.064910,-2.913293,7.463107,-0.395030,-2.012227,-0.273117
0,165129.00,-8.504039,-2.666080,6.937553,-0.518070,-1.690512,-0.237696
0,165151.00,-9.063114,-2.128554,7.109944,-0.657888,-1.552026,-0.176709
0,165173.00,-11.563386,-0.864949,6.483829,-0.796108,-1.663881,-0.182834
0,165195.00,-16.292774,-0.645270,4.278058,-0.738317,-1.672935,-0.177774
0,165217.00,-19.614300,0.766782,1.490466,-0.797174,-1.038561,-0.331174
0,165239.00,-19.614300,11.716024,-11.447860,-0.520733,-0.143192,-0.869407
0,165261.00,-19.614300,7.047093,-7.089592,1.262014,-0.473429,-1.167686
0,165283.00,-19.614300,0.777557,-2.347036,1.890530,0.299165,-1.075806
0,165305.00,-19.614300,-4.852695,3.431066,1.383456,2.256352,-0.135163
0,165327.00,-19.614300,-6.936954,7.674406,0.095265,4.508356,1.085382
0,165349.00,-15.354798,-6.988432,9.929859,-0.952172,5.836228,2.153859
0,165371.00,-9.488107,-5.129838,10.805583,-1.375355,6.237572,2.952021
0,165393.00,-14.037321,-6.102532,13.721869,-1.918381,5.990960,3.664693
0,165415.00,-11.188675,-0.070034,9.470149,-2.080837,5.533155,2.860673
0,165437.00,-12.036265,-0.296896,11.734580,0.337084,4.803172,2.356795
0,165459.00,-7.273357,-5.647611,18.037039,2.141936,4.160542,0.581505
0,165481.00,-4.551610,-8.548933,19.614300,1.712095,3.897950,0.378569
0,165503.00,-0.672805,-8.140102,19.614300,0.786632,3.465978,0.419049
0,165525.00,0.051478,-5.291455,19.614300,-0.016855,2.777807,0.464058
0,165547.00,3.573528,-0.554884,17.764685,-0.185969,2.004946,-0.000671
0,165569.00,5.494374,-0.521364,19.614300,1.188776,0.848850,-0.447556
0,165591.00,7.038115,-4.310381,19.614300,1.767756,-0.787421,-1.053435
0,165613.00,6.379077,-7.141669,19.614300,1.859636,-2.564575,-1.085926
0,165635.00,3.000686,-9.100824,19.614300,1.467879,-4.114026,-0.759417
0,165657.00,-2.259643,-8.642311,19.614300,0.882241,-5.376916,-0.516533
0,165679.00,-11.450853,-7.534937,19.614300,-0.109268,-5.958293,-0.441697
0,165701.00,-13.966090,-8.156862,19.614300,-0.406215,-5.811284,-0.168719
0,165723.00,-16.920685,-6.847766,17.164907,-0.794510,-5.905029,-0.065920
0,165745.00,-19.614300,-3.113818,15.420642,-0.756693,-5.948439,-0.047543
0,165767.00,-19.614300,-0.172391,11.477191,-0.846443,-5.648296,-0.008128
0,165789.00,-19.614300,-0.613545,7.406242,-0.767612,-5.332440,0.043005
0,165811.00,-19.614300,-1.410257,4.978397,-0.804630,-5.135630,0.077361
0,165833.00,-19.614300,0.311861,3.292794,-1.093588,-4.547329,0.289085
0,165855.00,-19.614300,2.675657,1.922043,-1.464306,-2.966985,0.257393
0,165877.00,-19.614300,6.716078,-2.719353,-1.772704,-1.072117,0.054191
0,165899.00,-18.609880,5.600323,-6.010351,-0.970548,-0.083537,0.339952
0,165921.00,-19.614300,4.096688,-4.206827,-0.544436,-0.358113,0.667526
0,165943.00,-19.614300,3.407123,-2.601433,-0.262403,0.184115,0.726383
0,165965.00,-19.614300,2.755867,0.884104,-0.013127,1.423037,0.657140
0,165987.00,-19.614300,2.985722,2.241087,-0.045352,2.870753,0.757276
0,166009.00,-18.787659,3.275435,2.186018,0.455863,3.779970,0.677114
0,166031.00,-19.614300,0.180771,5.205260,1.417279,3.970922,0.624382
0,166053.00,-19.522717,-1.060087,9.178041,1.794921,4.019125,0.536497
0,166075.00,-18.424320,-5.937324,12.486997,1.492914,4.836196,1.162349
0,166097.00,-19.614300,-6.376683,18.944489,1.341111,5.544075,2.191410
0,166119.00,-14.161826,-3.556169,19.614300,0.532563,7.885561,1.375405
0,166141.00,-12.504954,-8.305310,19.614300,1.076123,7.750803,2.002855
0,166163.00,-8.022780,-11.251526,19.614300,0.833239,6.503360,1.397510
0,166185.00,-8.307106,-13.645849,19.614300,0.743755,5.549135,1.647052
0,166207.00,-2.132744,-6.793295,19.614300,-0.547099,5.581359,1.320011
0,166229.00,2.579285,-3.423284,19.614300,-1.877368,5.745945,0.762602
0,166251.00,10.205206,5.806235,11.836938,-0.619005,4.513682,0.554340
0,166273.00,7.427791,0.109540,17.959822,2.275096,1.776177,0.599348
0,166295.00,6.153412,-4.066160,16.428652,2.492413,-0.877703,-0.594299
0,166317.00,-0.848189,-4.368443,19.504162,1.077720,-1.981867,-0.371921
0,166339.00,2.564919,0.157427,19.614300,0.545080,-1.513676,-0.298950
0,166361.00,3.790215,-1.757434,19.614300,0.007380,-1.991987,-0.157267
0,166383.00,2.936638,-4.083519,19.614300,0.179423,-3.539573,0.250735
0,166405.00,-3.291596,-5.372264,19.614300,0.282488,-5.249083,0.245142
0,166427.00,-7.382298,-5.269308,19.614300,-0.317797,-6.414233,-0.078969
0,166449.00,-13.325010,-4.956849,19.614300,-1.027807,-7.199345,0.163915
0,166471.00,-18.113657,-4.403162,19.614300,-0.539908,-7.805490,0.274970
0,166493.00,-19.614300,6.312634,7.974295,-0.070386,-7.343424,0.083486
0,166515.00,-19.614300,-19.614300,19.614300,0.059046,-2.784289,2.129624
0,166537.00,-16.132954,-8.483687,19.614300,-0.202214,-7.539968,-0.478450
0,166559.00,-19.614300,-0.425591,14.265381,-0.879466,-8.542931,-0.221983
0,166581.00,-19.614300,-3.438249,14.910052,-0.904234,-7.204405,0.369514
0,166603.00,-19.614300,0.585412,3.898558,-2.275517,-4.233337,1.125597
0,166625.00,-19.614300,5.147796,-1.357581,-2.455016,-1.820743,1.018270
0,166647.00,-19.614300,5.864297,-2.576292,-1.710652,-0.765050,0.714931
0,166669.00,-19.614300,4.106863,-0.718297,-1.159901,-0.631091,0.677646
0,166691.00,-19.614300,4.242742,-0.114928,-1.227014,-0.477690,0.487494
0,166713.00,-19.614300,5.599126,-2.630763,-1.190262,0.130052,0.508267
0,166735.00,-19.614300,2.526011,0.927800,-0.594504,1.100523,0.586299
0,166757.00,-16.368793,1.701167,4.574356,0.383424,3.533358,0.378569
0,166779.00,-12.544460,2.185419,5.406383,0.562125,4.039898,0.557802
0,166801.00,-13.134662,-0.583018,8.431611,1.000221,3.773578,0.877386
0,166823.00,-15.356594,-1.208535,8.086229,1.452167,3.597541,1.547448
0,166845.00,-19.614300,-5.915775,19.315607,1.714758,4.428460,1.776750
0,166867.00,-18.297422,-2.127955,18.712238,0.086211,6.658891,0.384960
0,166889.00,-10.541609,-0.888893,19.609510,-0.200616,8.457351,0.493619
0,166911.00,-7.250012,-3.073713,19.580181,0.270770,8.603827,0.948494
0,166933.00,-6.680163,-3.097058,15.947991,0.583430,7.373162,0.933314
0,166955.00,-9.246878,-5.641625,19.614300,1.455096,5.710525,1.257425
0,166977.00,-10.345274,-9.313919,19.614300,0.274765,5.567511,2.040939
0,166999.00,-6.394640,-5.429728,19.614300,-0.401155,5.828771,1.796457
0,167021.00,-1.376736,-2.290769,19.614300,-0.288768,5.537950,1.151430
0,167043.00,4.410344,-0.543512,19.614300,0.408192,4.741119,0.486428
0,167065.00,13.271137,2.634355,19.614300,1.582131,3.128284,-0.077105
0,167087.00,9.502472,-3.918909,15.984505,1.849516,0.207285,0.078692
0,167109.00,3.463389,-7.747433,19.614300,2.845820,-3.180041,0.032086
0,167131.00,-3.548388,-6.446717,19.614300,1.600507,-5.167322,-0.761548
0,167153.00,-7.886304,-4.214010,19.614300,0.505665,-4.947608,-0.758086
0,167175.00,-7.931197,-3.595077,19.420958,-0.032036,-3.831460,-0.172181
0,167197.00,-5.556028,-3.969190,19.546062,0.306990,-4.801398,-0.296819
0,167219.00,-9.445607,-3.600464,18.796040,0.356525,-6.115688,-0.108797
0,167241.00,-13.392051,-3.638773,18.451258,0.592485,-6.848335,-0.016650
0,167263.00,-15.778593,-3.523247,17.512682,0.686496,-6.746601,0.113048
0,167285.00,-19.614300,-4.833541,16.779421,0.520845,-6.078137,0.415321
0,167307.00,-19.614300,-4.104469,14.147460,-0.140961,-4.982496,0.292281
0,167329.00,-18.726006,-3.018045,11.367650,-0.690113,-3.901503,0.241947
0,167351.00,-16.904524,-1.292935,7.591802,-1.090925,-3.283640,0.192677
0,167373.00,-16.474743,-0.973891,5.776306,-1.221688,-3.335306,0.368715
0,167395.00,-18.684704,-1.366560,5.505149,-1.430483,-3.596033,0.706409
0,167417.00,-19.614300,2.614003,1.656872,-2.036628,-2.932630,0.874723
0,167439.00,-19.614300,4.791640,-0.584215,-1.823305,-2.174150,0.772190
0,167461.00,-19.614300,6.007957,-2.493688,-1.238466,-1.453754,0.390021
0,167483.00,-18.879841,4.805408,-2.423654,-0.321526,-0.766648,0.141011
0,167505.00,-17.406136,2.533195,-1.806517,0.256389,-0.023082,0.045402
0,167527.00,-16.885370,1.505431,-1.273780,0.387419,0.602504,0.098666
0,167549.00,-18.809208,0.937976,-1.265999,0.332557,1.056846,0.093606
0,167571.00,-19.614300,-0.099364,0.105350,0.489686,1.672312,-0.019580
0,167593.00,-19.614300,0.436964,3.323920,0.546145,2.848648,0.008650
0,167615.00,-18.702063,2.138131,5.162162,0.673180,4.251889,0.048864
0,167637.00,-19.614300,-0.088590,10.370415,0.866795,5.330220,1.223603
0,167659.00,-18.592522,-1.116353,19.614300,0.602605,5.674305,0.621186
0,167681.00,-19.614300,-2.772627,19.614300,-0.033900,7.265302,1.320543
0,167703.00,-18.138199,-5.849931,19.614300,-0.293296,8.610751,1.759439
0,167725.00,-10.527842,-8.107180,19.614300,0.516850,8.910361,1.376470
0,167747.00,-5.092727,-10.216579,19.614300,1.496109,8.272791,1.855580
0,167769.00,-2.802556,-4.376824,19.614300,-0.077044,6.645042,1.962108
0,167791.00,-1.463530,0.539321,19.614300,-1.089859,4.538982,1.115743
0,167813.00,-3.478354,-2.766042,18.197458,0.049458,3.204186,0.385493
0,167835.00,-2.391929,-4.626432,19.614300,1.570146,2.565550,0.121304
0,167857.00,6.232425,-4.231369,19.614300,0.308322,2.355690,-0.227310
0,167879.00,9.298356,-3.462791,18.901989,-0.104208,1.505329,0.056321
0,167901.00,8.391506,-3.071917,17.433670,0.612725,-0.629759,0.409728
0,167923.00,5.153782,-2.089047,19.614300,0.890764,-3.799768,0.217445
0,167945.00,-3.756095,-1.396489,19.614300,0.721118,-6.323152,-0.194286
0,167967.00,-11.960245,-2.565518,10.729563,0.080085,-6.949270,-0.454214
0,167989.00,-15.874965,-3.420291,19.614300,2.113972,-6.383606,-0.299216
0,168011.00,-15.404480,-4.956250,19.614300,0.749880,-5.244821,-0.700561
0,168033.00,-14.037321,-5.639231,19.600533,0.008978,-4.712181,-0.383107
0,168055.00,-14.576643,-5.137022,17.559971,-0.370795,-4.874370,0.000128
0,168077.00,-19.614300,-2.275206,15.703771,-1.012893,-5.327647,0.372710
0,168099.00,-19.614300,-0.041901,10.365626,-1.293062,-4.656786,0.535698
0,168121.00,-19.291065,-0.756606,6.470061,-1.042454,-3.836520,0.689631
0,168143.00,-17.835917,-0.871534,3.192232,-1.033133,-3.404283,0.680842
0,168165.00,-19.039064,-0.663826,3.844087,-1.110899,-3.089226,0.869397
0,168187.00,-19.614300,2.563722,-0.264573,-1.593204,-2.551259,0.705344
0,168209.00,-19.298248,4.832942,-1.661661,-1.452587,-1.745108,0.514126
0,168231.00,-18.530869,3.941057,-3.202408,-1.064825,-0.921646,0.373509
0,168253.00,-15.413459,4.193059,-2.871393,-0.780129,-0.327486,0.152729
0,168275.00,-16.544178,2.633157,-3.659724,-0.619005,0.017399,0.213983
0,168297.00,-16.630972,2.936638,-2.907308,-0.236570,0.628071,0.169774
0,168319.00,-16.518438,2.840865,-2.393126,-0.093023,1.227291,0.309858
0,168341.00,-16.428053,2.448795,-0.708121,0.114707,1.879243,0.506136
0,168363.00,-17.068535,2.566116,0.585412,0.232420,2.400432,0.560199
0,168385.00,-18.353090,1.702364,3.302969,0.504067,2.938398,0.506669
0,168407.00,-19.098921,-0.334607,6.641854,0.674245,3.823913,0.530371
0,168429.00,-18.200451,-1.253428,9.313919,0.615655,4.992792,0.714665
0,168451.00,-16.341858,-0.790725,11.323954,0.515252,5.834097,0.965272
0,168473.00,-19.613102,-2.105209,13.277722,0.648945,6.024783,1.214281
0,168495.00,-16.183233,-1.643105,17.056564,1.005548,5.986166,1.315483
0,168517.00,-17.076317,-8.890722,19.614300,0.698481,6.250888,1.461160
0,168539.00,-12.313408,-9.066706,19.614300,0.816460,6.519606,1.564226
0,168561.00,-7.590605,-4.542032,19.614300,0.218572,6.316403,1.593255
0,168583.00,-2.512244,-0.713508,19.614300,-0.679993,5.490811,1.288052
0,168605.00,-1.189380,-0.177180,17.694651,-0.617407,4.451363,1.024662
0,168627.00,2.409288,-1.517403,17.721586,0.324833,2.945589,0.617458
0,168649.00,1.741272,-3.487333,17.540815,1.376265,1.230753,0.276568
0,168671.00,1.869967,-5.925951,19.614300,1.489984,0.111676,-0.397222
0,168693.00,1.331843,-6.379675,19.595144,0.993563,-0.338671,-0.276579
0,168715.00,1.686801,-4.628826,18.529671,0.362917,-1.092890,-0.192155
0,168737.00,-1.361173,-4.520483,19.614300,0.048127,-2.971512,-0.062457
0,168759.00,-3.468776,-4.986179,19.614300,-0.430983,-3.756358,-0.125309
0,168781.00,-6.838189,-4.218798,19.614300,-0.564410,-4.714312,-0.274981
0,168803.00,-10.688261,-3.574127,19.614300,-0.564676,-5.542567,-0.758352
0,168825.00,-13.053853,-3.223358,19.614300,-0.570535,-6.022742,-0.999105
0,168847.00,-16.174854,-3.777046,19.610109,-0.373991,-6.312499,-0.691772
0,168869.00,-17.940668,-3.598070,18.495552,-0.288236,-6.489868,-0.618800
0,168891.00,-19.614300,-3.650146,18.551220,-0.277317,-6.608380,-0.520262
0,168913.00,-19.614300,-3.703420,17.419903,-0.611815,-6.308770,-0.263795
0,168935.00,-19.614300,0.625517,7.385292,-1.541006,-4.348121,-0.001204
0,168957.00,-19.614300,2.267425,3.054559,-1.480018,-3.720405,0.166844
0,168979.00,-19.614300,3.003081,1.355187,-1.366566,-3.365134,0.465389
0,169001.00,-19.614300,5.517719,-2.516434,-1.771373,-2.912922,0.487760
0,169023.00,-19.614300,9.236104,-5.425538,-1.732756,-2.068154,0.266448
0,169045.00,-19.614300,6.987235,-6.019928,-0.925806,-0.882231,-0.026504
0,169067.00,-19.614300,5.098114,-4.174503,-0.448294,0.171864,-0.043282
0,169089.00,-19.614300,4.827555,-3.519656,-0.532984,1.074956,0.410527
0,169111.00,-19.503563,6.296473,-3.606450,-0.696771,1.755404,0.732508
0,169133.00,-19.614300,7.966514,-2.715163,-0.628326,2.259282,1.042239
0,169155.00,-19.614300,5.241773,3.697434,1.190640,3.451065,0.412391
0,169177.00,-19.614300,3.917712,9.456980,2.009309,4.648440,0.162583
0,169199.00,-19.252756,-0.946356,14.028342,2.239409,5.955273,0.724519
0,169221.00,-15.444585,-7.090191,18.934910,1.570945,6.537449,1.810572
0,169243.00,-19.614300,-3.097058,17.035614,0.948821,6.113201,2.668123
0,169265.00,-19.614300,-2.779211,19.614300,0.770653,6.352623,2.289416
0,169287.00,-15.741481,-2.449393,19.614300,0.366379,7.603795,2.336022
0,169309.00,-12.752767,-5.457861,19.614300,1.004482,7.447998,2.587162
0,169331.00,-7.509198,-5.077762,19.614300,1.798116,6.210408,1.576211
0,169353.00,-6.140841,-4.793436,19.614300,2.030880,4.772279,0.661933
0,169375.00,0.368127,-4.076935,18.684105,1.989334,3.016430,-0.548758
0,169397.00,0.840408,-7.628914,19.614300,2.339545,1.803608,-0.536241
0,169419.00,0.345980,-9.491697,19.614300,1.722215,0.904511,-0.488570
0,169441.00,1.510818,-7.974894,19.614300,0.398604,0.912501,-0.189226
0,169463.00,3.326913,-5.618879,18.710443,-0.643773,0.848318,0.202797
0,169485.00,3.335293,0.129293,13.826022,-0.577193,-0.123218,0.165779
0,169507.00,4.512103,-0.404641,18.131615,-0.581454,-1.581854,-0.288563
0,169529.00,0.830232,1.108572,19.086351,-0.098882,-3.177378,-0.061925
0,169551.00,-1.674231,-1.373743,19.614300,0.595947,-4.694337,-0.480047
0,169573.00,-6.146828,-5.978028,19.614300,0.289945,-5.583314,-0.581515
0,169595.00,-13.885880,-3.936867,19.614300,-0.959629,-6.113824,-0.325582
0,169617.00,-16.647732,-3.428073,19.614300,-1.302649,-6.182535,-0.008661
0,169639.00,-18.947481,-2.457175,19.614300,-1.344994,-6.382009,0.065643
0,169661.00,-19.614300,-2.461365,19.614300,-1.156706,-6.488536,-0.011058
0,169683.00,-19.614300,-2.065703,17.293602,-1.225683,-6.261631,-0.088557
0,169705.00,-19.614300,-0.480660,14.211509,-1.237401,-5.511408,-0.168187
0,169727.00,-19.614300,1.905882,8.471117,-1.170821,-4.651194,-0.270453
0,169749.00,-19.614300,2.020211,5.296244,-0.799304,-4.245588,-0.127440
0,169771.00,-19.614300,2.572102,3.534620,-0.901571,-4.014955,0.121037
0,169793.00,-19.614300,4.888610,-1.713737,-1.340999,-3.287901,0.040875
0,169815.00,-19.614300,4.279255,-3.976373,-0.671204,-0.795677,-0.249947
0,169837.00,-18.009504,3.377792,-4.326543,-0.682123,0.159614,-0.155936
0,169859.00,-16.356224,4.152955,-4.418126,-0.815017,0.865628,0.204662
0,169881.00,-15.892323,5.749969,-4.609073,-0.862156,1.301062,0.622252
0,169903.00,-16.733330,5.438706,-3.136564,-0.375589,1.480562,0.729046
0,169925.00,-18.001123,4.667734,0.375909,0.146931,1.912267,0.725584
0,169947.00,-19.614300,4.628228,2.693614,0.141072,2.916826,0.712268
0,169969.00,-18.202847,4.113448,3.132972,0.527503,4.066264,0.453405
0,169991.00,-16.370590,1.311491,6.798682,1.599175,4.784530,0.873658
0,170013.00,-17.135576,-2.394922,11.449656,1.780539,5.062302,1.602310
0,170035.00,-19.614300,-2.223728,18.162741,0.559461,5.558989,2.769591
0,170057.00,-19.614300,-3.462791,19.614300,0.268107,6.434383,3.123797
0,170079.00,-17.183462,-4.658755,19.614300,0.019098,7.232544,3.246038
0,170101.00,-14.739457,-6.975264,19.614300,0.323235,7.062099,3.699315
0,170123.00,-14.696359,-5.026284,19.614300,0.368776,6.177118,3.431663
0,170145.00,-10.855864,-0.638686,19.614300,0.765860,5.306517,2.146935
0,170167.00,-6.295874,-0.307072,19.614300,2.075356,4.506758,0.768461
0,170189.00,-1.649689,-3.678280,19.614300,3.409353,3.592214,-0.035559
0,170211.00,2.186018,-6.432351,19.614300,3.448769,2.485654,-0.373786
0,170233.00,3.447227,-9.441417,19.614300,2.817058,1.255787,-0.414266
0,170255.00,1.956761,-8.384922,19.614300,0.423904,-0.128278,-0.199080
0,170277.00,4.209221,-3.650745,19.614300,-1.166027,-0.154910,-0.006530
0,170299.00,5.305223,-3.929684,19.614300,-1.634750,-0.928570,0.099465
0,170321.00,1.986091,-4.790443,19.212652,-1.139129,-2.843146,0.098134
0,170343.00,-7.126705,-3.496311,10.534426,-0.313270,-4.965718,-0.212129
0,170365.00,-6.142039,-3.285012,19.614300,-0.241363,-5.972142,-1.499787
0,170387.00,-12.074574,-5.215436,17.074520,-2.371924,-5.781989,-0.923204
0,170409.00,-12.633649,-4.142778,19.614300,-1.540473,-6.037923,-0.269388
0,170431.00,-16.214359,-4.696466,19.614300,-0.202481,-6.821703,-0.808420
0,170453.00,-19.614300,-6.655622,19.614300,-0.804364,-7.194285,-0.848102
0,170475.00,-19.614300,-0.465696,15.464937,-0.424059,-5.679988,-0.351947
0,170497.00,-19.614300,1.373145,13.606941,-0.650964,-5.084230,-0.905893
0,170519.00,-19.614300,2.773226,8.653685,-0.869613,-4.521762,-1.120547
0,170541.00,-19.614300,2.011232,4.615059,-0.779596,-3.874870,-0.981262
0,170563.00,-19.614300,3.993732,0.845196,-0.756959,-2.998144,-0.837183
0,170585.00,-19.614300,5.401594,-3.674090,-0.688781,-2.235936,-0.505614
0,170607.00,-19.424549,4.475590,-3.161705,-0.312471,-1.886790,-0.396423
0,170629.00,-19.614300,3.760884,-4.188271,-0.283442,-1.515806,-0.141022
0,170651.00,-19.614300,4.467808,-2.733120,-0.447229,-0.685154,0.382830
0,170673.00,-19.614300,5.897818,-3.759687,-0.783857,0.347103,0.651281
0,170695.00,-19.614300,9.093042,-1.322265,-0.417667,2.374865,0.491222
0,170717.00,-19.614300,8.174221,1.080439,0.299000,3.340009,0.145805
0,170739.00,-18.609880,4.659953,4.033238,1.017266,4.113935,-0.253409
0,170761.00,-18.931917,2.005246,7.973098,1.350965,4.609824,-0.334903
0,170783.00,-19.002550,1.475502,11.516697,1.446840,5.113169,-0.268323
0,170805.00,-19.341347,0.608158,15.553527,1.750711,5.845283,0.052593
0,170827.00,-19.614300,-0.471083,17.352262,1.801312,6.661820,0.387890
0,170849.00,-16.255064,-2.882167,19.575392,1.444443,7.257046,0.719991
0,170871.00,-17.797009,-4.242742,19.614300,1.935271,7.247991,1.405766
0,170893.00,-8.117954,-5.508740,19.614300,0.777578,7.010167,1.609767
0,170915.00,-11.694475,-3.213182,19.614300,0.162112,4.974416,2.334690
0,170937.00,-7.783947,-1.610781,19.614300,-0.273055,5.095858,0.726117
0,170959.00,-5.524902,-4.598897,19.614300,-0.195024,5.563782,0.096269
0,170981.00,4.901181,-2.277002,19.614300,0.765593,5.037267,-0.628121
0,171003.00,6.983644,-1.735286,19.614300,1.343774,3.594611,-0.751694
0,171026.00,10.318936,-1.892114,19.614300,1.456161,1.475502,-0.812149
0,171048.00,9.437227,-1.935212,19.614300,1.271069,-0.501127,-0.660346
0,171070.00,7.282934,-4.530060,19.614300,1.160280,-2.458313,-0.357274
0,171092.00,0.709318,-4.734177,19.614300,0.593817,-4.683418,-0.089089
0,171114.00,-8.498054,-0.419007,19.614300,-0.504488,-6.108231,0.247007
0,171136.00,-14.777167,-2.334466,19.614300,-0.374523,-5.746569,0.577510
0,171158.00,-13.569830,-1.021778,19.614300,-1.376153,-5.411005,-0.138092
0,171181.00,-15.099204,-2.196193,17.610849,-1.532217,-5.675727,0.080823
0,171203.00,-16.989523,-1.265400,19.614300,-1.026475,-6.555383,0.509598
0,171225.00,-19.614300,-1.556909,19.614300,-1.149515,-7.110127,0.399075
0,171247.00,-19.614300,0.348374,17.325926,-1.493334,-6.954863,0.228364
0,171269.00,-19.614300,1.101389,12.367879,-1.335939,-6.152707,0.205727
0,171291.00,-19.614300,1.435996,9.491697,-0.837121,-4.925237,0.126364
0,171313.00,-19.614300,-1.911269,7.470889,-0.870412,-3.885789,0.559134
0,171335.00,-19.614300,3.853065,-1.451559,-2.676595,-2.998677,1.050495
0,171358.00,-19.614300,8.561503,-4.322353,-2.637712,-2.809590,1.060615
0,171380.00,-19.614300,8.856604,-5.110085,-1.798804,-1.959496,0.679511
0,171402.00,-19.614300,8.718929,-3.929085,-0.955368,-0.506453,0.291216
0,171424.00,-19.456274,9.824509,-4.424112,-0.612081,1.056047,0.435561
0,171446.00,-16.100031,9.295961,-4.047006,-0.083702,1.946356,0.671521
0,171468.00,-15.865986,7.043502,-1.737082,0.534960,2.031312,0.820394
0,171490.00,-19.017515,6.912413,0.875724,0.633498,1.953280,0.930917
0,171512.00,-19.614300,6.089962,1.547930,0.470244,2.546641,0.897893
0,171534.00,-19.524513,1.693984,13.627294,1.788529,5.255383,0.414256
0,171556.00,-19.614300,-1.540149,16.794983,1.961371,6.535052,1.724551
0,171578.00,-19.614300,-3.614232,19.614300,1.328061,6.744912,2.145337
0,171600.00,-18.922939,-2.736712,19.614300,1.352296,6.547303,1.983680
0,171622.00,-17.713207,-5.052621,19.614300,1.592784,6.676734,2.279829
0,171644.00,-16.144325,-7.867149,19.614300,1.362683,6.886861,2.677977
0,171666.00,-12.413970,-7.354165,19.614300,1.028451,6.702035,2.547746
0,171688.00,-6.913011,-6.073202,19.614300,1.069731,6.345698,2.033216
0,171711.00,-1.634126,-4.621045,19.614300,1.432992,5.929173,1.407896
0,171733.00,4.995158,-4.415731,18.111862,1.402897,3.224160,0.002258
0,171755.00,6.157602,-5.670956,19.614300,2.061241,0.934073,-0.289362
0,171778.00,2.327881,-7.938979,19.614300,1.935538,-0.797807,-0.195351
0,171800.00,-0.454922,-9.497684,19.614300,1.249763,-1.400756,-0.424387
0,171823.00,-8.587242,-10.766675,19.495182,0.415915,-1.275053,-0.753825
0,171845.00,5.531487,-2.280593,19.614300,0.293674,-1.072117,-1.180469
0,171867.00,-0.620130,-5.638632,19.614300,-0.021383,-1.811688,-0.125575
0,171890.00,1.848418,-3.212584,19.614300,-1.180675,-3.367797,-0.531980
0,171912.00,-2.041759,-4.768894,19.614300,-1.171353,-5.242158,-0.222249
0,171934.00,-11.103676,-2.810338,19.614300,-2.182038,-6.946607,-0.367927
0,171956.00,-19.614300,-4.922729,19.614300,-0.918615,-6.892810,-0.085627
0,171978.00,-18.644001,-1.713139,19.399408,-1.646735,-6.301846,-0.746900
0,172000.00,-19.614300,-1.231281,18.993572,-1.463240,-5.445094,-0.865679
0,172022.00,-19.380255,0.949349,13.470465,-1.603325,-4.709784,-1.298982
0,172044.00,-19.614300,3.692047,10.985157,-0.817946,-4.374221,-0.919209
0,172067.00,-19.614300,1.941797,9.992111,-0.701831,-4.194987,-0.930661
0,172089.00,-19.614300,1.816095,5.560817,-1.053107,-3.678859,-0.743438
0,172111.00,-19.614300,4.333726,1.493459,-1.453919,-2.889752,-0.141821
0,172133.00,-18.195663,9.289377,-3.498706,-0.970015,-1.416203,-0.157267
0,172155.00,-18.090313,8.566890,-3.490924,-0.383845,-1.072383,0.097867
0,172177.00,-18.246542,9.330680,-3.213182,-0.256011,-0.810857,0.185220
0,172199.00,-19.614300,10.026231,-4.705445,-0.151613,-0.333345,0.269910
0,172221.00,-19.614300,9.289377,-2.452985,0.341345,0.467480,0.356731
0,172243.00,-19.614300,7.643280,-0.408831,0.672115,1.640886,0.468319
0,172265.00,-19.614300,6.112709,2.375768,0.931777,2.962633,0.553008
0,172287.00,-19.614300,3.103642,5.584760,1.126457,4.293169,0.829183
0,172309.00,-19.614300,-1.446770,9.404903,1.230322,5.279619,1.306961
0,172331.00,-19.532293,-3.814756,13.670391,0.991699,5.916124,1.944265
0,172353.00,-19.614300,-0.110737,17.834719,0.622047,7.022951,2.802082
0,172375.00,-18.113058,0.642277,18.620655,1.323268,7.266101,2.423375
0,172397.00,-16.167671,0.687171,18.720619,2.225827,6.660223,2.087545
0,172419.00,-18.307598,-1.257020,19.614300,3.445839,5.429291,1.813502
0,172441.00,-18.786463,-3.471171,19.614300,3.865826,4.805835,0.307994
0,172463.00,-9.527014,-3.997922,19.614300,3.701241,5.551265,-0.828927
0,172486.00,-1.816693,-8.392104,19.614300,2.178688,6.418936,-0.090155
0,172509.00,2.506857,-6.459287,19.614300,0.011907,5.486816,0.233691
0,172531.00,7.300293,-3.075509,18.633226,-0.506618,2.994592,0.148734
0,172553.00,2.417668,-7.269167,19.614300,1.130185,0.838197,0.745025
0,172575.00,5.989999,-7.153641,19.614300,-0.112997,0.653638,0.355932
0,172597.00,4.442069,-7.615745,19.614300,-0.388638,-0.815651,0.243278
0,172619.00,3.253287,-3.525043,19.614300,-0.838719,-2.916118,-0.627056
0,172641.00,-1.723913,-4.573757,19.614300,-0.388372,-4.414701,-0.946640
0,172663.00,-5.305223,-7.983872,19.614300,-0.114595,-5.348420,-0.868342
0,172685.00,-10.551186,-6.386858,19.614300,-0.193159,-5.965750,-1.036390
0,172708.00,-11.536450,-3.479551,19.614300,-1.163364,-6.090121,-1.418560
0,172730.00,-15.898908,-4.613263,19.614300,-1.062162,-6.399319,-0.648894
0,172752.00,-19.614300,-0.076618,19.614300,-0.764949,-7.103203,-0.467264
0,172774.00,-19.614300,1.616168,19.614300,-0.871743,-7.151674,-0.538904
0,172797.00,-19.614300,2.669671,15.637328,-1.166293,-6.454181,-0.778859
0,172819.00,-19.614300,2.842661,9.698807,-0.959362,-5.233902,-0.841444
0,172841.00,-19.614300,0.941568,7.938979,-0.725001,-3.966218,-0.379112
0,172863.00,-19.614300,2.486505,3.951831,-1.535413,-3.299885,0.109319
0,172885.00,-19.614300,6.675973,-2.448196,-2.325851,-3.143821,0.251268
0,172907.00,-19.614300,7.348778,-4.343303,-2.015588,-2.865251,0.565792
0,172929.00,-19.614300,6.939349,-3.217372,-1.283208,-2.035131,0.829715
0,172951.00,-19.614300,6.878294,-4.148166,-1.047248,-0.745609,0.893898
0,172973.00,-19.614300,8.478899,-3.496910,-0.377719,1.566583,0.755944
0,172995.00,-19.614300,9.238498,-1.884333,0.084879,2.181250,0.656873
0,173017.00,-19.614300,8.040139,1.074453,0.668919,2.574871,0.187351
0,173039.00,-19.614300,5.611696,5.408179,1.505164,3.336813,-0.460073
0,173061.00,-19.614300,1.568282,10.351858,2.119831,4.756299,-0.344490
0,173083.00,-14.989065,-2.502068,17.886795,2.080949,6.200554,0.723187
0,173105.00,-15.509232,-6.806464,11.070754,1.002352,6.511083,2.665993
0,173127.00,-19.614300,-1.978909,19.614300,1.317409,5.239405,2.525376
0,173149.00,-15.512823,-1.443777,19.614300,-0.150814,6.725737,1.424142
0,173171.00,-15.640920,-4.976003,19.614300,1.070796,7.956136,2.999958
0,173194.00,-5.445291,-5.712258,19.614300,1.951783,6.372064,1.169806
0,173216.00,-3.917712,-5.034066,19.614300,1.887866,5.324360,0.659270
0,173238.00,2.065104,-4.397774,19.614300,1.454297,4.674007,-0.228109
0,173260.00,6.268938,-3.897360,19.614300,1.661494,3.840957,-0.516800
0,173282.00,8.120948,-7.159028,19.614300,1.971491,2.193501,-0.423588
0,173304.00,7.708525,-11.250927,19.614300,1.831140,-0.036132,-0.467264
0,173326.00,2.499075,-9.263638,16.979347,0.715791,-1.545901,-0.377248
0,173348.00,8.284360,0.888294,19.614300,0.716324,-1.362140,-1.011090
0,173370.00,5.364482,-3.325117,19.614300,-0.576927,-1.221256,-0.317858
0,173392.00,0.878118,-0.659636,19.614300,-0.742844,-5.431245,-0.195617
0,173414.00,-6.455695,-1.371349,19.614300,-0.602493,-7.377779,-0.461139
0,173436.00,-14.582030,-0.678192,19.614300,-1.042721,-7.495759,-0.684049
0,173458.00,-17.796410,-1.740673,19.614300,-0.751366,-6.660047,-0.567667
0,173480.00,-18.497347,-3.338286,19.614300,-0.697303,-5.761482,-0.405478
0,173502.00,-19.112688,-2.156089,19.614300,-1.273088,-5.451220,-0.150077
0,173524.00,-19.614300,-0.079013,17.647961,-1.482149,-5.738579,0.124766
0,173546.00,-19.614300,1.471910,13.025720,-1.591606,-5.867478,0.437692
0,173568.00,-19.614300,2.157286,7.925211,-1.536478,-5.298884,0.878452
0,173590.00,-19.614300,2.789387,4.097286,-1.328748,-4.229609,1.144239
0,173612.00,-19.614300,5.726025,-1.438390,-1.354848,-1.543504,0.868864
0,173634.00,-19.045050,6.831006,-2.792979,-1.213965,-0.594072,0.411859
0,173656.00,-17.485746,5.794263,-4.367247,-0.734855,-0.139198,0.299472
0,173678.00,-17.187054,5.156775,-5.310610,-0.584916,0.001419,0.360992
0,173700.00,-17.089485,6.061829,-4.908962,-0.414738,0.155086,0.341018
0,173722.00,-18.567980,6.307247,-4.494744,-0.139895,0.438717,0.383895
0,173744.00,-19.614300,5.969647,-2.594250,0.373304,0.955378,0.336757
0,173766.00,-19.614300,4.911955,0.417211,0.741891,1.842224,0.264850
0,173788.00,-19.614300,4.641397,4.027253,0.879578,3.084075,0.047267
0,173810.00,-19.614300,3.395750,8.455554,1.364015,4.478794,-0.051538
0,173832.00,-15.358988,-3.983556,19.067795,1.400234,5.965660,1.310689
0,173854.00,-16.531609,-3.586697,18.165733,0.499273,5.889492,1.981816
0,173876.00,-19.614300,-2.864808,19.614300,0.673979,5.717715,2.228429
0,173898.00,-15.066880,-2.278798,19.614300,0.334687,6.436513,1.372209
0,173920.00,-11.231772,-3.633386,19.614300,0.893427,7.000313,1.350637
0,173942.00,-8.827273,-5.259731,19.614300,1.669750,6.632259,1.048098
0,173964.00,-3.799193,-2.858823,19.614300,2.127288,5.558456,-0.003334
0,173986.00,-3.047974,-3.682470,19.614300,2.484956,4.554962,-0.558612
0,174008.00,4.059576,-1.625147,19.614300,2.971523,3.851344,-0.833987
0,174030.00,5.462649,-8.225699,19.614300,2.699877,3.152520,-0.266192
0,174052.00,10.409921,-4.934103,19.614300,-0.168924,1.083745,0.321843
0,174074.00,9.674265,-2.687030,19.614300,-0.934328,-0.180477,0.741297
0,174096.00,7.786341,-1.532966,19.614300,-1.289333,-1.994117,0.672586
0,174118.00,3.800989,-0.771571,19.614300,-1.480551,-3.858358,0.456867
0,174140.00,-3.731554,-1.705956,19.614300,-1.026741,-5.044549,0.273905
0,174162.00,-7.606766,2.136934,19.614300,0.823651,-5.338566,-1.068881
0,174184.00,-2.594250,-3.450220,19.182125,-1.131405,-4.259969,-1.651323
0,174206.00,-5.468037,-6.469463,19.614300,-0.330314,-4.743340,0.757010
0,174228.00,-9.550359,-7.682188,19.614300,-0.812620,-6.615305,1.505636
0,174250.00,-16.271225,-1.498847,19.614300,-2.827865,-7.989517,0.526643
0,174272.00,-19.614300,2.511047,17.430677,-1.911457,-6.385737,0.276568
0,174294.00,-19.614300,3.431066,14.799913,-1.552990,-4.417098,-0.294156
0,174316.00,-19.614300,1.996866,8.933222,-1.347657,-2.990954,-0.353279
0,174338.00,-18.936108,1.043925,4.375028,-1.308774,-2.440470,-0.179905
0,174360.00,-19.614300,1.754441,0.368726,-1.278680,-2.506251,0.113048
0,174382.00,-19.063606,3.063537,1.922642,-1.156439,-2.655657,0.228897
0,174404.00,-19.614300,4.940687,0.530343,-1.362038,-2.060964,0.280297
0,174426.00,-18.787659,6.215664,-1.146881,-1.328216,-0.730428,0.355133
0,174448.00,-16.372984,5.082551,-2.130349,-0.932198,0.467213,0.517588
0,174470.00,-14.643085,5.451276,-3.192831,-0.877070,0.915430,0.669124
0,174492.00,-15.962956,7.298497,-1.959754,-0.269593,0.636859,0.571917
0,174514.00,-19.414373,6.787908,-0.632101,0.130420,1.042465,0.440621
0,174536.00,-19.614300,5.840953,2.858823,0.732037,1.942627,-0.013188
0,174558.00,-19.614300,3.821939,6.349746,1.048692,3.244933,-0.234767
0,174580.00,-19.322193,2.002253,9.541979,1.177590,4.514481,-0.241158
0,174602.00,-17.413916,1.025369,12.367879,1.350166,5.445803,-0.159398
0,174624.00,-16.235310,0.396261,15.237476,1.516616,5.881236,0.234490
0,174646.00,-17.762291,-1.162444,18.827166,1.751244,6.065263,0.752216
0,174668.00,-11.900986,-2.333268,19.614300,1.760033,6.490843,1.164213
0,174690.00,-17.870634,-1.644900,19.614300,1.717954,6.620275,1.549312
0,174712.00,-7.415221,-10.299184,19.614300,-0.170522,6.324925,3.299835
0,174734.00,-6.371894,-7.003397,19.614300,-1.173750,5.402392,4.295606
0,174756.00,-5.104100,-2.932448,19.614300,-0.610483,5.065763,2.595950
0,174778.00,-1.038538,-3.922501,19.614300,0.814596,4.858034,0.601479
0,174800.00,5.471030,-3.928487,18.969030,1.482527,4.530194,-0.562607
0,174822.00,7.642681,-7.312264,19.344938,2.551803,3.132812,-0.700294
0,174844.00,10.263268,-12.068588,19.614300,2.584560,0.921289,-1.087790
0,174866.00,7.912641,-11.581344,19.614300,1.220202,-1.254014,-1.034792
0,174888.00,4.063766,-7.564267,19.614300,-0.249619,-2.515040,-0.659547
0,174910.00,2.390134,-2.825302,19.614300,-0.954036,-3.111597,-0.551688
0,174932.00,-2.753472,-2.735515,19.614300,-0.802234,-4.120418,-0.141288
0,174954.00,-5.117269,-2.526011,19.614300,-0.595835,-4.930031,-0.097079
0,174976.00,-11.350890,-2.186616,19.614300,-0.934861,-5.976403,-0.444361
0,174998.00,-13.628490,0.747628,19.056423,-1.257108,-6.659781,-1.047043
0,175020.00,-18.391399,-0.769775,19.614300,-0.292497,-7.025172,-0.796436
0,175042.00,-19.614300,-1.837045,19.614300,-0.380915,-6.836084,-1.048907
0,175064.00,-19.614300,-2.637347,16.569918,-0.359077,-6.219553,-1.078202
0,175086.00,-19.614300,-1.262407,13.377686,-0.196888,-5.325783,-0.722132
0,175108.00,-19.614300,-2.007640,10.499708,-0.286904,-4.492467,0.023564
0,175130.00,-19.614300,-2.561328,8.151475,-0.961493,-3.944912,0.675782
0,175152.00,-19.167759,4.065562,-0.110737,-2.578855,-3.090824,1.327734
0,175174.00,-19.614300,4.285241,-0.509991,-2.178842,-2.505985,1.562096
0,175196.00,-19.614300,6.031900,-1.725709,-1.943682,-1.675066,1.342914
0,175218.00,-19.614300,8.287353,-2.152497,-1.460843,-0.676099,1.063811
0,175240.00,-18.373442,9.188217,-2.506857,-0.712750,0.311416,0.613197
0,175262.00,-16.206579,9.072691,-1.559303,0.239078,1.043264,0.143408
0,175284.00,-17.013466,7.570253,-0.120913,0.864931,1.288012,-0.024107
0,175306.00,-19.614300,5.571591,4.764106,1.123261,1.386551,-0.326647
0,175328.00,-19.614300,6.619108,4.493547,0.712862,2.331188,-0.913084
0,175350.00,-17.445042,0.580624,14.277352,2.327561,5.133676,0.819062
0,175372.00,-15.880951,-1.607788,13.584794,1.506762,5.277488,1.243044
0,175394.00,-19.614300,-3.903346,19.614300,1.160546,5.119827,1.631871
0,175416.00,-17.704227,-1.957958,19.614300,0.187412,6.233844,1.907247
0,175438.00,-16.207176,-3.691448,19.614300,0.700611,7.406718,2.702479
0,175460.00,-13.662011,-5.599725,19.614300,1.397571,7.713253,2.476373
0,175482.00,-10.262072,-5.038256,19.614300,2.035408,7.032005,1.720822
0,175504.00,-6.160595,-4.905969,19.614300,2.655668,6.426926,0.752482
0,175526.00,-2.678051,-7.595393,19.614300,3.196564,5.462847,0.069637
0,175548.00,0.787732,-8.379535,19.614300,2.824514,4.177053,-0.359138
0,175570.00,4.925723,-4.486364,19.614300,0.724846,2.049422,-0.443828
0,175592.00,5.488389,-4.911356,19.614300,0.626574,1.189740,-0.130635
0,175614.00,6.240805,-5.079558,19.614300,0.275830,0.430994,0.088546
0,175636.00,6.099540,-5.990598,19.614300,-0.192360,-0.310441,0.286156
0,175658.00,-2.706783,-2.415873,14.696359,-0.439772,-1.154410,0.322642
0,175680.00,7.418213,1.826869,19.614300,0.080618,-1.631389,-0.698696
0,175702.00,0.568652,-2.166863,17.531837,-0.822740,-2.451922,-0.154072
0,175724.00,2.788190,-1.686203,19.614300,-0.315400,-4.277813,-0.172181
0,175746.00,-5.706272,-4.643192,19.614300,-0.159070,-6.097312,0.017971
0,175768.00,-11.361665,-4.736571,19.614300,-0.998245,-7.036890,-0.113857
0,175790.00,-19.614300,-3.560359,19.614300,-1.648333,-5.836052,0.011580
0,175812.00,-18.802025,-0.128096,19.008535,-2.085364,-5.036825,-0.242224
0,175834.00,-18.416540,1.446172,15.355396,-1.857128,-4.842678,-0.177241
0,175856.00,-18.852306,1.342018,13.022727,-1.432347,-5.195552,-0.098144
0,175878.00,-19.614300,1.135508,8.705162,-1.367365,-5.592902,0.050729
0,175900.00,-19.614300,3.783031,6.538898,-1.144189,-5.361469,0.291482
0,175922.00,-19.614300,6.343760,2.086055,-0.914621,-4.184068,0.433431
0,175944.00,-19.614300,5.946901,0.562068,-0.433913,-2.511311,0.394548
0,175966.00,-19.614300,5.934930,-2.215947,-0.329515,-1.052942,0.245409
0,175988.00,-19.614300,5.526099,-2.834281,-0.252016,-0.205511,0.160719
0,176010.00,-17.789825,7.027340,-2.836675,-0.535114,0.637392,0.416120
0,176032.00,-18.766111,7.726482,-2.620587,-0.384910,1.002517,0.664597
0,176054.00,-19.476625,6.337176,-1.046319,0.142937,1.390013,0.538894
0,176076.00,-19.614300,4.695868,3.868030,0.555999,1.875248,0.521316
0,176098.00,-19.614300,4.385802,6.108518,0.445476,2.773812,0.487227
0,176120.00,-19.614300,3.690850,10.028027,0.721650,4.047089,0.294412
0,176142.00,-19.614300,1.716730,14.765794,1.385054,5.472168,0.393749
0,176164.00,-16.623789,-1.449164,18.797237,1.639922,6.497234,0.796691
0,176186.00,-12.939524,-5.111282,19.614300,1.265476,6.753435,1.358361
0,176208.00,-13.846374,-2.830091,18.379427,0.838831,6.280450,2.216444
0,176230.00,-10.849279,-2.960581,19.614300,0.899286,6.095890,1.679809
0,176252.00,-10.730162,-6.177355,19.614300,1.564554,5.992291,2.186084
0,176274.00,-6.663403,-6.421576,19.614300,1.754706,5.453526,1.297640
0,176296.00,-1.579057,-3.575324,19.614300,1.654037,4.969090,0.389488
0,176318.00,2.958786,-1.013397,19.614300,0.886236,4.655897,0.045402
0,176340.00,6.492807,-3.653139,19.614300,0.888101,3.789557,0.154327
0,176362.00,6.602347,-7.073431,19.614300,1.544047,2.163939,0.309326
0,176384.00,6.127673,-7.700744,19.614300,1.186912,0.714359,0.266182
0,176406.00,6.019330,-6.593369,19.614300,-0.011795,-0.239068,0.233691
0,176428.00,4.680304,-6.613122,19.313213,-0.434978,-1.054007,0.292015
0,176450.00,3.982957,-0.841006,19.614300,0.751212,-3.110265,-1.429212
0,176472.00,-1.202549,-5.307617,18.155558,-0.939921,-3.404283,-0.616403
0,176494.00,-2.247671,-7.323637,19.614300,-1.497862,-4.239463,0.409462
0,176516.00,-10.744528,-9.705391,19.614300,-2.721070,-5.282372,0.218777
0,176538.00,-10.667311,-3.479551,19.614300,-2.760486,-6.375617,-0.772467
0,176560.00,-12.788083,-1.659865,19.614300,-2.468865,-6.358572,-0.545296
0,176582.00,-19.122267,-1.749053,19.614300,-1.994549,-6.062690,-0.248882
0,176604.00,-18.166931,-0.041302,18.886425,-1.749801,-5.795305,-1.018547
0,176626.00,-19.352121,1.835848,17.598877,-0.695173,-5.876799,-1.103503
0,176648.00,-19.614300,3.604654,17.907745,-0.030704,-6.132733,-1.142386
0,176670.00,-19.614300,3.027024,5.667364,-0.585982,-4.233603,-0.952499
0,176692.00,-19.614300,5.822397,-0.318445,-0.919681,-2.921178,-0.693370
0,176714.00,-19.614300,6.187531,-2.303339,-0.831529,-1.826069,-0.054468
0,176736.00,-19.614300,6.693931,-3.619020,-0.846975,-0.845212,0.351138
0,176758.00,-19.614300,5.125050,-2.843858,-0.873607,-0.034534,0.896295
0,176780.00,-19.118076,5.682927,-2.231510,-1.110632,0.636859,1.468884
0,176802.00,-19.037867,8.614178,-2.044752,-1.252847,1.167635,1.808442
0,176824.00,-19.614300,10.983361,-2.743296,-0.888255,1.763394,1.584200
0,176846.00,-19.614300,10.438653,-0.922413,0.250796,2.242770,0.800686
0,176868.00,-19.614300,6.471857,5.116670,1.484125,2.508824,-0.121314
0,176890.00,-19.614300,1.664654,13.311841,1.699312,4.288109,-1.023074
0,176912.00,-17.713207,0.186159,14.501222,1.963235,5.469771,-0.996442
0,176934.00,-16.614212,-8.832660,10.830723,1.638324,6.392038,-0.234500
0,176956.00,-13.480641,-0.417211,19.614300,2.358987,5.786426,0.343947
0,176978.00,-10.279430,-1.263604,19.614300,0.860403,5.692415,-0.409473
0,177000.00,-11.161139,-5.976830,19.614300,1.066801,5.759262,0.592424
0,177022.00,-8.829667,-8.385520,19.614300,0.883040,5.998417,1.597250
0,177044.00,-1.640112,-7.840812,19.614300,-0.848041,6.202418,2.235886
0,177066.00,1.128924,-5.690110,19.614300,-1.364169,6.058605,3.321407
0,177088.00,-0.781148,-3.418496,19.614300,0.354661,4.943256,2.717392
0,177110.00,8.152074,-2.663685,15.794755,1.929679,2.455027,-0.823334
0,177132.00,8.114363,-7.428988,19.614300,3.016531,0.876281,-1.004698
0,177154.00,9.396523,-8.999065,19.614300,1.632998,-0.267031,-1.446523
0,177176.00,7.946760,-8.751852,19.614300,0.489419,-1.197554,-0.655286
0,177198.00,5.583563,-6.220453,19.614300,-0.686384,-2.112630,0.194542
0,177220.00,3.981760,-2.861815,19.614300,-1.415569,-3.003205,0.418251
0,177242.00,0.150842,-3.479551,19.614300,-1.583084,-3.986991,0.634769
0,177264.00,-2.770831,-3.071319,19.614300,-1.651795,-5.024841,0.514126
0,177286.00,-9.330081,-2.786394,19.614300,-1.727696,-5.973740,0.050196
0,177308.00,-12.382844,-2.263234,19.614300,-1.986293,-6.481346,-0.649960
0,177330.00,-18.465025,-2.745092,19.614300,-0.865085,-6.469095,-0.375650
0,177352.00,-19.614300,-2.044752,19.614300,-1.549794,-6.122080,-0.621463
0,177374.00,-19.614300,0.495026,17.219976,-1.663247,-5.526855,-0.788713
0,177396.00,-19.614300,2.324888,14.613156,-1.201714,-4.784886,-0.654221
0,177418.00,-18.729597,-0.104752,12.064399,-0.910093,-4.191525,-0.051006
0,177440.00,-18.742765,-1.968134,10.056160,-1.427553,-3.955565,0.658205
0,177462.00,-19.614300,1.620957,5.653597,-2.468066,-4.010427,1.002823
0,177484.00,-19.614300,7.266772,3.117409,-2.701363,-3.739846,1.205493
0,177506.00,-19.614300,10.168095,0.141864,-2.139161,-2.792279,1.051027
0,177528.00,-19.614300,9.946021,-1.247443,-1.011827,-1.583185,0.400673
0,177550.00,-18.210030,5.236386,0.528547,0.389017,0.340978,-0.062191
0,177572.00,-17.100859,6.960299,1.116952,0.296071,0.990266,0.231027
0,177594.00,-19.118675,6.532912,3.441242,0.372238,1.428363,0.342083
0,177616.00,-19.431133,5.995387,3.378391,0.411920,2.168999,-0.140223
0,177638.00,-19.373072,4.903575,3.750708,0.632433,3.345335,-0.218255
0,177660.00,-14.951953,4.407950,7.591203,1.649243,4.471603,0.388156
0,177682.00,-12.016512,1.617366,10.942657,2.037272,4.853773,0.973262
0,177704.00,-15.336841,-2.285980,15.933625,1.862033,4.314475,1.416418
0,177726.00,-17.027233,-1.929226,19.614300,1.242306,4.366141,1.080056
0,177748.00,-15.588843,-2.126159,19.614300,0.709666,5.772844,1.416685
0,177771.00,-8.745267,-4.640798,19.614300,1.416746,7.801404,1.536795
0,177793.00,-3.991936,-3.667505,19.614300,1.991731,7.347861,1.136782
0,177815.00,-2.701994,-4.181088,19.614300,2.419974,6.318534,0.780979
0,177837.00,-0.374113,-3.882994,19.614300,2.169101,5.167232,0.022232
0,177859.00,1.519198,-5.056812,19.614300,2.034609,4.304621,-0.310668
0,177881.00,3.158113,-7.099768,19.614300,2.105184,3.488616,-0.154604
0,177903.00,5.026284,-8.003626,19.614300,1.993063,2.588986,0.187617
0,177925.00,4.590517,-7.791728,19.614300,1.282254,1.750078,0.516256
0,177947.00,5.636837,-5.054417,19.614300,0.410855,1.154320,0.504272
0,177969.00,15.086035,-1.634126,19.614300,0.312316,-1.260139,-0.180171
0,177991.00,15.577470,-2.208165,19.614300,1.820754,-3.700963,-0.300814
0,178013.00,14.180981,-2.439816,19.614300,0.700611,-6.482411,-1.298982
0,178035.00,10.108236,-4.953856,19.614300,0.833771,-8.542931,-1.257170
0,178057.00,-1.944789,-7.033326,19.614300,0.671582,-8.542931,-0.191090
0,178079.00,-15.451768,-6.689142,19.614300,0.225762,-8.542931,0.398809
0,178101.00,-19.614300,-0.736255,19.614300,-1.000642,-8.542931,0.559134
1,178123.00,-19.614300,4.155947,19.614300,-1.754062,-8.270751,1.254230
1,178145.00,-19.614300,2.464358,12.266120,-1.059232,-6.970310,1.626545
0,178167.00,-19.614300,0.023943,9.057727,-1.050710,-5.986257,2.356262
0,178189.00,-19.614300,7.270963,3.753102,-3.949072,-0.951740,5.161413
0,178211.00,-19.614300,9.975949,2.719353,-3.973574,1.323965,4.447408
0,178233.00,-19.495781,13.609935,-0.290910,-3.385539,2.601770,3.110747
0,178255.00,-11.871057,14.212706,-0.978680,-2.172983,2.672344,1.858776
0,178277.00,-7.560676,9.838276,-1.387511,-0.748703,1.195599,1.200433
0,178299.00,-7.570851,5.519515,1.004419,0.329627,-0.939490,0.934113
0,178321.00,-11.763312,6.036090,3.082692,0.973856,-2.330214,0.453671
0,178343.00,-15.615181,3.804580,6.400027,1.570679,-2.312903,-0.003601
0,178365.00,-17.030825,2.652312,9.272018,1.694784,-1.025245,-0.011590
0,178387.00,-16.043764,2.141124,11.376629,1.246301,0.918094,0.336757
0,178409.00,-9.237301,5.244167,10.617030,1.343774,2.472871,1.652112
0,178431.00,-7.703736,5.480607,12.217036,1.529666,1.647278,1.885675
0,178453.00,-5.072375,5.802643,16.782413,1.762163,1.349532,2.370910
0,178475.00,-8.010809,3.266456,19.035473,2.005047,1.748746,2.722985
0,178497.00,-8.896110,0.755409,16.681852,2.003982,2.330922,2.815931
0,178519.00,-9.460571,0.642277,19.614300,2.350997,3.034540,2.403401
0,178541.00,-7.053079,1.391102,19.614300,2.073492,4.275592,1.672885
0,178563.00,-4.646784,-0.751219,19.614300,2.515317,5.243932,1.878218
0,178585.00,-3.188042,-2.496083,19.614300,3.280455,5.255383,2.202596
0,178607.00,-3.572930,-5.141212,19.614300,4.009905,4.808232,2.239614
0,178629.00,0.940969,-8.487279,19.614300,4.640019,4.374397,0.902154
0,178651.00,4.202038,-12.087145,19.614300,4.815524,4.622873,-0.022776
0,178673.00,11.983590,-12.149996,19.614300,3.999785,4.717151,-1.190323
0,178695.00,13.465676,-9.496487,19.614300,2.122228,3.144264,-1.713110
0,178717.00,10.964207,-8.926638,11.172513,0.760000,0.103686,-1.531213
0,178739.00,8.845230,-8.435203,15.968942,1.181585,-2.697203,-0.598560
0,178761.00,6.126476,-9.340257,19.614300,0.683833,-4.109232,0.464857
0,178783.00,-4.228375,-9.728736,19.614300,-0.082636,-3.775799,0.486695
0,178805.00,-9.348039,-10.719387,19.154589,-1.447527,-2.519833,-0.017449
0,178827.00,-4.630023,-7.153042,13.287299,-2.859290,-1.648434,-0.072844
0,178849.00,-1.395891,2.924068,13.479444,-2.397225,-1.716346,-0.927998
0,178871.00,-2.117181,0.093977,13.517753,-1.694939,-3.855429,-2.047075
0,178893.00,-6.957905,-0.914033,19.614300,-0.974809,-5.500755,-1.846802
0,178915.00,-11.638209,-0.231651,19.614300,-1.581753,-5.950836,-1.151441
0,178937.00,-13.480042,3.003081,14.472489,-2.731457,-5.259202,-0.345023
0,178959.00,-14.859173,5.481804,15.661870,-2.670469,-4.326017,0.905350
0,178981.00,-15.184202,8.589038,11.937499,-2.929332,-3.250616,1.691261
0,179003.00,-15.850423,10.089680,9.116387,-2.815347,-2.196787,2.186084
0,179025.00,-18.699669,8.447773,2.806746,-2.473925,-1.340035,2.015905
0,179047.00,-10.711606,9.106811,0.894280,-1.662181,-0.733890,1.679276
0,179069.00,-9.091248,7.197337,6.831006,-1.268560,0.338847,0.656607
0,179091.00,-9.897535,7.885705,4.811393,-1.190262,0.729272,0.761803
0,179113.00,-7.290716,9.712574,3.917712,-0.658154,0.740724,0.715996
0,179135.00,-9.734123,8.038941,5.116670,-0.125514,0.688525,0.972196
0,179157.00,-9.701799,8.492666,3.168289,-0.018986,0.763095,0.921596
0,179179.00,-10.038800,8.077251,6.458688,0.405262,0.876281,1.015340
0,179201.00,-8.365767,8.322071,6.406611,0.476103,1.016099,1.231060
0,179223.00,-7.751623,7.966514,9.878980,0.797285,1.137275,2.073430
0,179245.00,-8.541151,6.584390,9.546168,0.909939,1.223030,2.777048
0,179267.00,-11.114450,4.106265,13.618315,1.349900,1.619581,2.897159
0,179289.00,-11.383213,3.905740,15.168639,1.692387,2.355423,2.426038
0,179311.00,-10.050174,2.698403,16.583685,2.364846,3.351727,1.800452
0,179333.00,-6.558651,1.350399,16.869207,3.144365,3.837229,0.938374
0,179355.00,-5.247759,-1.183394,16.570517,4.049321,3.361048,-0.009992
0,179377.00,-2.746888,-3.676484,18.731991,4.639752,2.624141,-1.124808
0,179399.00,-1.923839,-6.288093,17.573738,4.558259,2.141036,-1.785282
0,179421.00,0.135279,-7.521169,18.780476,4.099922,1.901880,-2.212726
0,179443.00,1.278569,-8.932623,16.407103,2.949152,1.621711,-2.308069
0,179465.00,2.118977,-8.346014,14.801110,1.850049,1.333287,-1.922970
0,179487.00,4.110455,-4.071548,16.333477,0.321638,1.435554,-0.983659
0,179509.00,4.813189,-4.564778,11.570569,0.284086,1.559925,-0.077638
0,179531.00,6.458688,-5.593739,18.317774,0.409790,0.974553,-0.481379
0,179553.00,7.118923,-4.179891,12.085349,-0.530853,0.131650,-1.209232
0,179575.00,6.448512,-4.143377,14.032533,-0.234439,-1.094488,-1.036923
0,179597.00,6.052850,-2.867801,19.026493,-0.243760,-2.565108,-1.143185
0,179619.00,0.062851,1.919050,19.614300,0.065438,-3.432246,-1.785549
0,179641.00,-4.766500,-4.419323,12.849138,-0.614744,-3.268726,-2.005529
0,179663.00,-3.167690,-4.154151,14.669423,-0.467203,-2.759255,-1.862515
0,179685.00,-2.975546,-3.457403,15.366171,-0.469600,-2.652727,-1.436936
0,179707.00,-6.362317,-2.120772,16.223339,-1.583351,-3.446628,-0.851298
0,179729.00,-4.734177,0.748825,17.185858,-1.814517,-3.703893,-0.541035
0,179751.00,-9.174450,2.529603,8.782978,-1.494932,-3.565939,-0.323451
0,179773.00,-12.025491,3.454411,14.234255,0.611660,-3.343295,-0.455280
0,179795.00,-9.659899,2.515237,18.259113,0.581832,-3.020249,-1.041450
0,179817.00,-9.277406,-0.929596,9.266631,-0.486378,-3.081769,-0.999638
0,179839.00,-8.794950,0.072428,9.531204,-0.255212,-3.413604,-0.327979
0,179861.00,-10.093870,2.983327,10.585305,-0.145222,-3.779261,0.218777
0,179883.00,-12.685725,3.398742,11.616061,-0.538044,-3.700164,0.477107
0,179905.00,-12.655796,5.836762,7.530148,-1.006767,-3.060730,0.488293
0,179927.00,-15.829473,5.286667,5.749370,-0.309275,-1.485979,1.120270
0,179949.00,-17.913134,5.363883,5.377052,-0.240032,-0.826836,0.741563
0,179971.00,-16.793787,6.027710,7.938380,0.148796,-0.283010,0.297341
0,179993.00,-16.814737,6.093554,7.567859,-0.007268,0.518880,-0.215325
0,180015.00,-15.922852,5.865495,9.802361,-0.030171,1.675242,-0.445159
0,180037.00,-14.334217,5.349518,11.377827,0.104587,3.033474,-0.491499
0,180059.00,-11.650779,5.010721,13.189132,0.320572,4.102484,-0.639307
0,180081.00,-9.439621,4.574954,15.465535,0.688360,4.736858,-0.641437
0,180103.00,-7.264378,3.948838,17.075718,0.968263,4.951779,-0.544231
0,180125.00,-6.268938,2.536786,18.071756,1.295570,4.826076,-0.381509
0,180147.00,-3.313145,-0.838013,19.614300,1.608497,4.722211,0.091742
0,180169.00,-0.022147,-1.368356,19.614300,1.428997,4.846848,0.526643
0,180191.00,0.753015,-3.251492,19.614300,1.137909,4.829538,1.004421
0,180213.00,1.820285,-3.915318,19.614300,0.911537,4.834598,0.657672
0,180235.00,5.021495,-2.375169,18.400976,0.939500,4.846848,-0.209466
0,180257.00,6.626291,-2.804352,18.169325,1.450036,4.526731,-0.750895
0,180279.00,9.027798,-2.873787,16.939241,1.355226,3.632961,-1.225744
0,180301.00,12.657592,-3.455608,14.768188,0.993830,2.351695,-1.317624
0,180323.00,12.105700,-5.331560,16.558544,0.896090,1.020094,-0.698430
0,180345.00,11.042621,-5.013115,17.335503,0.197000,0.223797,-0.182035
0,180367.00,8.527384,-2.399112,19.078569,-0.668807,-0.551195,0.518920
0,180389.00,2.401507,-4.649178,9.218745,-1.232873,-1.674533,0.671787
0,180411.00,6.619108,-0.052077,19.614300,-0.548963,-2.560314,-0.189226
0,180433.00,2.715762,-2.247671,19.614300,-0.940454,-2.959794,-0.217722
0,180455.00,2.449393,-2.336261,19.587963,-1.448859,-3.056735,-0.297618
0,180477.00,2.485907,-0.414817,19.426945,-1.197985,-4.010960,0.019836
0,180499.00,-5.475818,-2.564321,19.614300,-0.833659,-5.259469,0.638231
0,180521.00,-10.127989,-0.208306,19.614300,-0.713283,-5.732720,0.483233
0,180543.00,-12.337950,1.360574,19.614300,-0.465871,-5.433642,0.384162
0,180565.00,-10.768471,1.130719,19.171949,-0.639246,-4.809388,0.374574
0,180587.00,-13.134063,4.416330,14.881919,-0.819012,-4.281275,1.174333
0,180609.00,-16.012638,5.336947,14.683788,-0.825936,-4.008830,1.496847
0,180631.00,-16.639952,4.784457,11.509514,-1.218492,-3.387771,1.515223
0,180653.00,-16.238901,4.260699,7.092586,-1.492535,-2.810655,1.437191
0,180675.00,-16.022814,3.155719,7.442157,-1.429151,-2.345127,1.435327
0,180697.00,-14.932199,3.982359,6.116899,-1.678161,-1.698502,1.220407
0,180719.00,-14.499426,5.403390,6.003767,-1.630489,-0.876904,1.150631
0,180741.00,-12.473828,8.864385,5.017904,-1.238200,-0.202848,1.026259
0,180763.00,5.620675,13.933168,-0.095773,-0.360408,0.020062,1.076328
0,180785.00,-18.406363,1.945987,16.974558,0.749880,-1.163198,2.743226
0,180807.00,-19.614300,8.605200,8.557912,0.537091,1.040334,-0.280307
0,180829.00,-13.821832,4.946074,13.358530,1.985340,3.469174,-0.658216
0,180851.00,-9.404305,1.743666,15.147689,2.052186,4.750175,-0.487504
0,180873.00,-5.865495,1.082833,16.420870,1.692654,4.842321,-0.155403
0,180895.00,-5.808630,-0.630904,19.509548,1.432992,4.854305,0.593223
0,180917.00,-3.207795,-0.735057,19.614300,1.193570,5.209044,1.152762
0,180939.00,2.105808,0.816464,19.614300,1.232719,5.785361,1.448643
0,180961.00,-1.140297,-10.189045,12.899419,0.804210,5.873779,1.949059
0,180983.00,9.814333,-9.535394,19.614300,1.877746,4.844451,1.678744
0,181005.00,9.158887,-12.443300,19.614300,0.775713,3.702204,1.391651
0,181027.00,8.335838,-10.680479,18.696674,0.121631,0.737795,0.097867
0,181049.00,7.245822,-9.011037,16.063519,-0.709022,-0.448129,-0.378846
0,181071.00,4.285241,-8.217319,16.637556,-0.932198,-1.287037,-0.259002
0,181093.00,1.780778,-7.163816,16.126369,-1.392399,-1.537911,0.090144
0,181115.00,-0.406436,-7.594196,15.453564,-1.735686,-1.434845,0.353535
0,181137.00,-0.527350,-8.403478,15.758242,-2.264065,-1.099814,0.637166
0,181159.00,-0.178377,-7.997041,17.352861,-3.216426,-0.722172,1.199101
0,181181.00,0.092780,-4.482174,14.868152,-4.331509,-0.576229,1.643057
0,181203.00,-0.956532,-3.393954,12.829385,-4.624194,-0.720574,1.892066
0,181225.00,-1.533564,-3.686660,12.129643,-4.456146,-1.012195,1.816431
0,181247.00,-4.343902,-2.667875,10.234537,-4.187962,-1.405017,2.325902
0,181269.00,-5.709265,-3.322723,8.817097,-4.183701,-1.142958,2.694489
0,181291.00,-6.502983,-5.149592,11.490958,-4.424987,-0.590610,2.880380
0,181313.00,-5.622471,-3.141353,9.286385,-5.377081,-0.127479,2.932846
0,181335.00,-4.179292,-3.368814,9.535394,-5.966182,0.327662,3.426337
0,181357.00,-3.563352,-3.213781,9.668878,-6.646630,0.937269,4.396807
1,181379.00,-3.379588,-3.210788,9.765848,-7.393924,1.588155,5.009610
1,181401.00,-2.288974,-0.943364,7.786341,-8.052267,1.872851,5.300165
1,181423.00,-4.643192,-0.213693,7.329623,-8.138821,2.184712,5.843192
1,181445.00,-4.658755,1.881938,5.100508,-7.886616,2.682731,5.507096
1,181467.00,-7.445748,5.403390,-0.490238,-6.178971,2.886466,3.925687
0,181489.00,-8.897306,5.732011,-4.513899,-4.504350,2.613221,2.698750
0,181511.00,-8.308303,3.475960,-3.584901,-2.547430,2.385251,1.576743
0,181533.00,-8.147883,1.733490,-5.607506,-1.277881,2.005212,0.736769
0,181555.00,-9.252265,-2.695410,-3.499304,-0.333776,1.503731,0.260855
0,181577.00,-8.735091,-4.422316,-3.028820,-0.488242,1.350331,-0.080035
0,181599.00,-8.553123,-5.272301,-2.937237,-1.069086,1.428629,0.137815
0,181621.00,-8.460342,-5.596732,-2.494287,-1.749534,1.614254,0.705077
0,181643.00,-8.174820,-4.133201,-2.401507,-2.502421,1.963666,1.257425
0,181665.00,-7.484057,0.161617,-5.773313,-3.026273,2.234514,1.306695
0,181687.00,-8.508828,0.659038,-5.584760,-2.542902,2.023588,1.007883
0,181709.00,-8.331049,1.211528,-5.648808,-2.129307,2.046492,0.508000
0,181731.00,-7.215893,0.976884,-5.151387,-1.748735,2.355157,0.264051
0,181753.00,-5.174732,1.157057,-5.739194,-1.595868,2.714157,0.252866
0,181775.00,-4.326543,1.054700,-6.376084,-1.495199,2.634793,0.335958
0,181797.00,-4.221193,1.899896,-6.753190,-1.511977,2.093631,0.261921
0,181819.00,-8.173024,5.857114,-4.965229,-0.655757,1.840626,0.230495
0,181841.00,-3.356842,2.624777,-5.557225,-0.603825,2.408421,-0.255273
0,181863.00,-0.478266,1.797539,-8.933821,-0.873075,2.007876,-0.535442
0,181885.00,-4.188271,0.842203,-7.872536,-0.919947,-0.076346,0.347676
0,181907.00,-6.863329,2.417668,-6.538300,-0.859492,0.098360,0.692560
0,181929.00,-5.342335,3.648351,-7.779756,-0.866417,0.745784,0.492021
0,181951.00,-5.163958,2.613404,-8.353197,-0.478388,1.077886,0.371644
0,181973.00,-3.981760,1.852009,-8.283761,-0.315134,1.079750,0.276568
0,181995.00,-3.590887,1.598810,-8.059294,-0.167060,0.997191,0.198536
0,182017.00,-3.117409,2.174046,-8.237671,-0.095420,0.837398,0.067507
0,182039.00,-3.638175,2.335663,-8.028168,-0.129509,0.572144,0.079225
0,182061.00,-4.106863,2.136934,-7.746236,-0.142292,0.450702,0.078160
0,182083.00,-4.418725,2.758261,-7.922817,-0.190762,0.628870,0.164447
0,182105.00,-1.720322,2.874386,-9.017622,0.024424,0.600906,0.213983
