-0.214292,0.671009,-10.045386
-0.200525,0.701537,-10.041195
-0.184363,0.721889,-10.082497
-0.158624,0.698544,-10.068730
-0.103554,0.692558,-10.068132
-0.086196,0.696748,-10.072321
-0.087393,0.730867,-10.080702
-0.101160,0.740445,-10.118412
-0.135878,0.670411,-10.078308
-0.193940,0.630904,-10.066934
-0.186757,0.702734,-10.040596
-0.167004,0.764388,-10.044188
-0.157427,0.774564,-10.091476
-0.160420,0.709917,-10.062745
-0.178976,0.630306,-10.083096
-0.155631,0.668615,-10.056160
-0.133484,0.714706,-10.068132
-0.099963,0.745832,-10.076512
-0.105350,0.737452,-10.074716
-0.135279,0.702734,-10.050174
-0.191546,0.671608,-10.032815
-0.189152,0.682981,-10.059752
-0.164610,0.705128,-10.044787
-0.175384,0.725480,-10.063343
-0.158025,0.693755,-10.058554
-0.153237,0.656045,-10.074117
-0.141265,0.692558,-10.060949
-0.110737,0.721889,-10.076512
-0.109540,0.744036,-10.107638
-0.132885,0.712311,-10.071723
-0.158624,0.686572,-10.071125
-0.200525,0.657242,-10.056160
-0.164610,0.708121,-10.048378
-0.155631,0.770374,-10.084293
-0.153835,0.746430,-10.048378
-0.137674,0.698544,-10.068730
-0.164610,0.623123,-10.085491
-0.151441,0.666819,-10.074716
-0.130491,0.719494,-10.114821
-0.137075,0.758402,-10.076512
-0.164011,0.763191,-10.059752
-0.181969,0.653650,-10.044188
-0.189152,0.636291,-10.040596
-0.176581,0.682981,-10.108237
-0.123308,0.721290,-10.078308
-0.131688,0.770374,-10.055562
-0.125702,0.724882,-10.047780
-0.154434,0.656045,-10.054963
-0.167004,0.667418,-10.101054
-0.159821,0.693157,-10.060949
-0.164011,0.688967,-10.096265
-0.169997,0.705727,-10.068730
-0.153237,0.685375,-10.048977
-0.164011,0.678791,-10.067533
-0.142462,0.668016,-10.086688
-0.126301,0.677594,-10.051970
-0.102357,0.684178,-10.057357
-0.098766,0.721290,-10.031020
-0.154434,0.703931,-10.064540
-0.193940,0.685375,-10.073519
-0.216686,0.666819,-10.050773
-0.220278,0.654249,-10.041794
-0.214292,0.670411,-10.058554
-0.142462,0.734459,-10.054365
-0.128695,0.712311,-10.101054
-0.133484,0.693755,-10.076512
-0.128096,0.683579,-10.074716
-0.132286,0.688368,-10.078308
-0.152638,0.706325,-10.050174
-0.173588,0.700340,-10.102849
-0.182567,0.709917,-10.059752
-0.190947,0.721290,-10.062146
-0.178377,0.712910,-10.044787
-0.184962,0.689565,-10.033414
-0.182567,0.676995,-10.113025
-0.179574,0.654848,-10.077709
-0.160420,0.646467,-10.035808
-0.151441,0.653052,-10.063343
-0.122111,0.698544,-10.075315
-0.109540,0.736853,-10.180067
-0.142462,0.713508,-10.074117
-0.167603,0.708720,-10.045386
-0.156230,0.704530,-10.056160
-0.184363,0.712311,-10.053766
-0.168800,0.722487,-10.065138
-0.158025,0.689565,-10.074117
-0.135279,0.639883,-10.073519
-0.131688,0.644672,-10.075913
-0.128695,0.675199,-10.081300
-0.128695,0.684777,-10.080103
-0.138871,0.655446,-10.075315
-0.155631,0.662629,-10.087286
-0.179574,0.687171,-10.077709
-0.170596,0.712910,-10.037604
-0.170596,0.711713,-10.066934
-0.159223,0.745233,-10.100455
-0.160420,0.705727,-10.074117
-0.154434,0.685375,-10.057357
-0.167603,0.684777,-10.047780
-0.133484,0.675798,-10.051371
-0.148448,0.681185,-10.066336
-0.156230,0.691361,-10.062146
-0.178976,0.679988,-10.056758
-0.171194,0.686572,-10.050174
-0.162814,0.697945,-10.048378
-0.167603,0.712910,-10.043590
-0.145455,0.703333,-10.075913
-0.135279,0.687769,-10.052569
-0.143659,0.645270,-10.078907
-0.144258,0.599778,-10.056160
-0.080210,0.618933,-10.089082
-0.102357,0.699741,-10.017252
-0.084400,0.930793,-10.054365
-0.138272,0.892484,-10.035210
-0.227461,0.764986,-10.029224
-0.326825,0.582419,-10.002886
-0.344783,0.451929,-10.084892
-0.181969,0.598581,-10.073519
-0.093977,0.711114,-10.054365
-0.002993,0.745832,-10.084293
-0.008380,0.668615,-10.111229
-0.061654,0.550694,-10.156722
-0.117322,0.490836,-10.101653
-0.199327,0.732064,-10.048378
-0.196335,0.895477,-10.004682
-0.194539,0.987658,-10.025632
-0.253798,0.915829,-10.057357
-0.275946,0.737452,-10.029224
-0.217883,0.470485,-10.065138
-0.146054,0.489041,-10.100455
-0.043098,0.572243,-10.089082
0.023345,0.684178,-10.136370
0.018556,0.717100,-10.110033
-0.058062,0.679988,-10.080702
-0.249010,0.597384,-10.031619
-0.294502,0.670411,-10.019048
-0.281333,0.778155,-10.055562
-0.232249,0.887097,-10.021442
-0.200525,0.902660,-10.032217
-0.140667,0.626116,-10.078907
-0.108942,0.505801,-10.079504
-0.093977,0.463302,-10.126194
-0.063450,0.517174,-10.154926
-0.040105,0.617735,-10.074117
-0.082006,0.697347,-10.077709
-0.204715,0.695551,-10.050174
-0.292108,0.649460,-10.037006
-0.287319,0.660235,-10.066934
-0.251404,0.708121,-10.062146
-0.198130,0.803894,-10.019048
-0.099963,0.802697,-10.048378
-0.087393,0.697347,-10.050773
-0.095773,0.566856,-10.135771
-0.139469,0.496224,-10.115420
-0.151441,0.493231,-10.092075
-0.155631,0.681185,-10.057956
-0.174786,0.744036,-10.042392
-0.197532,0.748825,-10.086089
-0.219081,0.705727,-10.054963
-0.222074,0.678791,-10.059752
-0.208306,0.690762,-10.049575
-0.113730,0.785937,-10.048977
-0.077816,0.779951,-10.096863
-0.106547,0.725480,-10.081300
-0.128096,0.615341,-10.066934
-0.164610,0.523758,-10.073519
-0.177180,0.558476,-10.077111
-0.169398,0.649460,-10.092674
-0.153835,0.727276,-10.054963
-0.138272,0.754811,-10.070526
-0.140068,0.739247,-10.041195
-0.175384,0.696150,-10.047780
-0.168201,0.685375,-10.086688
-0.158624,0.728473,-10.096265
-0.150244,0.733860,-10.025632
-0.147251,0.718896,-10.038801
-0.165807,0.637489,-10.072321
-0.171194,0.530343,-10.118412
-0.167004,0.554286,-10.108835
-0.141864,0.611750,-10.093871
-0.101759,0.693755,-10.072920
-0.105949,0.751219,-10.046583
-0.133484,0.773965,-10.035210
-0.198130,0.706924,-10.082497
-0.220278,0.682981,-10.046583
-0.222672,0.681185,-10.053766
-0.205313,0.696150,-10.035808
-0.174187,0.698544,-10.052569
-0.131089,0.601574,-10.093871
-0.112533,0.562666,-10.100455
-0.119118,0.568053,-10.077111
-0.126301,0.596187,-10.101653
-0.121512,0.681185,-10.065138
-0.166406,0.772768,-10.063343
-0.204715,0.759001,-10.062146
-0.227461,0.727874,-10.043590
-0.220876,0.701537,-10.037604
-0.213095,0.683579,-10.042991
-0.186159,0.678791,-10.059752
-0.104752,0.653052,-10.059752
-0.099364,0.624320,-10.071125
-0.113132,0.609355,-10.078308
-0.122111,0.599778,-10.062146
-0.152040,0.617735,-10.058554
-0.184962,0.729072,-10.066336
-0.210102,0.769176,-10.047182
-0.202919,0.773367,-10.043590
-0.205912,0.742839,-10.028027
-0.191546,0.700938,-10.054963
-0.161617,0.676995,-10.097462
-0.117322,0.653052,-10.082497
-0.098167,0.645270,-10.058554
-0.089787,0.630306,-10.085491
-0.134082,0.615940,-10.068132
-0.138871,0.617735,-10.110630
-0.184363,0.681185,-10.053766
-0.187356,0.711114,-10.044188
-0.193940,0.735057,-10.027428
-0.175983,0.764986,-10.032217
-0.165807,0.753613,-10.080103
-0.165807,0.698544,-10.072920
-0.135878,0.618933,-10.062745
-0.121512,0.624320,-10.096863
-0.126899,0.639284,-10.073519
-0.138272,0.637489,-10.086089
-0.158025,0.623123,-10.080702
-0.173588,0.660235,-10.059153
-0.184962,0.682382,-10.049575
-0.175983,0.696150,-10.066336
-0.152040,0.736853,-10.054963
-0.148448,0.740445,-10.078308
-0.152040,0.715903,-10.066934
-0.156828,0.659038,-10.051371
-0.164610,0.635693,-10.056758
-0.165807,0.621327,-10.075913
-0.161617,0.620728,-10.122004
-0.156230,0.642876,-10.071723
-0.144258,0.672805,-10.044787
-0.149047,0.674601,-10.069329
-0.157427,0.681185,-10.059752
-0.155032,0.690164,-10.094470
-0.174187,0.727276,-10.072920
-0.164610,0.725480,-10.050174
-0.164610,0.703931,-10.023238
-0.192144,0.685375,-10.073519
-0.169398,0.644672,-10.112426
-0.163413,0.635094,-10.069928
-0.152040,0.618933,-10.052569
-0.149047,0.657840,-10.054963
-0.140068,0.672805,-10.046583
-0.138272,0.679389,-10.098659
-0.145455,0.693755,-10.068132
-0.193342,0.709318,-10.055562
-0.179574,0.727276,-10.065737
-0.198729,0.727276,-10.053766
-0.167004,0.705128,-10.080103
-0.163413,0.670411,-10.065737
-0.162814,0.653650,-10.054963
-0.146054,0.623123,-10.073519
-0.124505,0.638686,-10.085491
-0.121512,0.654848,-10.104645
-0.128096,0.682382,-10.073519
-0.164011,0.690164,-10.071125
-0.177779,0.697347,-10.046583
-0.193940,0.714706,-10.027428
-0.209503,0.714706,-10.051371
-0.176581,0.721889,-10.041794
-0.146054,0.705128,-10.053167
-0.140667,0.668016,-10.072321
-0.136476,0.617137,-10.073519
-0.136476,0.618334,-10.085491
-0.133484,0.627911,-10.102251
-0.144857,0.654249,-10.068132
-0.163413,0.676995,-10.071723
-0.182567,0.712910,-10.071125
-0.189750,0.720093,-10.062745
-0.198130,0.714107,-10.079504
-0.170596,0.708720,-10.063343
-0.160420,0.684777,-10.064540
-0.146652,0.675199,-10.059153
-0.152638,0.646467,-10.046583
-0.147251,0.621327,-10.102251
-0.150244,0.615940,-10.080702
-0.161617,0.644672,-10.070526
-0.157427,0.656045,-10.044188
-0.182567,0.679389,-10.078308
-0.164610,0.715903,-10.096265
-0.164610,0.707523,-10.057357
-0.165807,0.714107,-10.086089
-0.171194,0.696748,-10.045386
-0.153237,0.682981,-10.069928
-0.154434,0.660235,-10.125596
-0.150842,0.645869,-10.104645
-0.159223,0.635693,-10.072321
-0.165208,0.629707,-10.040596
-0.175983,0.636890,-10.074117
-0.162215,0.682981,-10.097462
-0.156828,0.706924,-10.090279
-0.155631,0.705727,-10.073519
-0.162215,0.712910,-10.048977
-0.166406,0.718896,-10.062745
-0.173588,0.693755,-10.050174
-0.161617,0.675798,-10.057357
-0.162215,0.654249,-10.041794
-0.171793,0.650657,-10.057357
-0.153237,0.644073,-10.067533
-0.155631,0.633897,-10.048977
-0.149645,0.653650,-10.093272
-0.167004,0.684178,-10.071723
-0.160420,0.701537,-10.035210
-0.183166,0.716501,-10.045984
-0.171194,0.727276,-10.060350
-0.167603,0.700340,-10.081300
-0.169997,0.675798,-10.066934
-0.162215,0.656643,-10.083695
-0.161617,0.654848,-10.048378
-0.146054,0.657840,-10.065138
-0.149645,0.642876,-10.071723
-0.154434,0.656045,-10.074117
-0.148448,0.661432,-10.051371
-0.160420,0.678192,-10.060949
-0.165807,0.699142,-10.050773
-0.171194,0.706325,-10.059153
-0.176581,0.714107,-10.090878
-0.178377,0.693755,-10.059153
-0.156230,0.668016,-10.058554
-0.158025,0.654249,-10.054963
-0.147849,0.647066,-10.072321
-0.147849,0.650059,-10.090279
-0.152638,0.659636,-10.079504
-0.142462,0.652453,-10.094470
-0.150842,0.668016,-10.073519
-0.162215,0.693755,-10.047780
-0.176581,0.700340,-10.099258
-0.181969,0.705128,-10.053167
-0.162215,0.703931,-10.059752
-0.150842,0.683579,-10.065737
-0.152638,0.651855,-10.069329
-0.153237,0.647665,-10.090878
-0.150244,0.648263,-10.074716
-0.148448,0.646467,-10.056160
-0.165208,0.671009,-10.045984
-0.163413,0.671608,-10.058554
-0.177180,0.678192,-10.103448
-0.180173,0.682981,-10.089680
-0.171793,0.721889,-10.046583
-0.181370,0.709917,-10.022640
-0.162814,0.693157,-10.044787
-0.163413,0.684178,-10.088483
-0.150842,0.663826,-10.066934
-0.140667,0.644073,-10.066336
-0.151441,0.651256,-10.051371
-0.164610,0.658439,-10.049575
-0.166406,0.672206,-10.093272
-0.156828,0.675199,-10.081300
-0.158624,0.664425,-10.086089
-0.171194,0.706924,-10.047182
-0.161018,0.684777,-10.065737
-0.165208,0.702135,-10.063343
-0.155631,0.695551,-10.075315
-0.164011,0.674002,-10.062745
-0.171793,0.659038,-10.068730
-0.159821,0.658439,-10.070526
-0.162215,0.658439,-10.071125
-0.165807,0.665023,-10.097462
-0.150244,0.678791,-10.060949
-0.149645,0.683579,-10.044188
-0.165208,0.691361,-10.041794
-0.163413,0.698544,-10.063343
-0.162814,0.688967,-10.098061
-0.167004,0.699142,-10.057357
-0.162215,0.693157,-10.071125
-0.153835,0.660235,-10.068730
-0.148448,0.638686,-10.075315
-0.154434,0.645869,-10.104046
-0.155631,0.662629,-10.067533
-0.148448,0.679389,-10.065737
-0.156828,0.689565,-10.028027
-0.171194,0.694952,-10.053766
-0.156230,0.678791,-10.100455
-0.149047,0.700938,-10.110630
-0.159223,0.690762,-10.065138
-0.173588,0.684777,-10.044787
-0.135878,0.672805,-10.059153
-0.156230,0.661432,-10.097462
-0.156230,0.637489,-10.074117
-0.149047,0.640482,-10.073519
-0.152040,0.664425,-10.065737
-0.157427,0.660235,-10.064540
-0.158025,0.679988,-10.079504
-0.174786,0.682981,-10.084293
-0.175384,0.685375,-10.060949
-0.179574,0.684178,-10.067533
-0.187356,0.681784,-10.059752
-0.158624,0.688967,-10.067533
-0.162215,0.658439,-10.068132
-0.147849,0.664425,-10.099258
-0.151441,0.650657,-10.054963
-0.145455,0.647066,-10.071723
-0.168800,0.645869,-10.056758
-0.161617,0.679988,-10.090878
-0.156230,0.687171,-10.042991
-0.176581,0.690762,-10.054365
-0.162215,0.692558,-10.062146
-0.160420,0.688967,-10.039999
-0.155032,0.687769,-10.093272
-0.159223,0.668016,-10.087286
-0.155631,0.661432,-10.072321
-0.143659,0.664425,-10.064540
-0.148448,0.656643,-10.037006
-0.150842,0.658439,-10.088483
-0.165208,0.676396,-10.089680
-0.172391,0.694354,-10.076512
-0.169997,0.686572,-10.055562
-0.165807,0.681185,-10.071723
-0.165807,0.691361,-10.058554
-0.158025,0.688368,-10.075913
-0.146054,0.676396,-10.065138
-0.141864,0.667418,-10.056758
-0.165208,0.665622,-10.054963
-0.153237,0.648862,-10.065737
-0.168201,0.651256,-10.074117
-0.155631,0.658439,-10.083096
-0.168201,0.671608,-10.056160
-0.160420,0.684777,-10.068132
-0.159223,0.697945,-10.070526
-0.147849,0.709917,-10.100455
-0.163413,0.672206,-10.071723
-0.166406,0.657242,-10.068730
-0.178976,0.659038,-10.062745
-0.161018,0.654249,-10.065138
-0.156230,0.666819,-10.087286
-0.168800,0.669213,-10.059153
-0.150842,0.669812,-10.068132
-0.153835,0.675199,-10.068730
-0.164011,0.680587,-10.048378
-0.158624,0.685375,-10.069928
-0.159223,0.685974,-10.077709
-0.163413,0.685375,-10.054365
-0.164011,0.676396,-10.059153
-0.144258,0.681185,-10.058554
-0.156230,0.665622,-10.068132
-0.174786,0.659636,-10.089680
-0.144258,0.661432,-10.071125
-0.139469,0.658439,-10.063343
-0.142462,0.662629,-10.065138
-0.166406,0.665622,-10.055562
-0.162215,0.684777,-10.075913
-0.162814,0.680587,-10.049575
-0.159821,0.680587,-10.056160
-0.159821,0.675798,-10.068132
-0.146652,0.678192,-10.049575
-0.141864,0.670411,-10.105243
-0.141265,0.671009,-10.064540
-0.143659,0.666221,-10.041195
-0.158025,0.665622,-10.059752
-0.142462,0.687171,-10.034611
-0.142462,0.673404,-10.095666
-0.165208,0.663228,-10.101653
-0.170596,0.673404,-10.068730
-0.158025,0.697945,-10.069329
-0.166406,0.693157,-10.052569
-0.163413,0.671608,-10.078907
-0.160420,0.657242,-10.081899
-0.166406,0.675798,-10.086089
-0.152638,0.648862,-10.048977
-0.156828,0.653650,-10.043590
-0.156230,0.666221,-10.096863
-0.155631,0.666819,-10.081300
-0.161018,0.665023,-10.061547
-0.161018,0.691960,-10.069928
-0.147849,0.694354,-10.037006
-0.137075,0.684178,-10.106441
-0.165208,0.684777,-10.089082
-0.165807,0.672206,-10.055562
-0.165208,0.658439,-10.045984
-0.159223,0.658439,-10.058554
-0.150244,0.665622,-10.076512
-0.152638,0.653650,-10.080103
-0.165208,0.641679,-10.056160
-0.152638,0.658439,-10.039400
-0.160420,0.674002,-10.039400
-0.162215,0.684777,-10.042392
-0.156230,0.694952,-10.075315
-0.180173,0.681185,-10.056758
-0.153237,0.684178,-10.060350
-0.159821,0.668016,-10.056160
-0.168201,0.666221,-10.038203
-0.158624,0.673404,-10.095067
-0.152638,0.679389,-10.081899
-0.143061,0.662030,-10.052569
-0.159223,0.674601,-10.059752
-0.161018,0.657840,-10.047182
-0.148448,0.667418,-10.090878
-0.165807,0.687171,-10.072321
-0.153835,0.688967,-10.053766
-0.166406,0.682382,-10.064540
-0.172990,0.669213,-10.061547
-0.159223,0.671608,-10.100455
-0.160420,0.668615,-10.084892
-0.160420,0.671608,-10.061547
-0.152638,0.654249,-10.075913
-0.172990,0.662030,-10.077111
-0.158025,0.674601,-10.099258
-0.158624,0.663826,-10.066934
-0.158624,0.684777,-10.062745
-0.166406,0.686572,-10.068730
-0.161018,0.696150,-10.057357
-0.153237,0.677594,-10.105842
-0.160420,0.664425,-10.080702
-0.164011,0.669213,-10.075913
-0.149047,0.675199,-10.078907
-0.165807,0.669213,-10.047780
-0.149645,0.663826,-10.096863
-0.155631,0.675199,-10.093871
-0.161018,0.667418,-10.069928
-0.151441,0.674002,-10.053766
-0.162215,0.677594,-10.052569
-0.156230,0.680587,-10.062745
-0.171194,0.689565,-10.089680
-0.176581,0.684178,-10.077709
-0.162814,0.663228,-10.045984
-0.164610,0.672206,-10.035808
-0.159821,0.663228,-10.051371
-0.146652,0.659038,-10.105243
-0.153835,0.659636,-10.064540
-0.176581,0.664425,-10.053167
-0.149645,0.669213,-10.054365
-0.157427,0.666221,-10.058554
-0.165208,0.678791,-10.041794
-0.158025,0.690762,-10.071125
-0.168800,0.695551,-10.073519
-0.165807,0.661432,-10.068132
-0.166406,0.672805,-10.080702
-0.150842,0.668016,-10.056758
-0.167004,0.659636,-10.062146
-0.161617,0.656643,-10.083695
-0.153835,0.670411,-10.068730
-0.163413,0.672206,-10.070526
-0.156828,0.675798,-10.025033
-0.154434,0.678791,-10.099258
-0.177779,0.683579,-10.062745
-0.174786,0.679988,-10.059153
-0.150842,0.676396,-10.049575
-0.174786,0.665622,-10.044188
-0.151441,0.666221,-10.089680
-0.155631,0.660235,-10.063343
-0.159821,0.668016,-10.063941
-0.150842,0.654848,-10.067533
-0.162215,0.657242,-10.066336
-0.149645,0.685974,-10.084293
-0.159821,0.684178,-10.051371
-0.172391,0.678192,-10.040596
-0.161617,0.685375,-10.048378
-0.157427,0.675798,-10.063343
-0.156230,0.672206,-10.091476
-0.153237,0.668016,-10.083096
-0.156828,0.678791,-10.070526
-0.165208,0.661432,-10.051970
-0.158624,0.661432,-10.062745
-0.153237,0.669812,-10.071723
-0.158624,0.678791,-10.077111
-0.167603,0.684777,-10.065138
-0.164011,0.675798,-10.049575
-0.167603,0.683579,-10.042991
-0.150244,0.681185,-10.057956
-0.164610,0.671608,-10.082497
-0.172391,0.667418,-10.080702
-0.153835,0.652453,-10.048977
-0.143061,0.662629,-10.080702
-0.137075,0.652453,-10.054365
-0.152638,0.660833,-10.079504
-0.157427,0.671009,-10.082497
-0.152040,0.669213,-10.062745
-0.166406,0.668615,-10.065737
-0.152638,0.678791,-10.069329
-0.168800,0.689565,-10.094470
-0.169398,0.681185,-10.067533
-0.159223,0.679988,-10.063343
-0.174187,0.683579,-10.038203
-0.165807,0.657840,-10.051371
-0.156828,0.654848,-10.077111
-0.149645,0.677594,-10.089082
-0.165807,0.666221,-10.077111
-0.167004,0.669213,-10.051970
-0.146054,0.679389,-10.052569
-0.157427,0.676995,-10.078907
-0.174187,0.681784,-10.065737
-0.162814,0.691361,-10.053766
-0.144857,0.682382,-10.081899
-0.156828,0.663228,-10.038203
-0.153237,0.654848,-10.114222
-0.145455,0.672206,-10.086089
-0.162215,0.660833,-10.086089
-0.174786,0.662030,-10.071125
-0.161617,0.662030,-10.048378
-0.161617,0.669213,-10.068730
-0.171793,0.677594,-10.087884
-0.171793,0.681185,-10.072321
-0.160420,0.680587,-10.051970
-0.175983,0.682981,-10.072321
-0.156828,0.676995,-10.056758
-0.153237,0.668615,-10.077709
-0.167004,0.676396,-10.074117
-0.175384,0.671608,-10.069329
-0.166406,0.666221,-10.054365
-0.152638,0.662629,-10.068730
-0.134082,0.673404,-10.084293
-0.155631,0.668615,-10.067533
-0.160420,0.673404,-10.048378
-0.158624,0.675199,-10.060350
-0.162215,0.685974,-10.071125
-0.157427,0.671009,-10.090279
-0.170596,0.685375,-10.066336
-0.161617,0.671009,-10.041794
-0.163413,0.663228,-10.068730
-0.162215,0.670411,-10.063941
-0.152638,0.680587,-10.077111
-0.144258,0.669812,-10.070526
-0.174786,0.664425,-10.072920
-0.144857,0.676995,-10.071723
-0.158025,0.675199,-10.087286
-0.155032,0.674601,-10.074716
-0.175384,0.673404,-10.075913
-0.146054,0.663826,-10.072321
-0.170596,0.665622,-10.084293
-0.153237,0.681784,-10.078308
-0.149047,0.672206,-10.089082
-0.156828,0.662030,-10.077709
-0.149047,0.667418,-10.066336
-0.155032,0.676396,-10.038801
-0.163413,0.672805,-10.053766
-0.156828,0.669812,-10.054365
-0.155032,0.683579,-10.060949
-0.165807,0.684777,-10.064540
-0.160420,0.688967,-10.069329
-0.156828,0.664425,-10.055562
-0.167004,0.668016,-10.069329
-0.158624,0.662030,-10.079504
-0.156230,0.668615,-10.083096
-0.137075,0.675199,-10.063343
-0.156230,0.669213,-10.045386
-0.156828,0.674601,-10.051970
-0.153237,0.665023,-10.072920
-0.146054,0.676995,-10.072920
-0.163413,0.666221,-10.059752
-0.152040,0.669812,-10.019646
-0.161018,0.681784,-10.037604
-0.148448,0.660833,-10.052569
-0.160420,0.656643,-10.070526
-0.159223,0.670411,-10.047182
-0.156828,0.668016,-10.059752
-0.168201,0.660833,-10.050174
-0.159223,0.664425,-10.052569
-0.149047,0.670411,-10.075315
-0.150244,0.688368,-10.062146
-0.158025,0.671608,-10.019048
-0.153835,0.679389,-10.057357
-0.158624,0.687769,-10.050174
-0.147251,0.674002,-10.080702
-0.160420,0.664425,-10.048977
-0.152638,0.675798,-10.055562
-0.156230,0.670411,-10.056758
-0.159223,0.662629,-10.034611
-0.168800,0.675199,-10.095067
-0.147849,0.671608,-10.063343
-0.158624,0.677594,-10.051371
-0.163413,0.659038,-10.056160
-0.156230,0.687171,-10.039999
-0.153237,0.672805,-10.068730
-0.171194,0.684178,-10.068132
-0.167004,0.670411,-10.055562
-0.144258,0.677594,-10.045984
-0.166406,0.666221,-10.052569
-0.158025,0.678791,-10.093272
-0.147849,0.678791,-10.075913
-0.161018,0.675199,-10.076512
-0.162215,0.672206,-10.053766
-0.170596,0.678192,-10.083695
-0.153835,0.665622,-10.092674
-0.165807,0.672206,-10.071723
-0.160420,0.670411,-10.073519
-0.161617,0.662030,-10.048977
-0.161018,0.665023,-10.055562
-0.152638,0.662629,-10.083695
-0.143659,0.687171,-10.096863
-0.154434,0.670411,-10.068132
-0.143659,0.669812,-10.071125
-0.173588,0.682382,-10.051371
-0.168800,0.665622,-10.072321
-0.165807,0.665622,-10.111229
-0.177779,0.663228,-10.047780
-0.164610,0.688967,-10.070526
-0.145455,0.676995,-10.042991
-0.159821,0.661432,-10.060350
-0.150842,0.652453,-10.099258
-0.153835,0.662030,-10.074117
-0.168201,0.660833,-10.080103
-0.137075,0.688967,-10.077111
-0.141864,0.694952,-10.047182
-0.167603,0.670411,-10.102849
-0.165807,0.650059,-10.069928
-0.173588,0.657242,-10.050773
-0.158025,0.668615,-10.035808
-0.154434,0.679389,-10.057357
-0.151441,0.673404,-10.107039
-0.156230,0.677594,-10.069329
-0.156828,0.668016,-10.080702
-0.159821,0.669213,-10.071125
-0.169997,0.669812,-10.048977
-0.162814,0.685974,-10.096863
-0.166406,0.671009,-10.080702
-0.167603,0.681784,-10.070526
-0.159821,0.665023,-10.062146
-0.154434,0.671608,-10.044787
-0.147251,0.680587,-10.093272
-0.156828,0.687171,-10.087286
-0.156230,0.668615,-10.050773
-0.167603,0.659038,-10.047182
-0.167603,0.659636,-10.049575
-0.161617,0.677594,-10.066934
-0.154434,0.653052,-10.090878
-0.159821,0.680587,-10.047182
-0.143061,0.671608,-10.056758
-0.158624,0.684178,-10.065138
-0.158025,0.664425,-10.060350
-0.175983,0.665622,-10.084892
-0.164610,0.675199,-10.055562
-0.157427,0.675798,-10.051970
-0.156828,0.672805,-10.063941
-0.153835,0.672206,-10.071125
-0.157427,0.668016,-10.111828
-0.169398,0.665622,-10.077709
-0.153237,0.672206,-10.057357
-0.156828,0.679389,-10.055562
-0.159821,0.687769,-10.056758
-0.140667,0.669213,-10.099258
-0.152040,0.665622,-10.068132
-0.172391,0.672206,-10.083096
-0.162215,0.666221,-10.069329
-0.154434,0.676396,-10.035210
-0.168201,0.672206,-10.096265
-0.165807,0.671009,-10.075913
-0.162215,0.667418,-10.060350
-0.144258,0.672206,-10.049575
-0.162215,0.673404,-10.055562
-0.156828,0.681784,-10.092674
-0.161018,0.681185,-10.082497
-0.171194,0.682981,-10.060949
-0.149645,0.659038,-10.075315
-0.158624,0.662629,-10.066336
-0.155631,0.669812,-10.051970
-0.165208,0.688967,-10.080103
-0.154434,0.660235,-10.057357
-0.155032,0.674002,-10.045984
-0.160420,0.671608,-10.064540
-0.155631,0.659038,-10.039999
-0.156828,0.674601,-10.095067
-0.167004,0.689565,-10.065737
-0.158025,0.673404,-10.072920
-0.161617,0.672206,-10.072920
-0.160420,0.673404,-10.035808
-0.160420,0.675199,-10.083096
-0.146652,0.666221,-10.093272
-0.161617,0.668615,-10.071723
-0.149047,0.672805,-10.057357
-0.158025,0.672805,-10.062745
-0.160420,0.682382,-10.049575
-0.158025,0.668615,-10.077709
-0.144857,0.686572,-10.077709
-0.166406,0.692558,-10.062146
-0.164610,0.690762,-10.059153
-0.150842,0.672805,-10.023837
-0.168201,0.668615,-10.074117
-0.155631,0.661432,-10.064540
-0.150842,0.672206,-10.056160
-0.149047,0.670411,-10.053766
-0.150842,0.676995,-10.053167
-0.164610,0.675199,-10.099258
-0.155032,0.653052,-10.071723
-0.164011,0.669812,-10.048977
-0.167004,0.684178,-10.051371
-0.159223,0.676995,-10.064540
-0.161617,0.676995,-10.104645
-0.172391,0.673404,-10.026829
-0.158624,0.663228,-10.053167
-0.152638,0.669213,-10.076512
-0.157427,0.665622,-10.059153
-0.173588,0.669213,-10.107039
-0.153237,0.684777,-10.084892
-0.155631,0.665622,-10.048378
-0.155032,0.687769,-10.069329
-0.172391,0.671009,-10.049575
-0.142462,0.672206,-10.098061
-0.153237,0.682981,-10.079504
-0.159821,0.688368,-10.045386
-0.160420,0.674002,-10.062745
-0.153835,0.662629,-10.067533
-0.164610,0.670411,-10.080103
-0.170596,0.666819,-10.077111
-0.152040,0.671608,-10.057956
-0.166406,0.695551,-10.041195
-0.161018,0.682981,-10.034611
-0.159223,0.671608,-10.081300
-0.162215,0.673404,-10.060949
-0.165807,0.668016,-10.060949
-0.150244,0.678192,-10.051371
-0.165208,0.671608,-10.060350
-0.156230,0.675798,-10.065138
-0.159223,0.665622,-10.102849
-0.161617,0.685375,-10.053167
-0.168800,0.677594,-10.053167
-0.164610,0.676396,-10.058554
-0.163413,0.680587,-10.070526
-0.159821,0.668615,-10.089082
-0.183166,0.668615,-10.070526
-0.169398,0.665622,-10.067533
-0.166406,0.676995,-10.090878
-0.160420,0.676396,-10.051970
-0.158624,0.660833,-10.095067
-0.150842,0.670411,-10.073519
-0.144857,0.673404,-10.046583
-0.172990,0.669812,-10.070526
-0.172990,0.666221,-10.078907
-0.163413,0.669812,-10.101054
-0.166406,0.677594,-10.065737
-0.161018,0.666221,-10.074117
-0.153835,0.666819,-10.041794
-0.167603,0.676995,-10.043590
-0.167603,0.671608,-10.089082
-0.145455,0.681185,-10.081899
-0.152638,0.672805,-10.078907
-0.154434,0.670411,-10.076512
-0.158624,0.665622,-10.062146
-0.159821,0.682981,-10.098061
-0.158025,0.687769,-10.070526
-0.161018,0.673404,-10.063941
-0.160420,0.664425,-10.047182
-0.168201,0.674002,-10.059153
-0.172990,0.668615,-10.084892
-0.167004,0.672206,-10.101653
-0.156230,0.675798,-10.050773
-0.155032,0.659636,-10.045386
-0.175384,0.668615,-10.062146
-0.171793,0.672206,-10.088483
-0.156828,0.688967,-10.077111
-0.147849,0.678192,-10.067533
-0.163413,0.675798,-10.069928
-0.150244,0.671608,-10.036407
-0.158025,0.684178,-10.075913
-0.161617,0.678192,-10.081899
-0.162215,0.681185,-10.038801
-0.162215,0.681185,-10.068730
-0.162215,0.673404,-10.049575
-0.152040,0.671009,-10.064540
-0.155032,0.662030,-10.102849
-0.149047,0.656643,-10.061547
-0.141265,0.669812,-10.041794
-0.161018,0.668016,-10.068730
-0.161018,0.670411,-10.057956
-0.169997,0.665622,-10.091476
-0.158025,0.673404,-10.066336
-0.153237,0.666221,-10.066336
-0.159223,0.684777,-10.060949
-0.157427,0.669812,-10.032217
-0.161018,0.669213,-10.054963
-0.160420,0.660833,-10.066934
-0.159223,0.670411,-10.061547
-0.169398,0.670411,-10.064540
-0.155032,0.684777,-10.054365
-0.161617,0.681185,-10.060949
-0.163413,0.663228,-10.045984
-0.166406,0.669812,-10.079504
-0.153835,0.668615,-10.041794
-0.162814,0.678192,-10.056758
-0.154434,0.654249,-10.049575
-0.161617,0.667418,-10.088483
-0.161018,0.671608,-10.054963
-0.161018,0.674002,-10.071125
-0.156828,0.665622,-10.059153
-0.160420,0.660833,-10.056160
-0.159223,0.678791,-10.081899
-0.161018,0.678192,-10.078907
-0.156828,0.671009,-10.047182
-0.158025,0.672805,-10.076512
-0.159223,0.681784,-10.052569
-0.155631,0.666819,-10.086089
-0.145455,0.675199,-10.053167
-0.155631,0.669812,-10.061547
-0.147849,0.679389,-10.048378
-0.162215,0.682981,-10.066336
-0.154434,0.666819,-10.081899
-0.165208,0.681784,-10.090878
-0.162215,0.679389,-10.070526
-0.164610,0.682382,-10.068730
-0.159821,0.678791,-10.047182
-0.137674,0.674002,-10.054365
-0.157427,0.665622,-10.074716
-0.159821,0.670411,-10.050174
-0.171194,0.660235,-10.051371
-0.143659,0.685375,-10.078907
-0.148448,0.682382,-10.053167
-0.153835,0.674002,-10.098659
-0.148448,0.666819,-10.074716
-0.161617,0.671009,-10.062745
-0.162814,0.679389,-10.063343
-0.166406,0.685375,-10.036407
-0.150244,0.659636,-10.088483
-0.153835,0.670411,-10.083695
-0.153835,0.678192,-10.083096
-0.162814,0.663228,-10.038203
-0.145455,0.674601,-10.052569
-0.167603,0.667418,-10.086089
-0.152638,0.668615,-10.090279
-0.152040,0.674601,-10.050174
-0.150842,0.669213,-10.062745
-0.158624,0.664425,-10.081899
-0.169398,0.684178,-10.099258
-0.144258,0.675199,-10.089680
-0.161018,0.673404,-10.073519
-0.164011,0.664425,-10.057956
-0.162215,0.660235,-10.043590
-0.155631,0.677594,-10.073519
-0.158624,0.671009,-10.088483
-0.156230,0.668615,-10.065138
-0.155032,0.665023,-10.067533
-0.157427,0.669812,-10.051371
-0.160420,0.666819,-10.075315
-0.153237,0.653650,-10.061547
-0.160420,0.663826,-10.086089
-0.162215,0.677594,-10.070526
-0.158624,0.661432,-10.089680
-0.150842,0.665622,-10.080702
-0.160420,0.678791,-10.091476
-0.149645,0.669812,-10.059752
-0.165208,0.669213,-10.070526
-0.155032,0.666819,-10.048977
-0.159821,0.682981,-10.062745
-0.154434,0.662629,-10.081899
-0.155631,0.672206,-10.032217
-0.162814,0.668016,-10.069928
-0.156230,0.675798,-10.063941
-0.158624,0.679988,-10.079504
-0.158624,0.679389,-10.084293
-0.160420,0.677594,-10.056160
-0.170596,0.663228,-10.070526
-0.161018,0.659636,-10.058554
-0.158624,0.692558,-10.066336
-0.159821,0.675199,-10.069928
-0.144857,0.676995,-10.083695
-0.144258,0.669812,-10.080103
-0.158624,0.671608,-10.032815
-0.171194,0.675199,-10.054365
-0.159821,0.681784,-10.096863
-0.152040,0.666221,-10.080702
-0.172990,0.671009,-10.075315
-0.159223,0.668016,-10.056160
-0.156230,0.662629,-10.059752
-0.156828,0.670411,-10.099258
-0.155032,0.665622,-10.059153
-0.143061,0.668615,-10.075913
-0.165807,0.673404,-10.059153
-0.164011,0.665622,-10.045984
-0.153237,0.666819,-10.073519
-0.147251,0.668615,-10.085491
-0.165807,0.666221,-10.063941
-0.156828,0.668016,-10.048378
-0.153835,0.678192,-10.078907
-0.162814,0.678791,-10.057357
-0.157427,0.671608,-10.089082
-0.150842,0.660833,-10.056160
-0.143659,0.667418,-10.048977
-0.154434,0.663826,-10.071723
-0.159821,0.681784,-10.051371
-0.147849,0.657840,-10.095067
-0.146054,0.660235,-10.070526
-0.166406,0.675199,-10.053766
-0.165807,0.669812,-10.082497
-0.156828,0.662030,-10.051970
-0.153237,0.662030,-10.099258
-0.159821,0.671009,-10.055562
-0.163413,0.670411,-10.042392
-0.152040,0.657242,-10.024435
-0.152638,0.675798,-10.048977
-0.148448,0.678192,-10.048378
-0.166406,0.667418,-10.086688
-0.152638,0.666819,-10.050174
-0.150842,0.678192,-10.060949
-0.161617,0.684178,-10.054963
-0.141265,0.672805,-10.031020
-0.167603,0.670411,-10.084892
-0.149047,0.650059,-10.066336
-0.160420,0.672805,-10.061547
-0.149047,0.676995,-10.084293
-0.144258,0.679389,-10.056160
-0.153835,0.673404,-10.097462
-0.158624,0.680587,-10.081300
-0.156828,0.676396,-10.048977
-0.174187,0.666221,-10.058554
-0.144258,0.665622,-10.068730
-0.154434,0.666819,-10.080702
-0.152638,0.675798,-10.044787
-0.148448,0.676396,-10.060949
-0.172990,0.665622,-10.060350
-0.162215,0.660235,-10.053766
-0.153237,0.666819,-10.092674
-0.156828,0.673404,-10.086089
-0.155032,0.669213,-10.054365
-0.150842,0.676995,-10.054365
-0.149047,0.671009,-10.077111
-0.163413,0.675199,-10.086089
-0.148448,0.669812,-10.082497
-0.158025,0.672206,-10.048977
-0.141864,0.677594,-10.075913
-0.170596,0.684777,-10.071125
-0.170596,0.678791,-10.077709
-0.147849,0.663826,-10.090878
-0.167004,0.675798,-10.052569
-0.166406,0.678192,-10.056160
-0.171793,0.665622,-10.069928
-0.162215,0.665622,-10.051970
-0.165208,0.676995,-10.111828
-0.171793,0.676995,-10.093871
-0.162215,0.665023,-10.056160
-0.155032,0.676995,-10.060350
-0.156230,0.679389,-10.069329
-0.155631,0.681784,-10.092674
-0.159821,0.678192,-10.078907
-0.162215,0.674002,-10.062745
-0.172391,0.670411,-10.058554
-0.174786,0.665023,-10.071125
-0.161617,0.678791,-10.107638
-0.152040,0.675199,-10.062146
-0.152638,0.673404,-10.076512
-0.164011,0.672206,-10.067533
-0.146054,0.674601,-10.067533
-0.149047,0.659636,-10.106441
-0.150842,0.679389,-10.090878
-0.165208,0.679988,-10.089680
-0.159821,0.678791,-10.058554
-0.153237,0.674601,-10.053167
-0.163413,0.673404,-10.096863
-0.155631,0.681784,-10.066336
-0.153237,0.684178,-10.078907
-0.180173,0.667418,-10.071723
-0.152638,0.678192,-10.075315
-0.156230,0.670411,-10.078308
-0.153237,0.673404,-10.073519
-0.160420,0.669812,-10.057956
-0.157427,0.671608,-10.034611
-0.164610,0.678791,-10.074716
-0.156828,0.672206,-10.083096
-0.149645,0.685974,-10.064540
-0.156828,0.670411,-10.071125
-0.163413,0.669213,-10.045984
-0.153237,0.669812,-10.061547
-0.162215,0.682981,-10.082497
-0.151441,0.679988,-10.090279
-0.152638,0.676995,-10.084293
-0.156230,0.672206,-10.051970
-0.170596,0.669213,-10.071125
-0.163413,0.682981,-10.063941
-0.173588,0.675199,-10.104645
-0.149047,0.701537,-10.085491
-0.160420,0.671009,-10.046583
-0.154434,0.681185,-10.039400
-0.146054,0.677594,-10.045984
-0.167603,0.669812,-10.105842
-0.146054,0.680587,-10.077709
-0.159821,0.684178,-10.069928
-0.167603,0.660235,-10.076512
-0.165208,0.668016,-10.054365
-0.153835,0.682382,-10.116018
-0.151441,0.668016,-10.067533
-0.164011,0.675798,-10.057357
-0.164011,0.662030,-10.060949
-0.151441,0.664425,-10.056758
-0.163413,0.682981,-10.093272
-0.150244,0.679389,-10.071723
-0.166406,0.662030,-10.047780
-0.166406,0.667418,-10.055562
-0.165807,0.671009,-10.056758
-0.164011,0.678192,-10.112426
-0.162814,0.670411,-10.060350
-0.158025,0.678791,-10.065138
-0.147251,0.670411,-10.072321
-0.167004,0.674002,-10.041195
-0.168201,0.672206,-10.071125
-0.159223,0.680587,-10.045984
-0.164011,0.664425,-10.041195
-0.177779,0.651855,-10.066934
-0.166406,0.672206,-10.048977
-0.155631,0.668615,-10.046583
-0.155631,0.669812,-10.080702
-0.159223,0.672206,-10.068730
-0.157427,0.659636,-10.066934
-0.151441,0.662629,-10.051371
-0.147251,0.663826,-10.046583
-0.168201,0.664425,-10.067533
-0.175384,0.674601,-10.059153
-0.165807,0.687171,-10.069329
-0.163413,0.666819,-10.061547
-0.148448,0.665622,-10.081899
-0.152638,0.684178,-10.046583
-0.153237,0.667418,-10.075315
-0.154434,0.672206,-10.072920
-0.161018,0.663228,-10.054365
-0.168800,0.671009,-10.071723
-0.167603,0.668615,-10.053766
-0.155631,0.672206,-10.053766
-0.158025,0.671608,-10.043590
-0.164011,0.675199,-10.065737
-0.152638,0.672206,-10.056160
-0.153835,0.677594,-10.053167
-0.152638,0.659038,-10.106441
-0.162814,0.676995,-10.056758
-0.161617,0.685974,-10.059153
-0.143659,0.680587,-10.074716
-0.165208,0.663826,-10.072920
-0.162215,0.672805,-10.090279
-0.164011,0.670411,-10.066336
-0.164011,0.669213,-10.077709
-0.156230,0.668615,-10.050773
-0.159821,0.680587,-10.051371
-0.149645,0.676995,-10.088483
-0.151441,0.669213,-10.076512
-0.163413,0.661432,-10.058554
-0.177180,0.669812,-10.053766
-0.153237,0.685375,-10.074117
-0.149645,0.690164,-10.089680
-0.157427,0.656045,-10.075913
-0.156230,0.669213,-10.054365
-0.160420,0.665023,-10.054963
-0.160420,0.671608,-10.081300
-0.153835,0.664425,-10.082497
-0.150842,0.675199,-10.105243
-0.165807,0.681185,-10.066336
-0.159223,0.685375,-10.070526
-0.152040,0.667418,-10.030421
-0.156230,0.667418,-10.073519
-0.156230,0.678192,-10.093272
-0.136476,0.672206,-10.099857
-0.160420,0.676396,-10.061547
-0.167004,0.668016,-10.046583
-0.166406,0.662629,-10.055562
-0.156230,0.679389,-10.087286
-0.160420,0.668615,-10.071125
-0.162814,0.666819,-10.032815
-0.167004,0.659038,-10.069928
-0.158025,0.677594,-10.054365
-0.163413,0.668615,-10.117216
-0.161018,0.667418,-10.098061
-0.158025,0.659038,-10.072920
-0.155631,0.667418,-10.055562
-0.168800,0.663228,-10.059752
-0.162215,0.667418,-10.077709
-0.167004,0.665622,-10.068132
-0.150244,0.669812,-10.052569
-0.156828,0.673404,-10.062146
-0.162814,0.671009,-10.050773
-0.159821,0.672805,-10.121405
-0.155032,0.670411,-10.098061
-0.159821,0.674601,-10.045984
-0.144258,0.668615,-10.075315
-0.158025,0.672805,-10.042392
-0.161018,0.678791,-10.110033
-0.168201,0.684178,-10.083096
-0.151441,0.668615,-10.070526
-0.162814,0.674601,-10.051371
-0.145455,0.677594,-10.062745
-0.157427,0.665023,-10.101054
-0.167603,0.671009,-10.084892
-0.165807,0.675199,-10.069329
-0.167004,0.669213,-10.074117
-0.172391,0.673404,-10.057357
-0.145455,0.680587,-10.094470
-0.159821,0.676396,-10.072920
-0.163413,0.669812,-10.061547
-0.156828,0.681185,-10.054365
-0.156230,0.668615,-10.056160
-0.161617,0.667418,-10.072920
-0.144857,0.662030,-10.099258
-0.173588,0.666819,-10.070526
-0.156828,0.672206,-10.057956
-0.145455,0.669213,-10.044787
-0.161018,0.669213,-10.051970
-0.162814,0.663826,-10.091476
-0.151441,0.681784,-10.068730
-0.156828,0.690164,-10.050174
-0.168201,0.677594,-10.057956
-0.162814,0.675798,-10.086688
-0.165807,0.662629,-10.085491
-0.152638,0.653650,-10.060350
-0.167603,0.651256,-10.063941
-0.162814,0.666819,-10.052569
-0.150842,0.669812,-10.043590
-0.167004,0.675199,-10.089680
-0.146054,0.668615,-10.047780
-0.143659,0.679389,-10.059153
-0.147849,0.686572,-10.060949
-0.149047,0.679389,-10.059153
-0.167004,0.676396,-10.053167
-0.161018,0.657242,-10.076512
-0.164011,0.667418,-10.078308
-0.158624,0.673404,-10.066934
-0.149645,0.671608,-10.039400
-0.162215,0.675798,-10.071723
-0.165807,0.678791,-10.084892
-0.161018,0.662629,-10.071723
-0.164011,0.667418,-10.050174
-0.155631,0.672206,-10.060350
-0.159821,0.671608,-10.046583
-0.164610,0.675199,-10.063343
-0.162215,0.668615,-10.049575
-0.163413,0.660235,-10.038801
-0.149645,0.666819,-10.039400
-0.172391,0.675199,-10.048977
-0.166406,0.665023,-10.087884
-0.164011,0.681784,-10.059153
-0.163413,0.676995,-10.028625
-0.155631,0.657242,-10.063343
-0.169997,0.671608,-10.058554
-0.161018,0.665622,-10.087884
-0.178377,0.668615,-10.084293
-0.157427,0.660235,-10.052569
-0.165807,0.667418,-10.066934
-0.168201,0.679389,-10.052569
-0.147251,0.666819,-10.069329
-0.162215,0.679988,-10.104645
-0.162814,0.668016,-10.075913
-0.143659,0.658439,-10.068132
-0.158624,0.684777,-10.042991
-0.161617,0.684777,-10.055562
-0.156828,0.681185,-10.105842
-0.155631,0.677594,-10.064540
-0.159821,0.659038,-10.051970
-0.172391,0.673404,-10.074716
-0.156828,0.681185,-10.069928
-0.167603,0.666221,-10.098659
-0.162215,0.681784,-10.067533
-0.178976,0.671009,-10.066336
-0.162814,0.660833,-10.076512
-0.151441,0.676396,-10.057357
-0.143659,0.693755,-10.126194
-0.166406,0.667418,-10.075913
-0.177180,0.659038,-10.067533
-0.180173,0.666819,-10.065138
-0.162814,0.663826,-10.054365
-0.164610,0.685375,-10.081300
-0.150244,0.687769,-10.096863
-0.164011,0.670411,-10.066336
-0.163413,0.656643,-10.071723
-0.169398,0.652453,-10.048378
-0.156828,0.671608,-10.091476
-0.145455,0.698544,-10.062146
-0.155032,0.681784,-10.032217
-0.162215,0.666221,-10.048977
-0.184962,0.649460,-10.080103
-0.180771,0.653650,-10.072920
-0.168201,0.669812,-10.090279
-0.147849,0.697347,-10.057956
-0.159223,0.681784,-10.066336
-0.173588,0.660235,-10.088483
-0.159223,0.649460,-10.085491
-0.155631,0.660833,-10.090878
-0.150842,0.659038,-10.055562
-0.159223,0.701537,-10.066336
-0.155631,0.666221,-10.086089
-0.165807,0.660833,-10.059752
-0.181370,0.647665,-10.080103
-0.155032,0.674002,-10.086089
-0.147849,0.679389,-10.032815
-0.168800,0.683579,-10.064540
-0.153237,0.665023,-10.068132
-0.153237,0.656045,-10.077111
-0.161018,0.636291,-10.098061
-0.169398,0.670411,-10.055562
-0.156230,0.687769,-10.064540
-0.170596,0.687769,-10.039999
-0.173588,0.662629,-10.113025
-0.172391,0.662030,-10.064540
-0.158025,0.648263,-10.086089
-0.156230,0.657242,-10.072920
-0.167603,0.697945,-10.045386
-0.153237,0.688368,-10.092674
-0.149047,0.662030,-10.089082
-0.170596,0.639284,-10.054365
-0.152638,0.650657,-10.068132
-0.156828,0.689565,-10.021442
-0.149047,0.698544,-10.110033
-0.156828,0.676995,-10.075315
-0.165208,0.670411,-10.078308
-0.184962,0.636890,-10.060949
-0.163413,0.663228,-10.075315
-0.151441,0.683579,-10.110033
-0.145455,0.697945,-10.066336
-0.161018,0.675798,-10.063343
-0.164610,0.666819,-10.068730
-0.174786,0.656045,-10.090878
-0.164610,0.671608,-10.101653
-0.144258,0.689565,-10.074117
-0.156828,0.702734,-10.076512
-0.157427,0.683579,-10.060350
-0.162814,0.656643,-10.057956
-0.176581,0.645270,-10.066336
-0.161617,0.675798,-10.098659
-0.145455,0.696748,-10.096265
-0.150842,0.702734,-10.066934
-0.157427,0.678791,-10.044188
-0.163413,0.657242,-10.044188
-0.169398,0.668016,-10.091476
-0.140667,0.663228,-10.081899
-0.157427,0.698544,-10.084892
-0.148448,0.703333,-10.124399
-0.161617,0.684777,-10.056160
-0.161617,0.665622,-10.060949
-0.163413,0.666221,-10.123201
-0.158624,0.687171,-10.082497
-0.176581,0.667418,-10.064540
-0.162215,0.688368,-10.046583
-0.160420,0.667418,-10.059153
-0.175983,0.654249,-10.074117
-0.151441,0.657840,-10.032815
-0.145455,0.679389,-10.087884
-0.163413,0.675199,-10.052569
-0.158025,0.684777,-10.076512
-0.149047,0.665023,-10.092075
-0.158624,0.660833,-10.068730
-0.168201,0.669213,-10.074117
-0.167603,0.667418,-10.065737
-0.151441,0.674601,-10.053766
-0.154434,0.675199,-10.114222
-0.167603,0.671608,-10.059752
-0.164011,0.663826,-10.064540
-0.159821,0.669213,-10.037604
-0.159821,0.687769,-10.129187
-0.159821,0.672206,-10.073519
-0.161617,0.669812,-10.053766
-0.159223,0.668615,-10.043590
-0.161018,0.684777,-10.099857
-0.162814,0.673404,-10.037006
-0.168201,0.669812,-10.101653
-0.168201,0.656045,-10.049575
-0.165807,0.663826,-10.095067
-0.145455,0.666221,-10.024435
-0.151441,0.678791,-10.059752
-0.146652,0.690762,-10.072920
-0.161018,0.671608,-10.078907
-0.161018,0.644672,-10.060949
-0.168201,0.648862,-10.049575
-0.150842,0.673404,-10.064540
-0.150842,0.655446,-10.099258
-0.149047,0.682981,-10.086688
-0.151441,0.672206,-10.042392
-0.145455,0.663826,-10.095067
-0.155032,0.666819,-10.034012
-0.164610,0.666819,-10.080702
-0.145455,0.690762,-10.098061
-0.158624,0.688368,-10.078907
-0.159821,0.651256,-10.080103
-0.168800,0.647665,-10.064540
-0.166406,0.662030,-10.075913
-0.165807,0.662030,-10.107638
-0.152040,0.690164,-10.067533
-0.156828,0.673404,-10.042991
-0.155631,0.663826,-10.059153
-0.160420,0.661432,-10.045386
-0.149047,0.662030,-10.105243
-0.138871,0.675798,-10.066336
-0.154434,0.696748,-10.073519
-0.162814,0.673404,-10.032217
-0.161617,0.657840,-10.065737
-0.164610,0.654848,-10.102251
-0.155631,0.657242,-10.059153
-0.165208,0.682981,-10.047780
-0.141864,0.685375,-10.048378
-0.162215,0.680587,-10.077709
-0.159821,0.658439,-10.086089
-0.150842,0.663826,-10.066336
-0.149047,0.679988,-10.053766
-0.160420,0.664425,-10.087884
-0.150244,0.679389,-10.073519
-0.159223,0.683579,-10.075315
-0.156828,0.672206,-10.068730
-0.168800,0.662030,-10.083096
-0.148448,0.653650,-10.080702
-0.156828,0.665622,-10.027428
-0.143061,0.679988,-10.094470
-0.158025,0.674601,-10.092674
-0.174187,0.685375,-10.060350
-0.155032,0.652453,-10.051371
-0.158624,0.666221,-10.058554
-0.158025,0.659038,-10.078308
-0.147849,0.656643,-10.107638
-0.157427,0.668016,-10.053766
-0.166406,0.666221,-10.042392
-0.153835,0.676995,-10.062146
-0.155032,0.660833,-10.075913
-0.161617,0.668615,-10.083695
-0.149047,0.660235,-10.063343
-0.149047,0.690762,-10.060350
-0.155631,0.687769,-10.074117
-0.171793,0.672206,-10.046583
-0.164610,0.662629,-10.102251
-0.153835,0.673404,-10.049575
-0.169997,0.673404,-10.060350
-0.147849,0.672206,-10.051970
-0.163413,0.666221,-10.059752
-0.149645,0.659636,-10.128588
-0.150244,0.672206,-10.061547
-0.155631,0.646467,-10.072321
-0.153237,0.676396,-10.050174
-0.158624,0.665023,-10.053167
-0.162814,0.671608,-10.096863
-0.154434,0.671009,-10.077111
-0.166406,0.672206,-10.040596
-0.153237,0.680587,-10.057357
-0.159223,0.671608,-10.057956
-0.147849,0.664425,-10.091476
-0.152040,0.668615,-10.074117
-0.161018,0.663228,-10.068132
-0.150244,0.666221,-10.053167
-0.154434,0.661432,-10.063941
-0.156828,0.680587,-10.046583
-0.153835,0.675798,-10.077709
-0.149047,0.685974,-10.081899
-0.147251,0.681185,-10.065737
-0.158025,0.665622,-10.064540
-0.155631,0.667418,-10.063941
-0.158624,0.668016,-10.077111
-0.147251,0.667418,-10.144151
-0.130491,0.669213,-9.953204
-0.176581,0.676396,-10.153729
-0.140667,0.675798,-9.994506
-0.157427,0.669812,-10.116018
-0.176581,0.672805,-10.083695
-0.149047,0.677594,-10.081899
-0.165208,0.675798,-10.053167
-0.159821,0.666221,-10.055562
-0.157427,0.662629,-10.050174
-0.173588,0.672805,-10.099857
-0.155032,0.676396,-10.034611
-0.156230,0.657840,-10.093272
-0.153237,0.675798,-10.054963
-0.156828,0.676396,-10.071723
-0.146054,0.687769,-10.097462
-0.151441,0.669812,-10.060949
-0.165208,0.680587,-10.044787
-0.172391,0.673404,-10.060949
-0.169398,0.661432,-10.072321
-0.162814,0.679988,-10.085491
-0.162215,0.676995,-10.065737
-0.155032,0.666819,-10.057357
-0.159821,0.663826,-10.056758
-0.181969,0.661432,-10.039999
-0.166406,0.676396,-10.094470
-0.146054,0.689565,-10.042392
-0.172990,0.676396,-10.095067
-0.162215,0.664425,-9.998696
-0.172990,0.668016,-10.078907
-0.149047,0.664425,-10.145947
-0.140068,0.683579,-10.034012
-0.164610,0.684178,-10.034012
-0.164011,0.672805,-10.074716
-0.164610,0.659636,-10.051371
-0.173588,0.644073,-10.071723
-0.147849,0.651256,-10.092075
-0.158025,0.688368,-10.062146
-0.153835,0.680587,-10.063343
-0.155032,0.674601,-10.068132
-0.171194,0.646467,-10.113624
-0.174187,0.655446,-10.091476
-0.156230,0.651855,-10.072321
-0.164011,0.694952,-10.033414
-0.159223,0.694952,-10.051970
-0.175983,0.674601,-10.044188
-0.167603,0.657840,-10.104645
-0.161018,0.653650,-10.083695
-0.162814,0.676995,-10.048977
-0.156230,0.691960,-10.051970
-0.139469,0.689565,-10.072321
-0.155032,0.682981,-10.041794
-0.201123,0.627911,-10.034012
-0.128695,0.635693,-10.128588
-0.226264,0.647066,-10.138764
-0.054471,0.719494,-10.039400
-0.177779,0.684777,-10.090279
-0.186757,0.688967,-10.068132
-0.120315,0.666819,-10.024435
-0.195137,0.674002,-10.083695
-0.174187,0.684178,-10.013661
-0.115526,0.710516,-10.133377
-0.168201,0.688368,-10.035210
-0.191546,0.691960,-10.057357
-0.148448,0.659038,-10.057357
-0.192144,0.642277,-10.062745
-0.146652,0.673404,-10.075315
-0.117322,0.694354,-10.080103
-0.144857,0.693157,-10.047780
-0.154434,0.678192,-10.042392
-0.172990,0.664425,-10.071723
-0.175983,0.641080,-10.075913
-0.168800,0.660235,-10.098061
-0.141864,0.676995,-10.069329
-0.176581,0.705727,-10.092075
-0.130491,0.664425,-10.060949
-0.154434,0.648263,-10.077111
-0.159223,0.648862,-10.089680
-0.138871,0.651855,-10.050773
-0.150842,0.686572,-10.054963
-0.163413,0.696150,-10.060949
-0.172990,0.681185,-10.071125
-0.173588,0.667418,-10.080103
-0.165208,0.664425,-10.041794
-0.171793,0.652453,-10.056758
-0.152040,0.673404,-10.060949
-0.140667,0.675798,-10.110033
-0.161018,0.675798,-10.011865
-0.184962,0.648862,-10.110630
-0.140667,0.641679,-10.060350
-0.134681,0.670411,-10.097462
-0.149047,0.694354,-10.045386
-0.139469,0.700340,-10.111828
-0.167603,0.668615,-10.052569
-0.191546,0.656643,-10.067533
-0.150244,0.656045,-10.069928
-0.139469,0.655446,-10.070526
-0.158624,0.695551,-10.101653
-0.131688,0.671608,-10.104046
-0.164011,0.656045,-10.038203
-0.172990,0.637489,-10.054365
-0.145455,0.644672,-10.039400
-0.177779,0.675798,-10.077709
-0.152638,0.699142,-10.072321
-0.151441,0.683579,-10.054963
-0.165807,0.664425,-10.052569
-0.174187,0.661432,-10.048977
-0.167603,0.651256,-10.051970
-0.153237,0.672805,-10.082497
-0.143061,0.673404,-10.093871
-0.150244,0.697945,-10.031020
-0.152040,0.679389,-10.072321
-0.147251,0.659636,-10.069329
-0.181969,0.675798,-10.047182
-0.153835,0.674601,-10.055562
-0.149645,0.687171,-10.062146
-0.165807,0.692558,-10.039400
-0.154434,0.687171,-10.070526
-0.153835,0.666221,-10.110630
-0.164011,0.650059,-10.082497
-0.139469,0.658439,-10.061547
-0.146054,0.672206,-10.078308
-0.143061,0.684178,-10.056160
-0.137075,0.685375,-10.080103
-0.163413,0.659636,-10.058554
-0.169398,0.672805,-10.055562
-0.158624,0.672206,-10.062745
-0.163413,0.689565,-10.044188
-0.164610,0.683579,-10.063343
-0.161018,0.666221,-10.028027
-0.156828,0.656045,-10.063343
-0.162215,0.664425,-10.064540
-0.140667,0.662030,-10.057357
-0.156828,0.681784,-10.040596
-0.146652,0.679389,-10.084892
-0.148448,0.675798,-10.049575
-0.173588,0.665622,-10.049575
-0.155032,0.669812,-10.041195
-0.180771,0.660833,-10.076512
-0.158624,0.682382,-10.077709
-0.144258,0.683579,-10.068132
-0.155032,0.669812,-10.071125
-0.153835,0.665023,-10.066336
-0.147849,0.664425,-10.036407
-0.159223,0.670411,-10.102849
-0.159821,0.666819,-10.059153
-0.164011,0.676995,-10.074117
-0.149047,0.663826,-10.064540
-0.149047,0.663826,-10.063343
-0.158624,0.669213,-10.094470
-0.157427,0.659636,-10.068132
-0.136476,0.678192,-10.058554
-0.156828,0.679389,-10.061547
-0.158624,0.678192,-10.045984
-0.163413,0.664425,-10.086089
-0.174187,0.665622,-10.051970
-0.167603,0.674002,-10.074716
-0.154434,0.689565,-10.068730
-0.152638,0.669812,-10.042392
-0.141265,0.684178,-10.110033
-0.153237,0.670411,-10.089680
-0.155032,0.679389,-10.068132
-0.158624,0.677594,-10.045386
-0.152638,0.682382,-10.037604
-0.158624,0.676995,-10.075315
-0.169997,0.669213,-10.063941
-0.171194,0.652453,-10.064540
-0.129892,0.668016,-10.024435
-0.181370,0.654848,-10.071723
-0.156828,0.650059,-10.098061
-0.128096,0.691960,-10.099258
-0.139469,0.699741,-10.064540
-0.165807,0.708720,-10.016654
-0.180771,0.675798,-10.042991
-0.178976,0.663826,-10.052569
-0.177779,0.682382,-10.093272
-0.156828,0.682981,-10.057357
-0.164610,0.665622,-10.044188
-0.144258,0.670411,-10.065737
-0.164011,0.657840,-10.063941
-0.152638,0.643475,-10.107638
-0.140667,0.653052,-10.060949
-0.142462,0.680587,-10.076512
-0.164610,0.707523,-10.055562
-0.162814,0.672805,-10.032217
-0.171793,0.679988,-10.066336
-0.178976,0.663228,-10.051371
-0.157427,0.674002,-10.062146
-0.153237,0.669812,-10.044188
-0.134681,0.685375,-10.055562
-0.157427,0.671009,-10.131581
-0.168201,0.654848,-10.069329
-0.151441,0.659038,-10.098061
-0.165208,0.660235,-10.068132
-0.159821,0.697347,-10.032217
-0.159821,0.700340,-10.108237
-0.167603,0.685375,-10.080103
-0.161018,0.661432,-10.083695
-0.151441,0.673404,-10.095067
-0.162215,0.668016,-10.064540
-0.153835,0.663826,-10.085491
-0.148448,0.672805,-10.096265
-0.140068,0.684178,-10.068730
-0.166406,0.668615,-10.041794
-0.168800,0.666221,-10.065737
-0.165807,0.668016,-10.078907
-0.164011,0.661432,-10.116617
-0.149047,0.687769,-10.089680
-0.146054,0.683579,-10.053766
-0.155631,0.678791,-10.040596
-0.152638,0.679389,-10.100455
-0.153835,0.685974,-10.074716
-0.171194,0.684777,-10.063343
-0.162814,0.681784,-10.057956
-0.174786,0.668016,-10.048378
-0.179574,0.675199,-10.082497
-0.148448,0.694354,-10.074117
-0.153237,0.687171,-10.071723
-0.165208,0.673404,-10.060949
-0.143061,0.665622,-10.046583
-0.147849,0.642277,-10.062745
-0.167603,0.641679,-10.062146
-0.167603,0.670411,-10.080103
-0.163413,0.671009,-10.055562
-0.159821,0.692558,-10.057956
-0.175983,0.684777,-10.054963
-0.179574,0.672805,-10.069329
-0.150842,0.679988,-10.087286
-0.153835,0.686572,-10.059153
-0.150842,0.692558,-10.047780
-0.149645,0.693157,-10.037006
-0.135279,0.672805,-10.075315
-0.169997,0.639883,-10.077709
-0.159821,0.642876,-10.069928
-0.157427,0.653650,-10.063941
-0.150244,0.693755,-10.039999
-0.148448,0.695551,-10.062745
-0.167603,0.691960,-10.098061
-0.159223,0.672805,-10.059752
-0.151441,0.675798,-10.069329
-0.146054,0.689565,-10.059752
-0.159223,0.686572,-10.052569
-0.149047,0.697945,-10.090279
-0.169997,0.679389,-10.057956
-0.178976,0.657840,-10.068132
-0.158624,0.651855,-10.060350
-0.147251,0.672805,-10.066336
-0.141864,0.679389,-10.083096
-0.141265,0.679988,-10.081899
-0.152638,0.681185,-10.068730
-0.148448,0.678791,-10.096863
-0.169997,0.682981,-10.082497
-0.162814,0.663826,-10.073519
-0.160420,0.674601,-10.079504
-0.154434,0.685974,-10.069329
-0.158624,0.660235,-10.041195
-0.161617,0.651256,-10.063941
-0.162215,0.646467,-10.065138
-0.155631,0.644672,-10.081300
-0.158624,0.681185,-10.071125
-0.156828,0.700340,-10.044787
-0.148448,0.696748,-10.053766
-0.177779,0.677594,-10.065138
-0.167603,0.676995,-10.079504
-0.173588,0.673404,-10.063343
-0.155032,0.682981,-10.061547
-0.149645,0.675798,-10.059153
-0.145455,0.660235,-10.053766
-0.142462,0.659636,-10.107638
-0.150244,0.660833,-10.065737
-0.146652,0.689565,-10.056160
-0.154434,0.686572,-10.050773
-0.168800,0.694354,-10.032815
-0.177180,0.696150,-10.072321
-0.149047,0.686572,-10.063343
-0.172391,0.662629,-10.084293
-0.158025,0.675798,-10.050773
-0.148448,0.687171,-10.037006
-0.140068,0.692558,-10.101054
-0.150842,0.670411,-10.080702
-0.162215,0.652453,-10.057357
-0.156828,0.653052,-10.059153
-0.167004,0.678192,-10.047182
-0.165208,0.684777,-10.084892
-0.156828,0.682382,-10.081300
-0.167004,0.697945,-10.052569
-0.159223,0.675798,-10.058554
-0.154434,0.691361,-10.066336
-0.158624,0.659636,-10.094470
-0.147251,0.668016,-10.092075
-0.150842,0.676396,-10.058554
-0.158624,0.670411,-10.072920
-0.159223,0.676396,-10.054365
-0.160420,0.666819,-10.066934
-0.147251,0.674601,-10.078907
-0.154434,0.678192,-10.061547
-0.158624,0.690762,-10.043590
-0.149645,0.680587,-10.043590
-0.165208,0.669213,-10.061547
-0.149645,0.666819,-10.072920
-0.165208,0.660833,-10.065737
-0.154434,0.667418,-10.081899
-0.161617,0.683579,-10.062146
-0.171194,0.666819,-10.072321
-0.138272,0.659038,-10.105842
-0.153835,0.661432,-10.099258
-0.145455,0.678791,-10.057956
-0.150244,0.681185,-10.047780
-0.158025,0.698544,-10.068730
-0.158025,0.679389,-10.077111
-0.175384,0.681185,-10.068730
-0.169997,0.674601,-10.064540
-0.163413,0.662030,-10.024435
-0.146054,0.666221,-10.061547
-0.149645,0.663228,-10.068132
-0.146652,0.674002,-10.061547
-0.151441,0.674002,-10.088483
-0.161018,0.661432,-10.060350
-0.156828,0.659636,-10.050174
-0.152638,0.685974,-10.108835
-0.155631,0.692558,-10.092075
-0.165807,0.688368,-10.086089
-0.149047,0.675199,-10.050174
-0.167004,0.678791,-10.066934
-0.164610,0.668615,-10.053766
-0.158624,0.650657,-10.083695
-0.136476,0.663228,-10.072920
-0.154434,0.679988,-10.070526
-0.150842,0.670411,-10.075913
-0.164610,0.672206,-10.039400
-0.167603,0.678791,-10.105842
-0.155631,0.674601,-10.065138
-0.171793,0.693755,-10.048378
-0.154434,0.687171,-10.041794
-0.147849,0.669213,-10.053167
-0.152638,0.676396,-10.081300
-0.152040,0.663228,-10.080702
-0.146652,0.670411,-10.050174
-0.143659,0.669812,-10.074716
-0.144258,0.661432,-10.065138
-0.161018,0.666221,-10.067533
-0.172990,0.673404,-10.060949
-0.177779,0.681784,-10.075913
-0.167004,0.688368,-10.053167
-0.159821,0.671608,-10.050174
-0.145455,0.685974,-10.044188
-0.166406,0.671009,-10.075315
-0.145455,0.663228,-10.083096
-0.171793,0.663228,-10.040596
-0.146652,0.675798,-10.060350
-0.162215,0.662629,-10.075913
-0.153237,0.683579,-10.099258
-0.155032,0.667418,-10.064540
-0.142462,0.677594,-10.052569
-0.151441,0.669213,-10.040596
-0.161018,0.678791,-10.059153
-0.157427,0.688368,-10.097462
-0.142462,0.672805,-10.064540
-0.146054,0.671009,-10.041195
-0.153237,0.660235,-10.062146
-0.165208,0.657242,-10.059752
-0.149047,0.656643,-10.105842
-0.148448,0.681784,-10.058554
-0.154434,0.660235,-10.066336
-0.156828,0.681784,-10.045984
-0.153237,0.682382,-10.026231
-0.148448,0.678192,-10.075315
-0.148448,0.676995,-10.073519
-0.155631,0.688967,-10.059153
-0.162215,0.659636,-10.080103
-0.162215,0.662629,-10.054963
-0.163413,0.648263,-10.103448
-0.147251,0.647066,-10.087884
-0.145455,0.676396,-10.063343
-0.153835,0.674601,-10.038203
-0.153835,0.674601,-10.072920
-0.158025,0.675199,-10.090878
-0.167603,0.700340,-10.090279
-0.152040,0.670411,-10.048378
-0.150244,0.669812,-10.040596
-0.160420,0.666221,-10.059153
-0.153835,0.679988,-10.074117
-0.153237,0.660235,-10.057357
-0.156230,0.651256,-10.069928
-0.155032,0.660235,-10.083695
-0.152040,0.659636,-10.060350
-0.158025,0.685375,-10.078308
-0.156230,0.691960,-10.090279
-0.162215,0.689565,-10.075913
-0.154434,0.690762,-10.056160
-0.162814,0.672206,-10.057956
-0.156230,0.664425,-10.045984
-0.150842,0.656643,-10.095666
-0.159223,0.675199,-10.069329
-0.160420,0.661432,-10.092075
-0.158025,0.671608,-10.060350
-0.164011,0.674002,-10.061547
-0.165807,0.666819,-10.108835
-0.168800,0.671009,-10.064540
-0.152040,0.689565,-10.061547
-0.141265,0.682981,-10.038801
-0.158624,0.682382,-10.046583
-0.158624,0.666819,-10.101054
-0.156230,0.665023,-10.077709
-0.144857,0.662030,-10.057357
-0.158025,0.664425,-10.044188
-0.150842,0.685375,-10.058554
-0.153237,0.678192,-10.086688
-0.157427,0.681185,-10.105243
-0.167004,0.669213,-10.063343
-0.160420,0.678192,-10.053167
-0.156828,0.684777,-10.060949
-0.171194,0.684178,-10.077111
-0.152040,0.684777,-10.080103
-0.155032,0.681185,-10.066336
-0.146054,0.664425,-10.064540
-0.145455,0.669213,-10.051371
-0.153237,0.645270,-10.071125
-0.159223,0.653650,-10.095067
-0.167004,0.671009,-10.071723
-0.162814,0.672805,-10.068132
-0.167004,0.675798,-10.059752
-0.154434,0.678192,-10.059752
-0.156828,0.681185,-10.086688
-0.148448,0.676995,-10.065737
-0.152040,0.675798,-10.069928
-0.150842,0.669812,-10.056160
-0.138272,0.656045,-10.050174
-0.155631,0.679389,-10.077111
-0.161018,0.668615,-10.087286
-0.153237,0.664425,-10.067533
-0.159821,0.672805,-10.059153
-0.164011,0.678791,-10.042991
-0.148448,0.681185,-10.074117
-0.155032,0.675199,-10.073519
-0.151441,0.679988,-10.051371
-0.158624,0.693157,-10.038203
-0.157427,0.676396,-10.050174
-0.151441,0.679988,-10.093871
-0.164011,0.669812,-10.088483
-0.145455,0.659038,-10.075315
-0.147251,0.667418,-10.066336
-0.155631,0.669812,-10.065737
-0.155032,0.684777,-10.059153
-0.149645,0.692558,-10.074117
-0.160420,0.689565,-10.062146
-0.168800,0.682981,-10.045984
-0.146652,0.675798,-10.071125
-0.158025,0.678791,-10.046583
-0.151441,0.684777,-10.068730
-0.164610,0.660833,-10.069329
-0.164610,0.670411,-10.057956
-0.164011,0.663228,-10.087884
-0.153237,0.663228,-10.054963
-0.158624,0.675199,-10.071723
-0.150244,0.674601,-10.073519
-0.144857,0.675199,-10.073519
-0.153835,0.691361,-10.062745
-0.156828,0.687769,-10.042991
-0.155631,0.674601,-10.083096
-0.152040,0.680587,-10.079504
-0.149645,0.671009,-10.072321
-0.144857,0.666819,-10.078308
-0.147251,0.669213,-10.055562
-0.162215,0.666221,-10.065737
-0.150842,0.658439,-10.053167
-0.141864,0.668615,-10.057357
-0.148448,0.683579,-10.032217
-0.164610,0.669812,-10.053167
-0.159821,0.676396,-10.071125
-0.162215,0.677594,-10.079504
-0.156828,0.665023,-10.052569
-0.144258,0.672206,-10.068132
-0.140667,0.676396,-10.059153
-0.160420,0.656643,-10.050773
-0.142462,0.662030,-10.096863
-0.152638,0.659038,-10.068730
-0.164011,0.676995,-10.037604
-0.165208,0.666819,-10.056758
-0.156230,0.681784,-10.041794
-0.167603,0.681784,-10.085491
-0.154434,0.678192,-10.063941
-0.150842,0.667418,-10.071125
-0.151441,0.664425,-10.065737
-0.139469,0.688368,-10.054963
-0.149047,0.681185,-10.067533
-0.140068,0.676396,-10.068132
-0.149047,0.669213,-10.047780
-0.158624,0.653052,-10.048977
-0.162814,0.675199,-10.051371
-0.158025,0.669812,-10.087884
-0.152638,0.670411,-10.058554
-0.173588,0.653650,-10.050174
-0.121512,0.698544,-10.033414
-0.183764,0.709917,-10.032217
-0.172391,0.690762,-10.082497
-0.131688,0.674601,-10.091476
-0.186757,0.638087,-10.065138
-0.146054,0.671608,-10.060949
-0.148448,0.675199,-10.077709
-0.145455,0.690164,-10.060350
-0.138871,0.698544,-10.083695
-0.135878,0.669213,-10.087286
-0.172990,0.633299,-10.045984
-0.139469,0.659038,-10.059752
-0.150244,0.694354,-10.076512
-0.144258,0.711713,-10.065737
-0.155032,0.718297,-10.034012
-0.159223,0.687769,-10.051970
-0.171793,0.642876,-10.072321
-0.135878,0.641080,-10.050773
-0.140667,0.666819,-10.106441
-0.129892,0.688967,-10.079504
-0.126899,0.691960,-10.050773
-0.153237,0.633299,-10.063343
-0.162215,0.627313,-10.074716
-0.149047,0.645270,-10.083096
-0.159223,0.700340,-10.076512
-0.164011,0.717699,-10.045984
-0.143061,0.726677,-10.042392
-0.174187,0.659636,-10.035210
-0.165807,0.643475,-10.077709
-0.156230,0.636890,-10.075315
-0.150842,0.651855,-10.059153
-0.142462,0.680587,-10.072321
-0.154434,0.681185,-10.065138
-0.156230,0.655446,-10.104046
-0.169398,0.635094,-10.076512
-0.164610,0.654249,-10.057956
-0.153835,0.682382,-10.041195
-0.164610,0.713508,-10.041794
-0.134082,0.706924,-10.056758
-0.165208,0.653650,-10.046583
-0.181370,0.621926,-10.090878
-0.147251,0.647665,-10.073519
-0.167004,0.685974,-10.034012
-0.123308,0.725480,-10.094470
-0.150842,0.690164,-10.056758
-0.172990,0.659636,-10.063941
-0.153835,0.645270,-10.079504
-0.148448,0.656045,-10.042392
-0.159223,0.702135,-10.062745
-0.115526,0.701537,-10.084293
-0.115526,0.691361,-10.072920
-0.152040,0.654249,-10.069928
-0.140068,0.615341,-10.056758
-0.150842,0.634496,-10.075913
-0.136476,0.688967,-10.086089
-0.139469,0.708121,-10.041794
-0.161617,0.698544,-10.033414
-0.173588,0.679389,-10.026231
-0.169398,0.661432,-10.042991
-0.175384,0.670411,-10.104046
-0.143659,0.685974,-10.058554
-0.141864,0.678791,-10.048378
-0.123906,0.684178,-10.092075
-0.146054,0.664425,-10.065737
-0.143659,0.639284,-10.059752
-0.161617,0.661432,-10.084293
-0.156828,0.690762,-10.047780
-0.147849,0.700938,-10.066336
-0.160420,0.714107,-10.042991
-0.152040,0.700340,-10.068730
-0.177779,0.693157,-10.035210
-0.178976,0.690164,-10.040596
-0.143061,0.675798,-10.136370
-0.144857,0.699741,-9.933451
-0.192743,0.651855,-10.113025
-0.107745,0.665023,-10.090878
-0.189750,0.641080,-10.065138
-0.143061,0.653052,-10.038801
-0.114329,0.671608,-10.054963
-0.160420,0.682382,-10.052569
-0.182567,0.700938,-10.029224
-0.157427,0.674601,-10.017850
-0.196933,0.670411,-10.039999
-0.161018,0.666221,-10.048378
-0.132286,0.668615,-10.059752
-0.154434,0.687769,-10.098659
-0.117920,0.664425,-10.093272
-0.152040,0.647066,-10.042991
-0.177180,0.641080,-10.064540
-0.146652,0.651256,-10.065138
-0.161018,0.665622,-10.076512
-0.166406,0.680587,-10.062146
-0.143659,0.702135,-10.086089
-0.174786,0.690762,-10.042392
-0.163413,0.677594,-10.046583
-0.137674,0.668615,-10.063343
-0.161617,0.662629,-10.083096
-0.137674,0.682382,-10.065138
-0.132286,0.662030,-10.047182
-0.156230,0.657242,-10.041195
-0.156230,0.648263,-10.059752
-0.150244,0.662030,-10.085491
-0.163413,0.674601,-10.074716
-0.164011,0.708720,-10.068132
-0.155631,0.699741,-10.047182
-0.167004,0.697347,-10.053766
-0.144857,0.668615,-10.116018
-0.144258,0.665023,-10.083695
-0.168800,0.658439,-10.049575
-0.151441,0.679988,-10.046583
-0.169398,0.683579,-10.061547
-0.159223,0.651256,-10.065138
-0.165807,0.656643,-10.076512
-0.150244,0.662030,-10.047780
-0.150842,0.672805,-10.057357
-0.148448,0.686572,-10.047780
-0.152638,0.700938,-10.074716
-0.143659,0.689565,-10.074716
-0.163413,0.683579,-10.072920
-0.154434,0.660833,-10.050174
-0.165208,0.680587,-10.048977
-0.158025,0.670411,-10.092674
-0.152040,0.668016,-10.081300
-0.138871,0.665622,-10.060350
-0.141265,0.642277,-10.035210
-0.144857,0.680587,-10.045386
-0.143659,0.689565,-10.091476
-0.174187,0.691361,-10.057357
-0.156828,0.699741,-10.034611
-0.152040,0.672805,-10.065737
-0.168201,0.669812,-10.059752
-0.155631,0.671009,-10.071723
-0.156828,0.668615,-10.069928
-0.145455,0.668016,-10.048378
-0.135878,0.662629,-10.074117
-0.156230,0.665622,-10.047780
-0.158624,0.657242,-10.054963
-0.153835,0.679389,-10.087884
-0.161018,0.675798,-10.061547
-0.160420,0.693755,-10.042991
-0.157427,0.688368,-10.065737
-0.172990,0.674002,-10.080103
-0.150244,0.664425,-10.099857
-0.140068,0.662629,-10.065737
-0.147251,0.666221,-10.077709
-0.132885,0.666221,-10.064540
-0.164610,0.660833,-10.045386
-0.171194,0.672805,-10.079504
-0.166406,0.660833,-10.051371
-0.175384,0.670411,-10.048378
-0.180771,0.684178,-10.035210
-0.149645,0.696150,-10.034611
-0.153237,0.683579,-10.078308
-0.142462,0.678192,-10.054365
-0.129892,0.676396,-10.066934
-0.151441,0.651256,-10.042392
-0.158624,0.655446,-10.063941
-0.166406,0.672805,-10.077709
-0.169398,0.677594,-10.064540
-0.171793,0.675798,-10.046583
-0.155631,0.675199,-10.065138
-0.161018,0.662629,-10.078308
-0.145455,0.685974,-10.101054
-0.141265,0.686572,-10.060949
-0.145455,0.671608,-10.071723
-0.146652,0.667418,-10.069928
-0.158624,0.656643,-10.059153
-0.158025,0.657840,-10.029224
-0.167004,0.662030,-10.113624
-0.144857,0.674002,-10.038203
-0.172990,0.662629,-10.071723
-0.141265,0.684178,-10.054963
-0.149645,0.666221,-10.042392
-0.146054,0.681784,-10.092075
-0.160420,0.673404,-10.072920
-0.135279,0.668615,-10.087286
-0.168201,0.691960,-10.060350
-0.170596,0.680587,-10.056758
-0.157427,0.676995,-10.071125
-0.163413,0.654848,-10.042991
-0.140068,0.656045,-10.066336
-0.132286,0.679389,-10.066934
-0.144258,0.676995,-10.035210
-0.149645,0.685974,-10.054963
-0.149645,0.672206,-10.074117
-0.163413,0.654848,-10.055562
-0.170596,0.666819,-10.083695
-0.158624,0.686572,-10.051970
-0.163413,0.675798,-10.057956
-0.144258,0.655446,-10.075315
-0.143659,0.660235,-10.065138
-0.149047,0.648263,-10.079504
-0.157427,0.660235,-10.072920
-0.149047,0.676995,-10.053766
-0.141265,0.682382,-10.084293
-0.149047,0.687171,-10.072920
-0.174786,0.678791,-10.088483
-0.157427,0.664425,-10.001091
-0.162215,0.661432,-10.068132
-0.159821,0.685375,-10.077111
-0.144857,0.681784,-10.054963
-0.139469,0.662030,-10.090878
-0.137674,0.670411,-10.044188
-0.153237,0.666221,-10.085491
-0.159223,0.654848,-10.087286
-0.163413,0.672805,-10.083695
-0.166406,0.679988,-10.048977
-0.145455,0.681784,-10.039999
-0.170596,0.674002,-10.056160
-0.156828,0.671009,-10.066934
-0.165807,0.660833,-10.078907
-0.147251,0.663826,-10.060949
-0.146054,0.669812,-10.080103
-0.134082,0.675199,-10.056758
-0.153835,0.655446,-10.084892
-0.169997,0.663826,-10.084293
-0.162215,0.659636,-10.087884
-0.135878,0.683579,-10.069928
-0.157427,0.682981,-10.068730
-0.152638,0.686572,-10.084293
-0.155032,0.665023,-10.086089
-0.148448,0.676396,-10.072321
-0.151441,0.656643,-10.051371
-0.165807,0.673404,-10.036407
-0.146652,0.674601,-10.055562
-0.145455,0.654249,-10.096863
-0.151441,0.675798,-10.081899
-0.162215,0.674601,-10.048977
-0.163413,0.660833,-10.045984
-0.162814,0.665023,-10.051970
-0.142462,0.684777,-10.098659
-0.137075,0.681784,-10.068132
-0.165208,0.680587,-10.077709
-0.165807,0.653650,-10.072920
-0.161018,0.657840,-10.048378
-0.169398,0.669213,-10.092674
-0.153835,0.667418,-10.077709
-0.168201,0.674002,-10.064540
-0.139469,0.670411,-10.054365
-0.137075,0.659636,-10.057956
-0.156828,0.670411,-10.087286
-0.146652,0.656045,-10.076512
-0.156828,0.672805,-10.075913
-0.149047,0.672206,-10.054365
-0.161018,0.660833,-10.037604
-0.158025,0.660235,-10.088483
-0.166406,0.660235,-10.085491
-0.170596,0.660833,-10.079504
-0.147251,0.666221,-10.069329
-0.140068,0.671009,-10.038801
-0.143061,0.672805,-10.092075
-0.141864,0.662629,-10.093272
-0.147251,0.658439,-10.064540
-0.159223,0.673404,-10.047780
-0.157427,0.680587,-10.039400
-0.159821,0.688368,-10.084293
-0.149047,0.674002,-10.059153
-0.146652,0.662030,-10.078308
-0.170596,0.661432,-10.046583
-0.148448,0.648263,-10.068730
-0.137075,0.675798,-10.060949
-0.143061,0.678791,-10.074716
-0.152638,0.681784,-10.059153
-0.164011,0.681784,-10.057357
-0.167603,0.656643,-10.048378
-0.163413,0.679389,-10.072920
-0.155631,0.684777,-10.070526
-0.153835,0.681185,-10.054365
-0.151441,0.666819,-10.048977
-0.148448,0.666221,-10.059752
-0.161617,0.642277,-10.068730
-0.151441,0.657242,-10.089680
-0.143659,0.667418,-10.071125
-0.153237,0.669812,-10.067533
-0.173588,0.658439,-10.068132
-0.164011,0.674002,-10.038801
-0.164610,0.674002,-10.078907
-0.149047,0.680587,-10.086688
-0.144258,0.678192,-10.049575
-0.150842,0.685974,-10.060350
-0.126899,0.669812,-10.051970
-0.134681,0.666819,-10.065138
-0.174786,0.643475,-10.067533
-0.148448,0.660833,-10.070526
-0.137075,0.671608,-10.059153
-0.144857,0.672805,-10.059752
-0.151441,0.683579,-10.041195
-0.167603,0.665622,-10.087286
-0.164610,0.672805,-10.050773
-0.158624,0.672805,-10.052569
-0.151441,0.672206,-10.028625
-0.144857,0.675798,-10.060350
-0.147251,0.648862,-10.084892
-0.172391,0.647665,-10.062146
-0.163413,0.666221,-10.078907
-0.153237,0.653052,-10.048977
-0.149047,0.668016,-10.036407
-0.139469,0.683579,-10.072321
-0.162215,0.664425,-10.064540
-0.149645,0.675798,-10.041195
-0.161018,0.668016,-10.052569
-0.160420,0.674002,-10.048977
-0.150842,0.672206,-10.101054
-0.146652,0.677594,-10.056160
-0.144857,0.668016,-10.056160
-0.150244,0.668615,-10.051371
-0.162215,0.656045,-10.047780
-0.156828,0.669213,-10.069928
-0.153237,0.675199,-10.099857
-0.143061,0.679988,-10.053766
-0.164011,0.668016,-10.069329
-0.169398,0.674601,-10.080103
-0.150842,0.665023,-10.072321
-0.135279,0.669812,-10.117814
-0.160420,0.672805,-10.042392
-0.173588,0.659636,-10.067533
-0.159821,0.683579,-10.068132
-0.140068,0.670411,-10.045386
-0.156828,0.664425,-10.090878
-0.171793,0.671608,-10.069329
-0.150244,0.674002,-10.080702
-0.152040,0.690762,-10.060949
-0.148448,0.691361,-10.038801
-0.152638,0.673404,-10.090878
-0.150244,0.679389,-10.072321
-0.154434,0.667418,-10.046583
-0.152040,0.653650,-10.065138
-0.159223,0.677594,-10.042991
-0.144857,0.665622,-10.081899
-0.154434,0.662629,-10.069928
-0.159821,0.666221,-10.058554
-0.157427,0.662030,-10.090279
-0.153237,0.662030,-10.057357
-0.135279,0.678192,-10.109434
-0.161617,0.689565,-10.075315
-0.141864,0.678791,-10.089082
-0.170596,0.672805,-10.055562
-0.153835,0.656643,-10.057357
-0.144258,0.670411,-10.086089
-0.159223,0.681784,-10.092674
-0.161018,0.681784,-10.076512
-0.162814,0.670411,-10.062745
-0.167603,0.660235,-10.065737
-0.159223,0.644672,-10.068730
-0.157427,0.666221,-10.087286
-0.142462,0.681784,-10.023837
-0.144258,0.680587,-10.042991
-0.143659,0.658439,-10.050773
-0.163413,0.636890,-10.056758
-0.158624,0.639284,-10.083695
-0.141265,0.661432,-10.065138
-0.147251,0.681185,-10.042392
-0.144857,0.664425,-10.063941
-0.167004,0.655446,-10.060350
-0.170596,0.651855,-10.080702
-0.171793,0.657242,-10.066934
-0.168800,0.680587,-10.056758
-0.146054,0.690164,-10.038203
-0.153835,0.676995,-10.038801
-0.167004,0.651256,-10.096863
-0.166406,0.650657,-10.075315
-0.184363,0.661432,-10.076512
-0.155032,0.662629,-10.048977
-0.153835,0.693755,-10.041794
-0.131089,0.682981,-10.077709
-0.169997,0.665622,-10.060350
-0.170596,0.665023,-10.059153
-0.156230,0.644073,-10.072321
-0.151441,0.690164,-10.059752
-0.145455,0.684178,-10.105243
-0.149047,0.687171,-10.058554
-0.164011,0.670411,-10.043590
-0.153237,0.647066,-10.046583
-0.154434,0.644073,-10.048378
-0.154434,0.681784,-10.078308
-0.165208,0.685375,-10.070526
-0.138272,0.681185,-10.058554
-0.164011,0.663826,-10.071125
-0.164610,0.665023,-10.058554
-0.164610,0.671009,-10.078907
-0.157427,0.679988,-10.097462
-0.155032,0.694354,-10.070526
-0.162215,0.688967,-10.061547
-0.155631,0.661432,-10.063343
-0.165208,0.648263,-10.068132
-0.156230,0.660235,-10.072920
-0.167004,0.663826,-10.078308
-0.146054,0.680587,-10.067533
-0.156828,0.683579,-10.078907
-0.143659,0.665622,-10.052569
-0.176581,0.680587,-10.093272
-0.168800,0.668016,-10.078907
-0.156230,0.668615,-10.057956
-0.149645,0.697347,-10.077709
-0.150842,0.681185,-10.048378
-0.153237,0.664425,-10.098061
-0.172391,0.667418,-10.082497
-0.168800,0.669812,-10.060350
-0.157427,0.669213,-10.062745
-0.147849,0.684178,-10.046583
-0.162215,0.685974,-10.047182
-0.155631,0.669213,-10.079504
-0.168800,0.653052,-10.062146
-0.174786,0.660833,-10.078308
-0.151441,0.669213,-10.061547
-0.152040,0.665622,-10.056758
-0.147251,0.679988,-10.043590
-0.163413,0.671608,-10.056160
-0.167004,0.666819,-10.050174
-0.167004,0.654249,-10.035210
-0.149047,0.662629,-10.050174
-0.146652,0.681784,-10.108835
-0.158624,0.680587,-10.092674
-0.152638,0.674601,-10.055562
-0.154434,0.650657,-10.080702
-0.168800,0.650657,-10.034012
-0.160420,0.681185,-10.078907
-0.153835,0.683579,-10.065138
-0.150244,0.675199,-10.072920
-0.155631,0.662629,-10.073519
-0.180771,0.655446,-10.054365
-0.167004,0.662629,-10.082497
-0.141864,0.671608,-10.081899
-0.146652,0.695551,-10.049575
-0.158025,0.678791,-10.037604
-0.159223,0.659038,-10.057357
-0.147251,0.674002,-10.108237
-0.161617,0.664425,-10.082497
-0.153835,0.672206,-10.052569
-0.161617,0.691960,-10.047780
-0.144857,0.691361,-10.067533
-0.152040,0.674601,-10.058554
-0.159223,0.666819,-10.088483
-0.162215,0.674601,-10.062745
-0.167603,0.666221,-10.063343
-0.164610,0.684777,-10.058554
-0.156230,0.686572,-10.068132
-0.170596,0.682981,-10.090279
-0.151441,0.663826,-10.053766
-0.155631,0.659636,-10.060350
-0.170596,0.667418,-10.075913
-0.161018,0.687769,-10.048977
-0.149047,0.688368,-10.101054
-0.165807,0.667418,-10.072920
-0.156230,0.650657,-10.038203
-0.166406,0.658439,-10.048977
-0.162215,0.656643,-10.056160
-0.149047,0.694354,-10.078907
-0.159821,0.689565,-10.083096
-0.158624,0.681784,-10.057357
-0.153237,0.657242,-10.028625
-0.162814,0.663228,-10.061547
-0.165208,0.675199,-10.081300
-0.138871,0.690164,-10.057357
-0.167603,0.683579,-10.096265
-0.159223,0.675798,-10.063343
-0.149645,0.658439,-10.057357
-0.152638,0.670411,-10.093871
-0.159821,0.685974,-10.061547
-0.153835,0.687769,-10.051371
-0.162215,0.679988,-10.061547
-0.162215,0.665023,-10.056160
-0.162215,0.675798,-10.095067
-0.157427,0.654249,-10.076512
-0.169997,0.665023,-10.054963
-0.161018,0.660833,-10.057956
-0.152040,0.666221,-10.056758
-0.163413,0.651855,-10.095666
-0.158624,0.659038,-10.082497
-0.178377,0.668016,-10.090878
-0.153237,0.650059,-10.057357
-0.165208,0.673404,-10.051371
-0.140667,0.676396,-10.073519
-0.153237,0.671608,-10.103448
-0.143061,0.656643,-10.052569
-0.155631,0.658439,-10.084892
-0.154434,0.660833,-10.078907
-0.152638,0.682981,-10.046583
-0.154434,0.675199,-10.088483
-0.148448,0.677594,-10.075315
-0.162814,0.650059,-10.069329
-0.161018,0.657242,-10.055562
-0.171194,0.676396,-10.056758
-0.168201,0.668016,-10.094470
-0.146054,0.697945,-10.081899
-0.168800,0.676995,-10.057357
-0.153237,0.674601,-10.068730
-0.170596,0.669812,-10.065737
-0.161018,0.670411,-10.096265
-0.161018,0.672206,-10.087884
-0.154434,0.666819,-10.071723
-0.156828,0.687171,-10.057956
-0.146054,0.669213,-10.071125
-0.170596,0.668615,-10.104046
-0.148448,0.675199,-10.076512
-0.147849,0.676396,-10.068132
-0.168201,0.678791,-10.074117
-0.155032,0.666221,-10.067533
-0.174187,0.657840,-10.080702
-0.168201,0.651855,-10.078308
-0.156230,0.679389,-10.042392
-0.139469,0.682382,-10.070526
-0.153835,0.692558,-10.037006
-0.170596,0.683579,-10.074117
-0.156230,0.663228,-10.084892
-0.148448,0.661432,-10.077709
-0.149645,0.671009,-10.059752
-0.150244,0.691361,-10.060949
-0.138871,0.681784,-10.062745
-0.164610,0.667418,-10.076512
-0.154434,0.647066,-10.072321
-0.158025,0.661432,-10.074117
-0.159821,0.672805,-10.085491
-0.159223,0.688967,-10.044188
-0.147849,0.694952,-10.059752
-0.163413,0.662030,-10.074716
-0.155032,0.663228,-10.059153
-0.158025,0.660833,-10.065138
-0.156828,0.674002,-10.075315
-0.134681,0.676995,-10.044188
-0.149645,0.670411,-10.108835
-0.155032,0.657840,-10.058554
-0.161018,0.657840,-10.062146
-0.164011,0.656643,-10.054963
-0.167004,0.679389,-10.051371
-0.156230,0.688967,-10.052569
-0.153237,0.671009,-10.062146
-0.152040,0.662030,-10.066336
-0.164610,0.647665,-10.083096
-0.152040,0.661432,-10.035210
-0.156230,0.668615,-10.091476
-0.152638,0.683579,-10.060949
-0.153237,0.675199,-10.063941
-0.163413,0.672206,-10.087884
-0.162814,0.654848,-10.062745
-0.171793,0.663826,-10.109434
-0.148448,0.683579,-10.057956
-0.138272,0.676995,-10.056758
-0.155032,0.680587,-10.059153
-0.156828,0.660235,-10.048378
-0.153237,0.688967,-10.107638
-0.164610,0.669812,-10.080103
-0.156230,0.674601,-10.077709
-0.143061,0.680587,-10.057357
-0.156828,0.681784,-10.050773
-0.150842,0.663228,-10.085491
-0.164011,0.660235,-10.067533
-0.156828,0.687769,-10.069329
-0.163413,0.660235,-10.052569
-0.149645,0.663826,-10.062745
-0.152040,0.681185,-10.075913
-0.158624,0.684777,-10.101054
-0.152638,0.662629,-10.067533
-0.163413,0.663228,-10.051371
-0.153237,0.672805,-10.073519
-0.143061,0.672206,-10.072321
-0.142462,0.679389,-10.092075
-0.159223,0.681185,-10.080103
-0.153835,0.662629,-10.058554
-0.142462,0.663826,-10.036407
-0.159223,0.682382,-10.080702
-0.152040,0.693755,-10.116018
-0.153835,0.674601,-10.083096
-0.170596,0.664425,-10.037604
-0.164610,0.672206,-10.060949
-0.165208,0.656045,-10.064540
-0.153237,0.676995,-10.098659
-0.168800,0.692558,-10.067533
-0.160420,0.686572,-10.064540
-0.160420,0.664425,-10.079504
-0.149047,0.674601,-10.071125
-0.167004,0.672206,-10.095067
-0.156828,0.687171,-10.062146
-0.165208,0.682981,-10.053766
-0.153835,0.670411,-10.047182
-0.156828,0.689565,-10.068132
-0.145455,0.672206,-10.110630
-0.152638,0.665023,-10.065737
-0.150842,0.672206,-10.063343
-0.164610,0.679988,-10.050174
-0.161617,0.657840,-10.061547
-0.159821,0.666819,-10.107638
-0.171194,0.666819,-10.087884
-0.166406,0.667418,-10.062146
-0.158624,0.676995,-10.052569
-0.168800,0.678791,-10.081300
-0.158025,0.679988,-10.110630
-0.152040,0.676995,-10.081899
-0.171793,0.666221,-10.075315
-0.159821,0.663826,-10.066336
-0.164610,0.688967,-10.072920
-0.162215,0.678192,-10.071723
-0.150842,0.692558,-10.094470
-0.161617,0.676995,-10.068730
-0.159821,0.644073,-10.083695
-0.154434,0.668615,-10.062745
-0.135878,0.680587,-10.061547
-0.143659,0.682382,-10.101054
-0.150244,0.684178,-10.052569
-0.162215,0.667418,-10.042991
-0.163413,0.668615,-10.052569
-0.168201,0.653650,-10.045984
-0.155032,0.665622,-10.104046
-0.143659,0.688368,-10.060350
-0.161617,0.673404,-10.048378
-0.153237,0.676995,-10.072920
-0.150842,0.660235,-10.075913
-0.143659,0.662629,-10.116018
-0.166406,0.681185,-10.072920
-0.159223,0.685375,-10.065737
-0.159821,0.678791,-10.076512
-0.158624,0.671009,-10.072920
-0.171194,0.672805,-10.099258
-0.168800,0.676995,-10.079504
-0.156828,0.668615,-10.050174
-0.156230,0.682981,-10.054365
-0.169997,0.687171,-10.073519
-0.172391,0.669812,-10.041794
-0.178377,0.672805,-10.072920
-0.173588,0.671009,-10.067533
-0.162814,0.679988,-10.048378
-0.174187,0.677594,-10.077111
-0.165208,0.677594,-10.051371
-0.157427,0.685974,-10.087884
-0.150842,0.671009,-10.086089
-0.156828,0.652453,-10.062745
-0.152638,0.654848,-10.061547
-0.148448,0.672805,-10.066934
-0.162215,0.662629,-10.065138
-0.162814,0.682981,-10.043590
-0.171793,0.668016,-10.056758
-0.156828,0.663228,-10.053766
-0.168201,0.667418,-10.068730
-0.154434,0.667418,-10.093272
-0.147849,0.659038,-10.066934
-0.144857,0.665622,-10.080103
-0.165208,0.665023,-10.047780
-0.157427,0.669812,-10.059153
-0.158025,0.653650,-10.060350
-0.160420,0.668016,-10.076512
-0.147251,0.668016,-10.059153
-0.170596,0.673404,-10.068132
-0.159821,0.684777,-10.071723
-0.149047,0.665622,-10.041195
-0.153237,0.671009,-10.074117
-0.156828,0.694354,-10.073519
-0.161018,0.679988,-10.066934
-0.147251,0.673404,-10.059752
-0.151441,0.665023,-10.078907
-0.158624,0.659636,-10.106441
-0.146652,0.669812,-10.051371
-0.155032,0.669812,-10.057956
-0.174187,0.668016,-10.046583
-0.167603,0.690164,-10.077111
-0.171793,0.672206,-10.086089
-0.159821,0.666221,-10.070526
-0.153835,0.671608,-10.058554
-0.155631,0.681185,-10.074117
-0.156828,0.684777,-10.072321
-0.161018,0.652453,-10.101054
-0.168800,0.663826,-10.063941
-0.163413,0.653052,-10.057357
-0.152638,0.661432,-10.062745
-0.147849,0.664425,-10.070526
-0.165208,0.682981,-10.117814
-0.163413,0.674002,-10.081899
-0.158624,0.663826,-10.032217
-0.160420,0.660235,-10.070526
-0.162215,0.669812,-10.057357
-0.161617,0.672206,-10.064540
-0.155032,0.671009,-10.081300
-0.146652,0.677594,-10.083096
-0.165807,0.663826,-10.044787
-0.164610,0.666221,-10.045984
-0.170596,0.674601,-10.074716
-0.169398,0.657840,-10.062745
-0.146652,0.681185,-10.077709
-0.157427,0.679389,-10.065737
-0.170596,0.677594,-10.066934
-0.152638,0.675798,-10.078907
-0.151441,0.664425,-10.077709
-0.156230,0.668615,-10.084892
-0.161617,0.682382,-10.055562
-0.153237,0.678791,-10.045386
-0.169398,0.685375,-10.057357
-0.164011,0.672805,-10.090878
-0.177779,0.665622,-10.072321
-0.166406,0.669812,-10.057956
-0.158025,0.686572,-10.068730
-0.140068,0.674601,-10.062146
-0.132885,0.687769,-10.085491
-0.164011,0.675798,-10.081300
-0.154434,0.666819,-10.048977
-0.153835,0.672805,-10.064540
-0.155032,0.667418,-10.064540
-0.159821,0.668016,-10.096265
-0.165807,0.661432,-10.078907
-0.158624,0.669213,-10.078907
-0.155032,0.656643,-10.065138
-0.159821,0.676995,-10.062146
-0.147849,0.676396,-10.087884
-0.169997,0.690164,-10.066336
-0.175384,0.682382,-10.049575
-0.153835,0.668016,-10.038203
-0.166406,0.656643,-10.062146
-0.159223,0.659038,-10.089082
-0.158025,0.665023,-10.072920
-0.162215,0.674601,-10.054365
-0.150244,0.663826,-10.048378
-0.163413,0.666221,-10.056758
-0.164610,0.664425,-10.082497
-0.148448,0.667418,-10.092674
-0.160420,0.682382,-10.084293
-0.141265,0.684178,-10.063941
-0.150244,0.663826,-10.063941
-0.151441,0.673404,-10.077709
-0.155032,0.663826,-10.080702
-0.156230,0.679389,-10.059153
-0.150842,0.664425,-10.056160
-0.142462,0.658439,-10.057956
-0.152040,0.676995,-10.050773
-0.147849,0.667418,-10.082497
-0.159821,0.672206,-10.058554
-0.156230,0.665622,-10.043590
-0.164610,0.684178,-10.079504
-0.157427,0.674601,-10.048378
-0.163413,0.678791,-10.075913
-0.166406,0.674002,-10.062146
-0.156230,0.668615,-10.074117
-0.164011,0.664425,-10.051970
-0.147849,0.656045,-10.063343
-0.165208,0.674002,-10.081899
-0.162814,0.671608,-10.057357
-0.140667,0.670411,-10.052569
-0.152638,0.657242,-10.063343
-0.157427,0.662629,-10.054365
-0.164610,0.673404,-10.050174
-0.147849,0.678192,-10.081300
-0.159821,0.674002,-10.088483
-0.164610,0.665023,-10.045386
-0.161018,0.647066,-10.045386
-0.166406,0.666221,-10.036407
-0.156230,0.668016,-10.069928
-0.159223,0.666819,-10.050773
-0.153835,0.662629,-10.063343
-0.163413,0.663228,-10.061547
-0.165208,0.675798,-10.049575
-0.159223,0.675199,-10.096863
-0.158624,0.682981,-10.072321
-0.158624,0.663228,-10.048977
-0.150842,0.665622,-10.084293
-0.175384,0.674002,-10.056160
-0.167004,0.656045,-10.095067
-0.160420,0.666221,-10.065737
-0.145455,0.671608,-10.074117
-0.167004,0.655446,-10.074716
-0.156230,0.681185,-10.054963
-0.156828,0.666221,-10.088483
-0.143659,0.662629,-10.065138
-0.152040,0.658439,-10.067533
-0.156828,0.665023,-10.077709
-0.164011,0.682382,-10.062146
-0.156230,0.669213,-10.059752
-0.153835,0.665023,-10.092075
-0.158624,0.674002,-10.057357
-0.162215,0.663228,-10.042991
-0.159821,0.671608,-10.062745
-0.152638,0.665023,-10.047182
-0.163413,0.672206,-10.084892
-0.173588,0.664425,-10.060949
-0.162814,0.672805,-10.043590
-0.174786,0.679389,-10.063343
-0.150244,0.674002,-10.070526
-0.149047,0.682981,-10.093871
-0.141864,0.676995,-10.073519
-0.154434,0.668615,-10.051371
-0.154434,0.660833,-10.056160
-0.167603,0.668615,-10.042991
-0.162814,0.678192,-10.100455
-0.162814,0.660235,-10.082497
-0.167603,0.676396,-10.078907
-0.168800,0.669213,-10.050773
-0.165208,0.667418,-10.059153
-0.152638,0.671009,-10.122004
-0.229855,0.742240,-10.014260
-0.040105,0.719494,-10.228551
-0.465696,0.602172,-10.080702
-0.219679,0.626116,-9.984929
-0.002394,0.551293,-10.259078
-0.143659,0.490238,-10.041794
-0.161018,0.522561,-10.140560
0.003591,0.815267,-10.132779
-0.257390,0.821852,-9.957394
-0.266369,0.748226,-10.099258
-0.260383,0.676995,-10.027428
-0.432774,0.648862,-10.031020
-0.208306,0.723684,-10.058554
-0.096970,0.749423,-10.098061
-0.086196,0.750620,-10.091476
-0.026338,0.696150,-10.102251
0.000000,0.613545,-10.127989
-0.079611,0.535131,-10.093871
-0.128695,0.641679,-10.087884
-0.206510,0.754811,-10.028027
-0.266369,0.802697,-10.046583
-0.272953,0.778155,-10.048977
-0.277143,0.700340,-10.035210
-0.207109,0.649460,-10.047780
-0.109540,0.682981,-10.081899
-0.046689,0.730867,-10.084892
-0.041901,0.744036,-10.092075
-0.050281,0.699142,-10.086089
-0.108942,0.626116,-10.074117
-0.200525,0.562067,-10.090279
-0.197532,0.641679,-10.094470
-0.208306,0.736254,-10.063941
-0.213095,0.792521,-10.053167
-0.195736,0.794915,-10.036407
-0.178377,0.648263,-10.066336
-0.189152,0.626714,-10.114222
-0.162215,0.644672,-10.071125
-0.143659,0.691960,-10.054963
-0.114928,0.718297,-10.077111
-0.128096,0.703931,-10.062146
-0.177779,0.598581,-10.089082
-0.180173,0.611750,-10.081300
-0.188553,0.662030,-10.073519
-0.168800,0.714706,-10.042991
-0.183166,0.756606,-10.052569
-0.175384,0.727276,-10.088483
-0.193342,0.663228,-10.076512
-0.164610,0.643475,-10.069928
-0.178377,0.636291,-10.091476
-0.164610,0.688368,-10.048977
-0.129892,0.727874,-10.075315
-0.156828,0.673404,-10.083096
-0.171194,0.612348,-10.068730
-0.194539,0.604567,-10.059752
-0.209503,0.630306,-10.050174
-0.184962,0.660833,-10.050174
-0.159821,0.760796,-10.054365
-0.161018,0.753015,-10.046583
-0.159223,0.709318,-10.056758
-0.177779,0.680587,-10.051970
-0.164610,0.657840,-10.032217
-0.147849,0.685974,-10.096863
-0.161018,0.677594,-10.090878
-0.146652,0.657242,-10.075315
-0.153237,0.642277,-10.045386
-0.191546,0.657242,-10.033414
-0.182567,0.687769,-10.045984
-0.157427,0.699142,-10.038203
-0.184962,0.703333,-10.060350
-0.164610,0.705128,-10.037604
-0.135279,0.700938,-10.052569
-0.156230,0.674002,-10.060350
-0.167603,0.644672,-10.092075
-0.172391,0.656045,-10.044188
-0.179574,0.669812,-10.046583
-0.168201,0.686572,-10.047182
-0.171194,0.699142,-10.047182
-0.177180,0.703333,-10.071723
-0.163413,0.691361,-10.061547
-0.162215,0.678192,-10.068730
-0.158624,0.688368,-10.081899
-0.145455,0.666221,-10.074716
-0.151441,0.666221,-10.083695
-0.159821,0.652453,-10.081899
-0.168201,0.675798,-10.062146
-0.153237,0.681784,-10.035808
-0.168201,0.696748,-10.020245
-0.194539,0.706924,-10.100455
-0.153237,0.694354,-10.054963
-0.172391,0.680587,-10.063941
-0.207708,0.677594,-10.040596
-0.166406,0.676995,-10.038801
-0.165208,0.679389,-10.111828
-0.144857,0.680587,-10.065737
-0.143061,0.688967,-10.065737
-0.132286,0.700938,-10.050174
-0.161018,0.694952,-10.047780
-0.185560,0.700938,-10.060949
-0.181370,0.681185,-10.065737
-0.198729,0.691361,-10.047182
-0.169398,0.689565,-10.030421
-0.159821,0.704530,-10.049575
-0.155631,0.694354,-10.048977
-0.162814,0.697347,-10.087286
-0.171793,0.674601,-10.063941
-0.188553,0.657242,-10.041794
-0.174187,0.636291,-10.073519
-0.178377,0.668615,-10.064540
-0.159223,0.686572,-10.100455
-0.152040,0.697347,-10.059752
-0.152040,0.666221,-10.042991
-0.181370,0.676995,-10.060350
-0.169398,0.686572,-10.068132
-0.189152,0.690762,-10.106441
-0.178976,0.691361,-10.061547
-0.180173,0.705128,-10.040596
-0.154434,0.665622,-10.057357
-0.157427,0.654848,-10.061547
-0.135279,0.659636,-10.086089
-0.143061,0.674601,-10.083096
-0.140667,0.688967,-10.022640
-0.182567,0.693157,-10.056160
-0.184962,0.674002,-10.047182
-0.201722,0.684777,-10.092075
-0.210102,0.688967,-10.082497
-0.182567,0.679988,-10.055562
-0.156230,0.696150,-10.047780
-0.158025,0.682981,-10.030421
-0.152040,0.677594,-10.097462
-0.159821,0.668016,-10.073519
-0.174786,0.651855,-10.070526
-0.193940,0.667418,-10.025632
-0.203518,0.669812,-10.050773
-0.198130,0.656045,-10.074117
-0.181370,0.633897,-10.072920
-0.133484,0.646467,-10.081899
-0.106547,0.669812,-10.078907
-0.115526,0.753015,-10.045386
-0.156230,0.754811,-10.065737
-0.219081,0.697945,-10.093272
-0.256193,0.650657,-10.068132
-0.259784,0.615940,-10.059153
-0.226264,0.634496,-10.060949
-0.124505,0.720093,-10.077709
-0.105350,0.714706,-10.085491
-0.109540,0.666221,-10.109434
-0.126301,0.647665,-10.077709
-0.172391,0.636890,-10.077709
-0.205313,0.718896,-10.032815
-0.189152,0.732064,-10.100455
-0.202320,0.720093,-10.051970
-0.192144,0.712910,-10.034012
-0.186159,0.679389,-10.056758
-0.171793,0.663228,-10.063343
-0.117322,0.678791,-10.122603
-0.164011,0.679389,-10.077709
-0.134681,0.680587,-10.048378
-0.129293,0.667418,-10.083096
-0.164011,0.687171,-10.045984
-0.200525,0.689565,-10.064540
-0.201123,0.698544,-10.081899
-0.196933,0.695551,-10.065737
-0.167603,0.702734,-10.064540
-0.153237,0.693157,-10.056758
-0.154434,0.665622,-10.111229
-0.164011,0.660833,-10.078907
-0.156230,0.647665,-10.075913
-0.155631,0.657242,-10.081899
-0.146652,0.691361,-10.050773
-0.170596,0.696150,-10.042991
-0.168800,0.705128,-10.078907
-0.174786,0.692558,-10.085491
-0.183166,0.678192,-10.077111
-0.177180,0.674002,-10.066336
-0.168800,0.680587,-10.066336
-0.157427,0.697347,-10.093871
-0.161018,0.668615,-10.089082
-0.149047,0.661432,-10.070526
-0.160420,0.657242,-10.081300
-0.182567,0.651855,-10.048977
-0.169997,0.687769,-10.074716
-0.184962,0.730269,-10.052569
-0.173588,0.698544,-10.059752
-0.205313,0.654848,-10.060350
-0.172391,0.644672,-10.057357
-0.174187,0.638087,-10.079504
-0.155032,0.703931,-10.077111
-0.140068,0.703333,-10.045386
-0.149645,0.693157,-10.072920
-0.159821,0.666819,-10.077111
-0.198130,0.641679,-10.066934
-0.165807,0.685974,-10.070526
-0.167603,0.704530,-10.061547
-0.144857,0.715903,-10.059153
-0.145455,0.691960,-10.057956
-0.159821,0.664425,-10.049575
-0.157427,0.647066,-10.099857
-0.176581,0.719494,-10.060350
-0.223869,0.743438,-10.039400
-0.190349,0.707523,-10.028027
-0.180173,0.635693,-10.063343
-0.190349,0.574638,-10.117814
-0.138871,0.643475,-10.073519
-0.073625,0.746430,-10.105243
-0.117920,0.786535,-10.039400
-0.153835,0.741642,-10.072920
-0.167603,0.650657,-10.111828
-0.198729,0.612348,-10.078907
-0.201123,0.713508,-10.036407
-0.169997,0.742839,-10.057956
-0.180771,0.757205,-10.034012
-0.181370,0.690164,-10.071723
-0.155032,0.612947,-10.090279
-0.175384,0.625517,-10.054963
-0.133484,0.672206,-10.037604
-0.114329,0.712910,-10.083096
-0.127498,0.724283,-10.095666
-0.141265,0.714107,-10.087286
-0.161018,0.670411,-10.089680
-0.216088,0.656045,-10.053766
-0.208306,0.671009,-10.062146
-0.187356,0.701537,-10.092075
-0.172990,0.733860,-10.081300
-0.160420,0.696748,-10.075913
-0.154434,0.665622,-10.067533
-0.160420,0.647066,-10.050773
-0.146054,0.681185,-10.086089
-0.153835,0.680587,-10.108835
-0.153237,0.706325,-10.110033
-0.152638,0.691960,-10.060350
-0.158624,0.663228,-10.062146
-0.173588,0.664425,-10.069329
-0.175384,0.668016,-10.099258
-0.179574,0.657840,-10.094470
-0.169398,0.685974,-10.082497
-0.156828,0.704530,-10.068730
-0.167004,0.685974,-10.049575
-0.174786,0.679988,-10.104645
-0.188553,0.674601,-10.081899
-0.192144,0.690164,-10.075913
-0.168201,0.698544,-10.051371
-0.155631,0.678791,-10.054963
-0.132885,0.672805,-10.105842
-0.141265,0.661432,-10.098659
-0.168201,0.666221,-10.062146
-0.168800,0.657242,-10.065138
-0.176581,0.708121,-10.045386
-0.172391,0.694952,-10.099258
-0.174786,0.684777,-10.071125
-0.187954,0.673404,-10.048977
-0.183764,0.693755,-10.040596
-0.168201,0.708720,-10.053167
-0.174786,0.694354,-10.108835
-0.178976,0.679389,-10.067533
-0.172990,0.688967,-10.054963
-0.164610,0.666819,-10.068730
-0.143061,0.685375,-10.029823
-0.171194,0.670411,-10.120208
-0.165208,0.673404,-10.090878
-0.159821,0.675798,-10.074716
-0.175384,0.697945,-10.051970
-0.192144,0.696150,-10.042392
-0.178976,0.661432,-10.076512
-0.162215,0.633299,-10.090878
-0.147849,0.644073,-10.068730
-0.110737,0.688368,-10.088483
-0.123308,0.720691,-10.061547
-0.168201,0.706924,-10.072321
-0.190947,0.697347,-10.103448
-0.229257,0.675798,-10.083096
-0.237637,0.636291,-10.044787
-0.191546,0.655446,-10.058554
-0.152638,0.704530,-10.071723
-0.089189,0.718896,-10.093272
-0.147251,0.683579,-10.080702
-0.197532,0.630904,-10.054963
-0.201722,0.616538,-10.0519