-2.042358,2.437422,-9.584477,-0.070255,-0.128152,-0.022137
-2.099822,2.427844,-9.534197,-0.028976,-0.161042,-0.002695
-2.051935,2.308128,-9.404903,0.002583,-0.180351,0.017545
-1.913065,1.951374,-9.297159,0.025221,-0.215771,0.013550
-1.719124,1.544339,-9.086458,0.044928,-0.271832,-0.013348
-1.398285,1.149275,-9.021811,0.036805,-0.262111,-0.100168
-1.043925,0.816464,-9.510254,0.007244,-0.404459,-0.167414
-0.572243,0.562666,-9.289976,-0.013529,-0.377827,-0.263156
-0.004789,0.914632,-9.175049,-0.118726,-0.294069,-0.407236
0.938575,1.201951,-9.692223,-0.224987,-0.057977,-0.623621
1.381525,1.419834,-10.846287,-0.433383,0.347762,-0.745595
1.857995,1.886727,-12.208656,-0.582788,0.720211,-0.680613
2.370380,2.195595,-12.651607,-0.594773,0.856434,-0.544923
2.844457,2.480519,-13.511168,-0.517540,1.361377,-0.482338
3.225154,3.160507,-14.375520,-0.251752,1.824241,-0.441591
3.457403,3.768666,-14.679599,0.162109,2.123985,-0.373280
3.761482,4.134997,-15.038747,0.439215,2.317732,-0.298444
3.864439,4.384007,-15.168040,0.573840,2.678064,-0.273410
4.077533,4.027253,-15.215927,0.688624,3.052243,-0.202169
3.962606,3.639372,-15.419445,0.642018,3.345861,-0.105095
3.579514,3.562754,-15.450571,0.630300,3.471565,-0.003095
3.093466,3.026425,-15.237476,0.552801,3.625498,0.040316
2.360803,2.810936,-14.978889,0.587822,3.613114,0.043245
1.937008,2.365592,-14.262986,0.685561,3.531087,0.026600
1.458143,2.061513,-13.343566,0.802742,3.358112,0.023404
1.108572,1.874756,-12.112884,0.927646,3.027076,0.057360
0.842802,1.266597,-10.875018,0.973453,2.773539,0.096775
0.533934,1.204345,-9.424058,0.954944,2.517339,0.152836
0.277742,1.209134,-8.368161,0.869855,2.327586,0.152303
0.282530,1.101389,-7.211703,0.711927,2.076713,0.147643
0.143659,1.012799,-6.220453,0.507260,1.816385,0.168149
-0.105350,1.096600,-5.222020,0.348400,1.427957,0.256834
-0.316051,0.981673,-4.743155,0.146929,1.075349,0.366425
-0.579426,0.993644,-4.288234,-0.078911,0.697174,0.460036
-0.857168,1.417440,-4.518089,-0.268797,0.210607,0.600254
-1.101389,1.587437,-4.331332,-0.515276,-0.238408,0.599455
-1.003222,1.752645,-4.103871,-0.823276,-0.854806,0.643531
-0.754212,2.023204,-4.266685,-1.048715,-1.259613,0.635807
-0.579426,1.841235,-4.953856,-1.389605,-1.481058,0.605713
-0.380697,2.042358,-5.775109,-1.725968,-1.708629,0.558308
-0.414218,3.021636,-6.974665,-2.023447,-1.933669,0.393190
-0.318445,3.572331,-8.131124,-2.328784,-2.166034,0.133128
-0.184363,4.609073,-9.448001,-2.550628,-2.427027,-0.182994
0.083801,5.133430,-10.843892,-2.758890,-2.622240,-0.528811
0.464499,4.719212,-11.782467,-2.802167,-2.743948,-0.825891
0.586609,5.147796,-13.288497,-2.588446,-2.861396,-1.085020
0.691960,6.095948,-14.222282,-2.221723,-3.119726,-1.430837
0.940969,6.926778,-15.196773,-1.937026,-3.340106,-1.913675
1.084629,7.218886,-16.025209,-1.830631,-3.446102,-2.287589
1.740673,7.417615,-15.860001,-1.608920,-3.349560,-2.550048
1.896304,7.209309,-15.694792,-1.164565,-3.608690,-2.596654
1.807714,6.627488,-15.244659,-0.930603,-3.657027,-2.556306
1.343216,7.515782,-15.464937,-0.732727,-3.157411,-2.617826
1.110966,7.949155,-15.041142,-0.056007,-2.862860,-2.773224
1.230682,6.189327,-12.761745,0.635094,-2.712523,-2.888141
1.376736,5.657787,-11.452050,0.987036,-2.077216,-2.876157
1.685604,7.506205,-11.219801,1.087039,-1.452296,-2.424211
1.740673,6.004964,-10.384182,1.081446,-1.589051,-1.469187
2.947412,3.383179,-9.627576,1.099956,-1.594378,-0.374212
2.214749,4.218798,-9.098430,1.281985,-0.971055,0.603583
1.046319,5.866093,-10.187847,1.484389,-0.386749,0.743134
0.577032,5.899613,-10.350661,1.295701,-0.206450,0.721030
0.737452,5.222020,-10.532630,0.782102,-0.094596,0.744732
1.043925,4.702452,-10.968397,0.392210,0.305817,0.633677
1.558705,3.787820,-11.514302,0.140005,0.892786,0.710910
1.225894,4.173306,-12.984418,0.019228,1.612250,0.948334
0.945758,5.863699,-14.377913,0.261313,2.170058,0.974966
0.639284,5.925951,-15.203956,0.768387,2.222922,0.998935
0.440556,5.293850,-15.084239,1.173859,2.267398,1.187356
0.306473,4.965827,-13.523140,1.264009,2.562081,1.332501
0.189152,4.664143,-14.188763,1.267071,3.042390,1.356736
-0.004789,4.194855,-14.255803,1.201690,3.296326,1.294550
-0.227461,4.130208,-14.892694,1.040566,3.472363,1.129565
-0.323234,4.010492,-15.043536,1.044161,3.495533,0.876428
-0.272953,3.711202,-14.942974,1.071859,3.608453,0.540598
-0.035915,3.268252,-14.516785,1.071326,3.674767,0.312228
0.239432,2.518829,-13.980456,0.897020,3.576095,0.194648
0.397458,2.068696,-13.010755,0.745483,3.596602,0.128201
0.486048,1.529973,-12.582171,0.690488,3.620704,0.169880
0.395063,1.668844,-12.373865,0.768520,3.542406,0.236460
-0.014366,2.243481,-11.725003,0.949884,3.130542,0.248711
0.165208,1.810109,-10.585305,1.161476,2.849041,0.170147
0.131688,1.271386,-9.582084,1.350296,2.472997,0.150173
0.330417,1.048714,-8.332247,1.455227,2.226518,0.164021
0.414218,0.876322,-7.321842,1.472005,1.893484,0.226740
0.548300,0.797310,-6.344958,1.358552,1.625833,0.272414
0.471682,0.507597,-5.799052,1.124590,1.316768,0.335531
0.545906,0.620130,-5.116670,0.830040,1.045920,0.401845
0.040704,0.701537,-4.604284,0.602469,0.729665,0.345652
-0.009577,0.895477,-4.340909,0.399800,0.385713,0.270549
0.002394,1.443777,-4.486963,0.174360,-0.233615,0.252173
-0.119716,1.597014,-4.237953,-0.085169,-0.734030,0.226873
0.131688,1.604197,-4.609073,-0.361210,-1.066531,0.205967
0.368726,1.747856,-4.800619,-0.643243,-1.446437,0.178403
0.277742,1.841235,-5.743983,-0.989592,-1.952179,0.150705
0.311262,2.123765,-6.893258,-1.479355,-2.443673,0.127802
0.265770,2.298551,-7.953943,-2.077377,-2.747810,0.060023
0.589004,2.822908,-8.693789,-2.453554,-2.911863,-0.133192
0.134082,2.806147,-10.558968,-2.667942,-3.269132,-0.307898
-0.347177,4.326543,-12.637240,-2.750635,-3.887261,-0.493656
-0.553089,4.108659,-13.705109,-2.895247,-4.311908,-0.702318
-0.557877,3.052763,-14.452138,-2.764883,-4.311908,-0.765170
-0.993644,2.997693,-15.725918,-2.185503,-4.285542,-0.839473
-1.589831,3.653738,-17.136175,-1.542873,-4.251054,-1.105527
-1.522790,4.175701,-17.275045,-1.225818,-4.311908,-1.463062
-0.785338,4.621045,-16.920685,-1.164831,-4.311908,-1.646024
-0.292107,4.237953,-16.468159,-0.995984,-4.311908,-1.575715
-0.244221,3.143747,-15.496063,-0.673204,-3.900843,-1.384098
-0.038309,2.626573,-14.341999,-0.205945,-3.026115,-1.260392
0.500414,3.244309,-14.444955,0.454395,-2.349262,-1.232562
0.543512,4.091899,-14.646078,0.910336,-1.868288,-1.161055
0.818859,4.465414,-14.071441,1.141901,-1.487983,-0.986215
1.386313,4.242742,-13.144837,1.311946,-1.040032,-0.649187
1.800531,3.660921,-12.433723,1.381190,-0.621643,-0.165284
1.951374,3.522050,-11.794438,1.266805,-0.201523,0.561371
0.699143,4.261896,-12.038660,0.930576,0.130844,0.919039
-0.038309,3.945845,-11.576555,0.714723,0.201686,0.981757
-0.502808,2.851640,-10.906144,0.393808,0.465742,0.851527
-1.175613,2.696008,-10.918116,-0.024581,0.903439,0.608776
-1.582648,2.777416,-11.241350,-0.377189,1.181611,0.344986
-1.570676,3.043185,-11.315574,-0.565611,1.485748,0.079331
-1.561099,3.124593,-11.590921,-0.658423,1.637950,-0.134657
-1.386313,3.541205,-12.359499,-0.630193,1.902406,-0.285394
-1.089417,3.735145,-13.056247,-0.422597,2.204014,-0.331068
-0.663228,3.352053,-13.501592,-0.282779,2.645439,-0.235326
-0.143659,3.296984,-13.848768,-0.200619,3.104043,-0.008288
0.117322,3.414306,-14.545517,-0.071720,3.491272,0.303839
0.239432,3.783031,-15.354798,0.203389,3.715913,0.546990
0.148448,4.118237,-15.527189,0.527234,3.749736,0.706382
0.328022,4.412739,-15.730707,0.775844,3.739483,0.780819
0.158025,3.974577,-15.268602,0.959072,3.557586,0.842072
0.040704,3.287406,-14.176790,1.012869,3.485280,0.882686
-0.079013,2.614601,-13.298074,1.014200,3.517771,0.865775
-0.363937,2.485308,-12.828787,1.035772,3.388872,0.782816
-0.565060,2.468548,-12.124855,1.060141,3.116160,0.612771
-0.651256,2.281790,-11.009100,1.086506,2.695907,0.418490
-0.428584,1.857995,-9.816728,1.111008,2.633588,0.144979
-0.407035,1.278569,-8.677029,1.099689,2.513078,-0.013215
-0.371120,1.199556,-7.934789,1.060807,2.172987,-0.067145
-0.270559,1.419834,-6.811851,0.956276,1.874975,-0.127599
-0.198729,1.261809,-5.940317,0.771849,1.761922,-0.199106
-0.210700,1.134909,-5.243569,0.602070,1.742614,-0.167947
-0.332811,1.340821,-5.219625,0.526036,1.265768,0.034457
-0.634496,1.893910,-4.446259,0.501800,0.747109,0.137256
-0.330417,2.147708,-4.611467,0.270235,0.227652,0.153235
-0.349571,1.920248,-4.388795,0.065968,-0.236278,0.215155
-0.316051,1.726307,-4.372035,-0.117793,-0.780636,0.333800
-0.296896,1.577859,-4.843717,-0.402490,-1.230984,0.413563
-0.296896,1.618563,-5.406383,-0.755364,-1.671211,0.467893
-0.433373,1.798137,-6.194116,-1.144591,-2.031009,0.491196
-0.433373,1.826869,-6.804668,-1.462843,-2.324228,0.409036
-0.550694,1.812503,-8.353795,-1.798140,-2.725439,0.284132
-0.550694,2.257847,-10.022639,-2.124116,-3.116131,0.091183
-0.610553,3.244309,-11.265293,-2.218660,-3.436913,-0.229067
-0.677594,2.755867,-12.737803,-1.973645,-3.882867,-0.521221
-0.988856,2.581081,-13.815248,-1.580024,-4.269697,-0.757446
-0.430978,3.172479,-14.614952,-1.273623,-3.918687,-1.073702
0.419007,3.457403,-15.050719,-0.845780,-3.534653,-1.286891
0.811676,2.820513,-15.692397,-0.433116,-3.319466,-1.215650
1.240260,2.499674,-16.144924,-0.276920,-3.165667,-0.908983
1.319272,2.717557,-16.551960,-0.085436,-2.947151,-0.611769
1.288146,2.691220,-16.516045,0.473704,-2.943422,-0.377807
1.352793,2.195595,-15.587048,1.049355,-2.711191,-0.253169
1.364764,2.277002,-15.637328,1.354291,-2.339941,-0.204832
1.750251,2.545166,-15.067479,1.460154,-1.920220,-0.183527
1.755039,1.972923,-13.839191,1.482391,-1.717284,-0.047703
1.956162,1.355187,-12.448089,1.457757,-1.209811,0.081995
1.769405,1.156458,-12.048237,1.306354,-0.654534,0.177870
1.352793,1.455749,-11.665145,1.122859,-0.388746,0.274145
1.103783,1.525184,-11.107267,0.850946,-0.269035,0.324346
1.089417,1.649689,-10.312352,0.444675,-0.252523,0.327409
0.747029,1.733490,-9.625181,-0.080509,0.050815,0.232732
0.699143,0.840408,-10.441646,-0.600898,0.347629,0.043245
0.371120,0.498019,-10.827132,-1.012762,0.617145,-0.024134
0.656045,0.749423,-11.930915,-1.168027,0.965492,-0.226804
0.936181,1.161247,-13.010755,-1.126481,1.210506,-0.465293
1.125332,1.110966,-13.702715,-0.868284,1.707593,-0.598586
1.714336,0.890688,-14.193551,-0.509684,2.222523,-0.597921
1.984894,1.185190,-14.488052,-0.184640,2.624001,-0.421883
1.989683,1.802926,-14.674810,0.073691,2.885394,-0.214153
1.965740,2.293762,-14.727485,0.208449,3.109902,-0.046239
1.764617,2.166863,-14.732274,0.323233,3.287537,0.085324
1.716730,1.798137,-14.346787,0.406325,3.443468,0.178269
1.745462,1.829263,-14.495235,0.456393,3.604991,0.237925
1.410257,1.841235,-14.325239,0.524038,3.490207,0.235262
1.379130,1.601803,-13.932570,0.665055,3.384611,0.135658
1.180402,1.089417,-13.300468,0.774645,3.279414,0.042047
1.209134,0.988856,-12.383442,0.826045,3.155043,-0.011750
1.273780,0.775761,-12.091334,0.909936,3.093257,-0.093111
1.098995,0.838013,-11.179097,0.997555,2.689116,-0.084589
1.039137,0.210700,-10.113624,1.038702,2.525862,-0.096307
0.792521,0.141265,-9.364200,0.997822,2.345829,-0.080327
0.696748,0.419007,-8.394499,0.942028,2.155410,-0.085521
0.761395,0.280136,-7.549303,0.867591,2.007603,-0.156096
0.569849,0.100562,-6.823822,0.783700,1.585751,-0.110289
0.395063,0.347177,-6.294677,0.681300,1.183874,-0.087918
0.275347,0.430978,-5.703279,0.494210,0.891455,-0.070607
-0.079013,0.742240,-5.011320,0.377962,0.748041,-0.120276
-0.055069,0.799704,-4.783859,0.283418,0.373728,-0.017076
-0.184363,1.355187,-4.348092,0.249995,-0.186609,0.201439
-0.378303,1.565888,-4.604284,0.130417,-0.831770,0.403044
-0.349571,2.011232,-4.688086,-0.119924,-1.466544,0.512901
-0.282530,1.881938,-5.042446,-0.583454,-1.731799,0.482806
-0.270559,1.424623,-5.705673,-1.131275,-1.827275,0.429542
-0.342388,1.312089,-6.926778,-1.615312,-2.159376,0.459104
-0.462104,1.381525,-8.128729,-2.009998,-2.498401,0.456041
-0.593792,1.448566,-9.500676,-2.331314,-2.878973,0.368156
-0.591398,2.205172,-10.942060,-2.417868,-3.151285,0.175207
-0.938575,2.858823,-12.874279,-2.336507,-3.585121,-0.129730
-1.254626,2.842062,-14.373125,-2.199219,-4.311908,-0.347979
-1.271386,2.559532,-14.454533,-2.055140,-4.311908,-0.464894
-1.019982,2.643333,-14.516785,-1.788819,-4.311908,-0.627615
-0.691960,3.155719,-15.965350,-1.337273,-3.780733,-0.986482
-0.445344,3.328110,-16.453793,-0.994519,-3.603364,-1.180762
0.050281,3.761482,-16.511257,-0.959232,-3.719080,-1.173705
0.335205,3.778243,-16.228725,-0.821411,-3.503760,-1.098736
0.914632,3.854861,-15.311700,-0.305283,-2.883767,-0.893137
0.864351,3.847678,-15.457754,0.275828,-2.065365,-0.854920
0.237038,3.423883,-15.273391,0.616584,-2.000116,-0.643062
0.770972,3.308955,-14.095384,0.908871,-1.840591,-0.451045
1.297723,2.810936,-12.697099,1.238975,-1.279587,-0.273809
1.695181,2.535589,-12.009928,1.468410,-0.894488,0.028731
2.454182,2.130948,-11.277265,1.391576,-0.489016,0.484271
1.939402,2.693614,-11.373037,1.034174,-0.109510,0.765639
1.680815,2.480519,-11.191069,0.831505,0.003011,0.823430
1.757434,1.436594,-10.966002,0.493944,0.494105,0.612638
1.187585,1.319272,-11.595710,0.016166,0.829802,0.446187
1.043925,1.431806,-11.976407,-0.248690,0.981072,0.305970
1.137304,1.431806,-12.565411,-0.343899,1.299724,0.156831
0.976884,1.972923,-13.247793,-0.182110,1.577096,0.015148
0.928998,2.382352,-13.748207,0.071827,1.858064,-0.142513
0.957729,2.255453,-14.057075,0.329758,2.143160,-0.219879
1.000827,1.929825,-13.645250,0.485022,2.356216,-0.134923
0.964912,1.987289,-13.805671,0.551203,2.523198,0.018344
0.514780,2.243481,-13.839191,0.586890,2.697239,0.125272
0.385486,2.188412,-13.958907,0.577835,2.976742,0.147243
0.079013,1.992077,-14.104961,0.614853,2.956635,0.126736
0.141265,1.743068,-13.726658,0.701008,2.841717,0.100238
0.146054,1.628140,-13.587787,0.701141,2.840119,-0.015079
0.105350,1.288146,-13.183146,0.694350,2.873942,-0.129597
0.000000,1.249837,-12.563017,0.741888,2.784592,-0.240519
0.181969,0.919420,-12.225417,0.731502,2.690581,-0.326274
0.172391,0.703931,-11.478388,0.744951,2.485115,-0.339457
0.306473,0.632101,-10.853469,0.730170,2.512413,-0.418820
0.251404,0.648862,-10.448829,0.775711,2.289236,-0.439194
0.383092,0.617736,-9.579689,0.782102,2.087099,-0.453842
0.488442,0.351966,-8.806323,0.745350,1.966589,-0.450113
0.562666,0.419007,-8.090420,0.658397,1.890022,-0.422682
0.615341,0.605764,-7.877325,0.657864,1.600266,-0.347580
0.701537,0.931392,-7.020157,0.662525,1.232744,-0.269947
0.715903,0.744635,-6.531715,0.593415,0.848844,-0.192581
0.567455,0.620130,-5.741588,0.350531,0.619142,-0.096706
0.507597,0.562666,-5.662576,0.128686,0.643644,-0.056492
0.416612,0.871534,-5.085544,-0.001411,0.356817,0.054431
0.351966,1.039137,-5.447086,-0.152149,-0.211910,0.224343
0.119716,1.304906,-5.552437,-0.309278,-0.641617,0.298646
0.059858,1.151670,-6.172566,-0.473997,-0.731767,0.215288
0.074224,1.297723,-6.761570,-0.623269,-1.005411,0.159094
-0.002394,1.297723,-6.962693,-0.660421,-1.416476,0.183995
0.011972,0.945758,-7.568457,-0.673604,-2.020090,0.283732
-0.074224,0.773367,-8.248446,-0.816351,-2.669246,0.378276
-0.186757,1.065474,-8.856604,-1.119157,-2.837294,0.298113
-0.241827,1.130121,-9.749686,-1.407715,-2.688820,0.088786
-0.392669,1.144487,-11.073747,-1.522100,-2.841555,0.019543
-0.644073,1.465326,-12.297247,-1.411310,-3.365806,0.043645
-0.687171,1.759828,-13.436945,-1.023548,-4.017491,-0.096573
-0.790127,1.563493,-12.938926,-0.836592,-3.937196,-0.333598
-0.514780,2.109399,-14.069046,-0.936462,-3.176053,-0.631477
-0.258587,2.593053,-15.268602,-0.789852,-2.971386,-0.806716
0.469287,1.826869,-15.409867,-0.537647,-3.212406,-0.718431
0.682382,1.448566,-15.474514,-0.336176,-3.375793,-0.526014
0.246615,2.176440,-15.625357,-0.081308,-3.613883,-0.285660
-0.545906,2.363198,-15.021987,0.164905,-3.751571,-0.062218
-1.065474,1.654478,-13.970879,0.395805,-3.593377,0.068412
-1.446172,1.149275,-13.403424,0.645214,-3.243166,0.084125
-1.268992,1.259414,-12.914982,0.744418,-2.615582,0.028198
-0.727874,2.324888,-12.239782,0.785165,-1.787726,-0.030925
-0.677594,1.776588,-11.396981,0.936701,-1.022189,-0.067278
-0.435767,1.199556,-11.215013,0.979179,-0.870253,0.204102
-1.158853,2.669671,-11.030649,0.762794,-0.698876,0.243917
-1.254626,2.798965,-10.954031,0.547474,-0.388879,0.104232
-1.067868,1.422228,-10.807977,0.244269,0.065862,-0.002961
-1.096600,1.077446,-10.846287,-0.306348,0.564946,0.033125
-1.259414,1.391102,-11.662751,-0.760557,0.991059,-0.003894
-1.424623,1.563493,-12.282881,-0.927407,1.501328,-0.108824
-1.608986,1.522790,-12.586960,-0.827403,1.904537,-0.220012
-1.211528,1.644900,-13.089767,-0.655094,2.439041,-0.306700
-1.048714,2.004049,-14.092989,-0.426725,2.690581,-0.238921
-0.849985,1.831658,-14.138481,-0.061467,2.733059,-0.012416
-0.306473,1.474903,-13.764967,0.204987,3.214432,0.230601
-0.318445,1.846024,-14.124116,0.240141,3.715114,0.473219
-0.804493,2.528406,-14.993255,0.334418,3.665845,0.696528
-0.720691,2.966567,-14.904665,0.635360,3.376355,0.713706
-0.282530,2.253059,-13.489620,0.855074,3.298190,0.607178
-0.574638,1.647295,-13.870317,0.912067,3.324423,0.515830
-0.545906,1.812503,-13.527929,0.974519,3.192195,0.373882
-0.603370,1.362370,-12.728225,0.919790,3.010032,0.200640
-0.349571,0.979278,-11.796833,0.761063,2.928937,0.035389
-0.407035,0.610553,-11.284448,0.615652,2.717612,-0.036385
-0.419007,0.773367,-10.621220,0.510589,2.629194,-0.129464
-0.553089,0.787732,-10.209396,0.568247,2.350756,-0.270746
-0.677594,0.718297,-9.349834,0.632697,2.060467,-0.385397
-0.569849,0.656045,-8.399287,0.607530,1.705862,-0.493923
-0.462104,0.761395,-7.302687,0.534025,1.390805,-0.543725
-0.344783,0.519568,-6.352141,0.360651,1.156443,-0.528944
-0.344783,0.512385,-5.715250,0.166370,0.991591,-0.422416
-0.411824,0.787732,-6.048062,-0.048417,0.717148,-0.246245
-0.806887,1.326455,-5.782292,-0.146822,0.278386,-0.174871
-0.873928,1.436594,-5.578774,-0.228050,-0.184878,-0.176735
-0.811676,1.127726,-5.413566,-0.258677,-0.477963,-0.151834
-0.723086,1.144487,-5.777503,-0.230047,-0.631364,-0.126268
-0.759001,1.254626,-6.103131,-0.221525,-0.952945,-0.044907
-0.739846,1.046319,-6.541292,-0.309011,-1.308350,0.066814
-0.885900,1.194767,-7.132690,-0.496634,-1.599571,0.186259
-1.178007,1.575465,-8.152672,-0.642444,-1.981474,0.262293
-1.213922,1.798137,-8.511821,-0.620872,-2.273494,0.216220
-1.362370,1.431806,-9.225329,-0.608222,-2.483754,0.148442
-1.671238,1.326455,-10.111229,-0.695309,-2.705066,0.042313
-1.434200,1.678421,-11.147971,-0.799307,-2.843286,-0.040113
-1.197162,1.587437,-11.595710,-0.752967,-2.747677,-0.134524
-1.513213,1.144487,-12.886250,-0.727400,-2.967658,-0.110155
-1.434200,1.774194,-13.784122,-0.841918,-3.083107,-0.183527
-1.072657,2.420661,-14.425800,-0.860827,-3.110272,-0.378473
-0.526751,1.987289,-15.139309,-0.695974,-3.302155,-0.433868
-0.330417,1.731096,-15.515218,-0.471866,-3.641581,-0.309762
-0.390275,2.078273,-15.759439,-0.274390,-4.016826,-0.167414
0.064647,2.616996,-15.496063,-0.056540,-3.977677,-0.137853
0.457316,2.731923,-14.873539,0.006711,-3.453425,-0.200571
0.423795,3.182056,-14.868751,-0.043357,-2.819983,-0.343718
0.337600,3.658527,-14.320450,-0.014328,-2.204251,-0.485933
0.469287,3.186845,-13.635674,0.051054,-1.690253,-0.532273
0.926603,2.830091,-13.140048,0.149326,-1.265472,-0.415891
0.945758,3.036002,-12.268515,0.257984,-0.475167,-0.120675
1.134909,2.602630,-12.165559,0.215773,0.043225,0.155233
0.589004,2.973750,-11.818382,0.118033,0.503426,0.410501
-0.081407,3.012059,-12.464849,-0.083438,0.755765,0.396519
-0.605764,2.554743,-12.519918,-0.162003,1.082140,0.313294
-0.890688,1.575465,-12.306824,-0.199554,1.542208,0.169747
-1.063080,1.532367,-12.665973,-0.155211,1.894417,0.027399
-0.919420,2.473336,-12.699492,-0.065728,2.307479,-0.143978
-0.349571,2.595447,-12.601326,-0.051879,2.862357,-0.245446
-0.023943,1.965740,-13.283708,-0.095023,3.073149,-0.163286
0.275347,2.566715,-13.791305,-0.145624,3.273289,-0.015745
0.320839,2.837274,-14.124116,-0.046819,3.506719,0.078666
0.579426,2.605024,-14.227072,0.136276,3.498729,0.231933
0.608158,2.674459,-14.011582,0.274363,3.530022,0.384135
0.521963,2.521223,-14.550305,0.311382,3.387407,0.538467
0.471682,2.403901,-14.095384,0.516981,3.203114,0.556710
0.450133,2.011232,-13.319623,0.610326,3.307245,0.443924
0.316051,1.403074,-12.989206,0.712060,3.359976,0.351511
0.292107,1.515607,-12.194290,0.772115,3.071419,0.350579
0.349571,1.075051,-11.382615,0.769585,2.896846,0.338594
0.244221,0.835619,-10.365027,0.794486,2.676199,0.331936
0.088590,0.644073,-9.682645,0.788894,2.619606,0.268019
0.203518,0.670411,-9.141528,0.799813,2.473130,0.200773
0.004789,0.715903,-8.047322,0.847484,2.031305,0.183995
-0.057464,0.665622,-7.173394,0.859335,1.696141,0.161624
-0.234644,0.790127,-6.792696,0.880907,1.343533,0.136324
0.043098,0.768578,-6.196510,0.834035,1.243131,0.021407
-0.301685,0.914632,-6.069611,0.810332,0.799308,0.007159
-0.263376,1.134909,-5.265118,0.680235,0.341237,-0.052364
-0.150842,1.027165,-4.984982,0.531229,0.022852,-0.025199
-0.172391,1.307301,-4.951461,0.403528,-0.404193,0.128201
-0.172391,1.472509,-5.207654,0.198062,-0.924316,0.271481
-0.277742,1.403074,-5.590746,-0.212204,-1.322465,0.359633
-0.442950,1.374342,-6.134257,-0.747507,-1.703436,0.476548
-0.651256,1.448566,-6.591573,-1.239800,-1.974416,0.628217
-0.835619,1.913065,-7.223675,-1.561781,-2.399197,0.737275
-0.885900,2.387141,-8.483088,-2.017189,-2.862461,0.668698
-1.436594,1.881938,-10.084891,-2.550761,-3.379255,0.521556
-2.078273,1.848418,-10.932482,-2.702164,-3.572604,0.314226
-2.174046,2.813330,-12.855124,-2.542639,-3.913094,0.042446
-2.478125,2.535589,-13.944541,-2.276984,-4.311908,-0.255832
-2.772627,2.573898,-14.356365,-2.209206,-4.311908,-0.649853
-2.705586,3.660921,-15.472119,-1.945415,-4.268631,-1.004725
-1.901093,2.923469,-15.395501,-1.280015,-4.194328,-1.189950
-1.336033,2.616996,-15.582258,-0.798774,-3.789122,-1.271977
-1.094206,3.668104,-16.061123,-0.497433,-3.271529,-1.290886
-0.124505,4.374429,-16.422667,-0.262139,-2.806267,-1.257995
0.225066,3.830918,-15.321278,0.190073,-2.304787,-1.151467
0.498019,3.352053,-14.758612,0.680901,-1.715154,-0.949064
0.545906,3.349659,-14.253409,1.166136,-1.282916,-0.636537
1.225894,3.285012,-13.920598,1.527000,-1.115534,-0.205764
1.520396,3.914719,-12.646818,1.799978,-0.877444,0.544726
1.474903,3.670498,-11.796833,1.782534,-0.573040,1.060189
1.647295,3.033608,-11.080930,1.439647,-0.265839,1.416392
0.366332,3.469375,-11.705849,0.851612,-0.028282,1.129432
0.289713,3.014454,-11.918943,0.385552,0.065862,0.539400
0.677594,1.699970,-12.340344,-0.040827,0.429922,-0.051299
1.019982,1.357581,-12.610903,-0.286108,0.955238,-0.474615
1.316878,1.355187,-13.068219,-0.311941,1.412111,-0.694195
1.338427,1.252231,-13.350749,-0.182909,1.713585,-0.605910
1.556310,1.166036,-13.623702,0.002583,1.924644,-0.327606
1.307301,1.376736,-13.963696,0.191804,2.119457,-0.060753
1.118149,1.549127,-14.174397,0.379559,2.527859,0.030994
1.122938,1.213922,-14.559882,0.487952,2.936261,0.054031
0.897871,1.084629,-14.614952,0.479163,3.344796,0.058958
0.591398,1.094206,-15.029170,0.448936,3.603526,-0.000964
0.438161,1.084629,-15.211139,0.498605,3.799138,-0.119343
0.366332,0.742240,-15.120154,0.613921,3.940687,-0.245180
0.351966,0.610553,-14.502419,0.689023,3.980369,-0.283530
0.217883,0.227461,-14.188763,0.823781,3.836157,-0.259295
0.359149,0.308868,-13.446522,0.956542,3.848807,-0.258762
0.251404,0.464499,-12.914982,1.111940,3.524695,-0.273942
0.337600,0.232249,-12.014716,1.202089,3.274088,-0.280334
0.323234,0.086196,-10.966002,1.214340,3.055972,-0.263423
0.378303,0.043098,-9.689828,1.220599,2.814020,-0.245180
0.445344,-0.038309,-9.062515,1.161609,2.598967,-0.179798
0.402246,0.205912,-7.807889,1.056812,2.336774,-0.099503
0.272953,0.213095,-6.960299,0.965331,2.025313,-0.022003
0.011972,0.486048,-6.450308,0.820453,1.580026,0.114619
-0.100562,0.636890,-6.170172,0.678770,1.326222,0.114086
-0.263376,0.830830,-5.720039,0.580898,0.853637,0.104366
-0.227461,1.103783,-5.322582,0.545077,0.306483,0.193716
-0.423795,1.391102,-4.929913,0.413915,-0.369039,0.215821
-0.181969,1.024770,-4.996953,0.065834,-0.718051,0.171611
0.062252,0.828436,-5.250752,-0.283844,-0.851078,0.189455
0.026338,0.938575,-5.708068,-0.518073,-1.246563,0.301043
0.059858,1.233077,-6.486223,-0.802369,-1.715021,0.376412
0.038309,1.328850,-7.204520,-1.231677,-2.295599,0.375613
-0.057464,1.051108,-7.760003,-1.817182,-2.628632,0.365626
-0.107745,0.670411,-8.650692,-2.322125,-2.692282,0.309166
-0.411824,0.854774,-10.247705,-2.777666,-2.857135,0.220082
-0.778155,1.767011,-11.782467,-3.012161,-3.132243,0.010621
-0.955335,2.736712,-13.922993,-2.983798,-3.777004,-0.267417
-1.051108,4.053590,-16.185629,-2.620138,-4.311908,-0.633741
-1.142092,3.926691,-15.874366,-2.157406,-4.311908,-1.132425
-1.977711,3.596274,-17.088287,-1.809992,-4.311908,-1.577180
-1.709547,3.814158,-16.487312,-1.225286,-4.311908,-2.015010
-0.838013,3.665709,-15.476909,-0.976676,-4.311908,-2.222341
-0.488442,4.486963,-15.443388,-1.085335,-3.967557,-2.217414
-0.759001,5.971443,-16.113798,-1.050447,-3.229184,-2.072402
-1.501241,5.559619,-16.518438,-0.620606,-3.262740,-1.790769
-0.826042,4.099082,-14.780160,-0.102746,-3.128248,-1.607674
0.438161,3.258675,-13.968485,0.297400,-1.910633,-1.347079
2.166863,1.671238,-14.100172,0.925249,-1.275193,-0.328138
1.460537,2.542772,-12.864701,1.338845,-0.381289,0.880955
0.062252,3.335293,-12.998783,1.699309,-0.099789,1.356203
-0.383092,4.084716,-11.667540,1.808500,0.142296,1.367123
-0.505202,3.404728,-11.404163,1.555763,0.391572,1.040747
-0.459710,1.889121,-10.836709,1.071326,0.462812,0.796265
-0.088590,1.319272,-10.750513,0.493678,0.708626,0.660842
-0.079013,1.233077,-11.124028,-0.053877,1.083738,0.534206
-0.421401,1.549127,-11.588527,-0.469869,1.599600,0.347250
-0.593792,2.068696,-13.405818,-0.669209,2.022383,0.095044
-0.646467,3.196422,-13.760179,-0.453623,1.909597,-0.103764
0.112533,2.842062,-13.578210,-0.215000,2.281247,-0.270214
0.457316,2.523617,-14.236649,-0.103412,2.758359,-0.239054
0.457316,2.688826,-14.447350,0.020027,3.216563,0.035389
0.244221,2.992905,-14.835230,0.129085,3.495533,0.389994
0.059858,3.670498,-15.187195,0.290475,3.728031,0.627019
-0.335205,3.931479,-15.464937,0.459722,3.784091,0.751524
-0.270559,3.596274,-15.153675,0.715789,3.842682,0.744067
-0.138871,2.779810,-14.892694,0.910069,4.061996,0.631546
-0.205912,2.806147,-14.298902,1.020059,3.885559,0.590000
0.074224,2.236298,-13.635674,1.115269,3.766780,0.546590
0.289713,1.735885,-12.845547,1.167335,3.833627,0.464830
0.019155,1.958557,-12.589354,1.249494,3.406849,0.459237
0.119716,2.083062,-11.641202,1.435918,3.076345,0.315424
-0.059858,1.326455,-10.331507,1.510621,2.794845,0.110091
0.179574,0.905054,-9.304342,1.488117,2.699236,-0.040513
0.071830,0.723086,-8.396894,1.476133,2.203082,-0.051565
0.189152,0.962518,-7.194943,1.357221,1.840487,-0.097638
0.122111,0.751818,-6.230030,1.114337,1.678431,-0.156895
-0.019155,0.861957,-5.961866,0.875847,1.292932,-0.114416
-0.150842,1.189979,-5.262723,0.682632,0.860828,-0.085388
-0.344783,1.678421,-4.958644,0.455594,0.254550,-0.097771
-0.361543,1.534762,-4.506117,0.140670,-0.201923,-0.164085
-0.088590,1.276175,-4.585130,-0.177316,-0.441344,-0.150103
-0.021549,1.479692,-5.133430,-0.416871,-0.852543,-0.126001
0.153237,1.893910,-5.801446,-0.595838,-1.279853,-0.158626
0.201123,1.805320,-6.347352,-0.863490,-1.678402,-0.176203
0.421401,1.793348,-6.548475,-1.153646,-2.059373,-0.110289
0.442950,1.783771,-7.250012,-1.479622,-2.430490,-0.024267
0.390275,2.059118,-8.423231,-1.930235,-2.748476,0.004629
-0.177180,2.224327,-9.160683,-2.360476,-2.840490,-0.043842
-0.201123,2.935441,-10.827132,-2.640245,-2.990295,-0.108424
-0.502808,3.275435,-12.579777,-2.429319,-3.590580,-0.183660
-0.773367,3.004876,-14.535939,-1.986961,-4.311908,-0.313491
-0.586609,3.028820,-14.157636,-1.740615,-4.311908,-0.580876
-0.466893,2.655305,-13.693137,-1.612249,-3.825075,-0.844001
-0.232249,2.777416,-14.610164,-1.319563,-3.486982,-0.885280
-0.383092,3.129381,-15.160858,-1.168027,-3.669278,-0.801389
-0.845196,3.795003,-15.625357,-1.081872,-3.681662,-0.896865
-0.993644,3.727962,-15.814508,-0.839255,-3.794182,-1.049866
-0.842802,3.804580,-15.156069,-0.417004,-3.919486,-1.121373
-0.706325,4.077533,-14.227072,-0.162802,-3.364608,-1.204465
-0.433373,4.309783,-13.420184,0.058644,-2.611721,-1.216183
-0.284925,3.701624,-12.907799,0.334019,-2.099454,-1.033088
0.028732,3.639372,-12.359499,0.654535,-1.846849,-0.760909
0.481259,4.451048,-12.196685,0.818721,-1.263608,-0.557573
1.101389,4.302600,-12.412174,0.942693,-0.766788,-0.111087
0.723086,5.004137,-12.467243,0.909403,-0.388347,0.160426
0.239432,5.020897,-11.997956,0.790625,-0.301793,0.329273
0.181969,4.534849,-11.691483,0.492879,0.064664,0.243118
-0.021549,4.295417,-11.545429,0.139871,0.472666,0.147776
0.086196,3.933874,-11.847114,-0.177715,1.006505,0.164154
-0.088590,3.715990,-12.311612,-0.336975,1.465641,0.261361
-0.253798,3.644161,-13.063430,-0.249356,1.897612,0.330871
-0.560272,4.115842,-13.448916,-0.027511,2.290301,0.341257
-0.122111,3.866833,-13.719475,0.199927,2.565277,0.431140
0.205912,3.478952,-13.867923,0.378228,2.879135,0.608643
0.586609,3.431066,-14.531151,0.524038,3.279414,0.790673
0.430978,3.469375,-14.806498,0.624441,3.565842,0.926895
0.344783,3.584303,-14.854384,0.715789,3.933896,1.002397
0.035915,3.610640,-15.771410,0.808069,3.965588,1.063384
-0.189152,3.823735,-15.836057,0.991297,3.831230,0.998402
-0.131688,3.529233,-16.336472,1.199027,3.598067,0.885216
-0.217883,2.303339,-14.128904,1.357887,3.377820,0.777756
-0.275347,1.716730,-13.068219,1.505428,3.412042,0.622225
-0.258587,1.704759,-12.275698,1.503830,3.275819,0.510371
-0.023943,2.135737,-11.138393,1.407688,3.188067,0.334200
0.265770,1.424623,-10.312352,1.195165,3.161302,0.218617
0.141265,1.115755,-9.653913,0.997955,2.913757,0.222479
-0.016760,1.290540,-8.813505,0.868790,2.429853,0.196246
0.088590,1.280963,-8.260417,0.885035,2.131708,0.062953
0.256193,1.206739,-7.194943,0.916594,2.003208,-0.092445
0.421401,0.890688,-6.819034,0.929644,1.772575,-0.146641
0.517174,1.142092,-6.450308,0.904343,1.238869,-0.088983
0.684777,1.386313,-5.667364,0.752674,0.838191,-0.038648
0.545906,1.201951,-4.690480,0.489550,0.577596,-0.032124
0.488442,1.043925,-4.496540,0.118566,0.284245,-0.025332
0.392669,1.388708,-4.656960,-0.152815,-0.067431,0.034723
0.337600,1.992077,-4.956250,-0.275854,-0.536953,0.032859
0.205912,2.099822,-5.123853,-0.431785,-1.039366,-0.006290
0.198729,2.219538,-5.552437,-0.725270,-1.356687,-0.081126
0.263376,2.389535,-6.098342,-1.040859,-1.528996,-0.188320
0.196335,2.169257,-6.878892,-1.302119,-1.895852,-0.225605
0.136476,2.257847,-7.434375,-1.517306,-2.366706,-0.199373
-0.095773,2.190806,-8.360978,-1.794678,-2.625436,-0.235592
-0.419007,2.839668,-10.101652,-2.036763,-2.837826,-0.457437
-0.893083,3.795003,-10.968397,-2.017588,-3.128248,-0.898596
-1.034348,3.431066,-11.926126,-1.882164,-3.620541,-1.348944
-0.873928,3.660921,-13.487226,-1.794146,-4.264370,-1.535634
-0.557877,3.064734,-13.446522,-1.708390,-4.279018,-1.587034
-0.198729,2.415873,-14.148059,-1.565776,-3.501763,-1.683042
-0.335205,2.746289,-14.880722,-1.313704,-3.173656,-1.653347
0.371120,4.463019,-16.891954,-0.950843,-3.227852,-1.539496
0.816464,6.014541,-17.701235,-0.497033,-3.271928,-1.582906
1.295329,5.528493,-16.681253,0.060242,-3.129713,-1.670259
1.841235,4.530060,-15.769016,0.713658,-2.844351,-1.585569
1.881938,3.337687,-14.823258,1.301427,-2.397732,-1.390756
2.054330,3.356842,-14.114538,1.633262,-1.892123,-1.083822
2.372775,4.520483,-13.365115,1.724077,-1.109409,-0.782880
3.162902,4.154151,-13.307652,1.798913,-0.698610,-0.271679
3.103044,3.531627,-12.893434,1.774944,-0.648808,0.453644
2.521223,3.634583,-11.456839,1.545376,-0.417908,0.987750
1.944191,3.136564,-11.432896,1.241771,-0.278756,1.052332
1.307301,2.549955,-10.719387,0.810865,-0.108045,0.919705
1.017588,2.186018,-11.049804,0.164506,0.164001,0.713040
0.797310,2.403901,-11.483176,-0.374127,0.472933,0.397185
0.651256,2.224327,-11.842325,-0.753100,0.805966,0.116350
0.430978,2.327283,-12.285275,-0.943785,1.007837,-0.049168
0.399852,2.894737,-12.917377,-0.928871,1.124219,-0.187388
0.589004,3.021636,-13.171175,-0.893984,1.422897,-0.311627
1.000827,2.964173,-13.333989,-0.932334,2.048616,-0.341588
1.410257,2.681643,-13.922993,-0.938725,2.594705,-0.156761
1.484481,2.990510,-14.612557,-0.801837,2.979671,0.127802
1.357581,3.237126,-14.993255,-0.533519,3.452389,0.354041
1.383919,3.732751,-15.438600,-0.334977,3.869047,0.520890
1.113361,3.955423,-16.152107,-0.028709,3.908729,0.708513
1.053502,3.790215,-15.270997,0.347468,3.940687,0.861647
1.101389,3.122198,-14.705936,0.606331,3.959197,1.020640
0.979278,2.959384,-13.970879,0.696614,3.926306,1.156996
0.806887,3.059946,-13.511168,0.726575,3.736420,1.178302
0.589004,2.925864,-12.776112,0.911268,3.521233,1.041413
0.584215,2.454182,-12.242177,1.113405,3.281013,0.850062
0.550694,1.953768,-10.843892,1.289442,3.008966,0.678951
0.543512,1.551522,-9.553351,1.370537,2.713484,0.592530
0.718297,1.415045,-8.420836,1.372401,2.468603,0.548321
0.763789,1.276175,-7.424798,1.275061,2.372461,0.509305
0.691960,1.249837,-6.730444,1.163207,1.970984,0.507042
0.620130,1.228288,-5.902008,1.053749,1.575099,0.454843
0.512385,1.194767,-5.408777,0.901014,1.201318,0.341790
0.514780,1.290540,-5.006531,0.704870,0.914758,0.177737
0.687171,1.295329,-4.479780,0.536955,0.458551,0.088120
0.447739,1.288146,-3.907536,0.354392,0.022186,-0.100834
0.806887,1.237865,-3.658527,0.041466,-0.330156,-0.227070
0.917026,1.518001,-3.751905,-0.268264,-0.616583,-0.237723
1.271386,2.071090,-4.264290,-0.589979,-1.048688,-0.164618
1.297723,2.178835,-4.810196,-0.917686,-1.531925,-0.112819
1.321667,2.286579,-5.684124,-1.240333,-2.016362,-0.077664
1.230682,2.631362,-6.486223,-1.526760,-2.307716,-0.120941
1.194767,2.619390,-7.824650,-1.865120,-2.660590,-0.157294
1.144487,2.885160,-8.569284,-2.099349,-3.050616,-0.189252
0.770972,2.485308,-9.510254,-2.253681,-3.282581,-0.248642
0.395063,2.502068,-11.385009,-2.409612,-3.466342,-0.293783
0.100562,3.289801,-13.128077,-2.393100,-3.640649,-0.422815
-0.124505,3.404728,-14.152847,-2.136367,-3.813224,-0.556242
-0.565060,4.326543,-16.097038,-1.725568,-4.298992,-0.543725
-0.926603,4.625834,-17.516872,-1.034600,-4.311908,-0.506307
-0.737452,2.367986,-14.315661,-0.331116,-4.311908,-0.565962
-0.081407,0.586609,-13.044275,-0.023782,-4.311908,-0.589532
-0.423795,2.169257,-14.334816,0.051986,-3.352890,-0.581675
-0.938575,4.115842,-15.132126,-0.031772,-3.032506,-0.709775
-0.991250,4.515695,-15.026775,-0.101814,-2.916125,-0.956121
-0.778155,4.132603,-14.480869,0.050255,-2.904007,-1.140282
0.172391,3.560359,-13.750601,0.127754,-2.427294,-1.305400
0.488442,2.992905,-13.705109,0.140937,-1.883468,-1.312058
0.876322,2.877977,-13.089767,0.234282,-1.291571,-1.214585
1.884333,3.340081,-13.702715,0.410453,-0.761328,-0.947599
1.350399,5.614689,-14.198339,0.634827,-0.386483,-0.685141
1.429411,5.102304,-14.023554,0.825379,-0.540682,-0.490860
1.680815,3.402334,-12.919770,0.841492,-0.382221,-0.266219
1.427017,2.375169,-11.511909,0.643616,0.216999,-0.006956
1.257020,1.994472,-11.260505,0.205386,0.929405,0.293852
0.529146,2.097428,-12.424146,-0.260142,1.444602,0.593329
-0.375909,2.956990,-13.243005,-0.326056,1.563780,0.756450
-0.833225,3.368814,-13.413001,-0.182776,1.752335,0.598389
-0.919420,2.391929,-13.623702,0.038803,2.127979,0.349247
-0.794915,2.255453,-13.389058,0.261979,2.356349,0.274944
-0.672805,2.066301,-12.771322,0.368507,2.616410,0.293453
-0.737452,2.435027,-13.547084,0.310050,2.720275,0.414229
-0.512385,2.729529,-13.630885,0.260781,3.128810,0.353109
-0.457316,2.305734,-14.253409,0.320436,3.553458,0.200773
-0.648862,2.284185,-14.262986,0.512853,3.288469,0.215687
-0.062252,2.363198,-13.822431,0.568780,3.297924,0.164820
0.009577,2.391929,-13.748207,0.444408,3.310308,0.103833
0.210700,2.346437,-13.465676,0.355058,3.333211,0.019276
0.213095,2.023204,-12.919770,0.336149,3.336008,-0.060220
0.258587,1.671238,-12.148799,0.375432,3.383945,-0.104163
0.466893,1.699970,-12.043448,0.486221,3.460512,-0.190051
0.234644,1.762222,-11.564584,0.656266,2.932932,-0.135056
0.095773,1.699970,-10.094469,0.750410,2.452890,-0.074468
0.045492,1.211528,-9.213358,0.766256,2.262338,-0.067544
-0.076618,1.376736,-8.234079,0.795019,1.958999,-0.058223
-0.153237,1.163641,-7.403249,0.840427,1.523299,-0.020672
-0.177180,1.146881,-6.309043,0.823249,1.031539,0.061621
-0.342388,1.221105,-5.652998,0.746549,0.681728,0.119279
-0.419007,1.438989,-5.411171,0.567182,0.445102,0.164021
-0.668016,1.843629,-5.279484,0.438283,0.169328,0.111823
-0.533934,1.838841,-4.898786,0.283684,-0.205651,0.003563
-0.545906,1.704759,-5.083149,0.087406,-0.650406,-0.071139
-0.423795,1.817292,-5.073572,-0.156410,-1.140302,-0.087385
-0.584215,1.582648,-5.198077,-0.377988,-1.353890,-0.105228
-0.617736,1.652083,-5.911585,-0.598634,-1.521006,-0.100035
-0.708720,1.905882,-6.775936,-0.826738,-1.834066,-0.069275
-0.897871,2.411084,-7.719300,-1.072019,-2.063767,-0.081792
-1.230682,2.367986,-8.576468,-1.247657,-2.260977,-0.115881
-1.374342,2.190806,-9.031389,-1.260174,-2.586953,-0.107359
-1.802926,2.803753,-10.329112,-1.169092,-3.183643,-0.069542
-2.367986,3.378391,-11.873451,-1.232077,-3.665017,-0.146641
-2.801359,3.704019,-12.735408,-1.311840,-4.143727,-0.259295
-2.693614,2.966567,-12.567805,-1.164831,-4.311908,-0.440126
-3.265857,2.415873,-13.001178,-0.869083,-4.311908,-0.527213
-3.914719,2.928258,-13.822431,-0.760823,-4.311908,-0.661172
-4.067956,3.988943,-14.638895,-0.817017,-4.059836,-0.868901
-4.149363,4.003309,-15.103394,-0.690382,-4.311908,-1.008054
-3.620217,4.125420,-15.747467,-0.630193,-4.311908,-0.991808
-2.432633,5.035263,-16.393934,-0.586916,-3.900843,-1.071571
-1.750251,4.786253,-16.554354,-0.273724,-3.203750,-1.072636
-1.374342,3.557965,-15.448176,0.250261,-2.710659,-0.911646
-1.230682,2.619390,-13.721869,0.661992,-1.952711,-0.629613
-1.563493,2.504462,-12.840758,0.956942,-1.440578,-0.166882
-1.431806,2.626573,-12.287669,1.403561,-1.375196,0.332868
-1.647295,2.892343,-12.062603,1.587055,-1.020191,0.560705
-0.900266,3.093466,-11.576555,1.533924,-0.972387,0.852326
-1.642506,3.074312,-11.195858,1.187042,-0.438415,0.753654
-1.891516,1.783771,-10.932482,0.660794,-0.049987,0.561371
-1.836446,0.684777,-11.040227,-0.050947,0.617811,0.297714
-2.375169,0.766184,-11.895000,-0.523665,1.017291,0.068545
-2.363198,1.381525,-12.644423,-0.670408,1.488944,-0.286060
-2.092639,1.951374,-13.353144,-0.663350,2.014926,-0.481938
-1.910670,1.898699,-13.671588,-0.490775,2.359012,-0.382068
-1.388708,2.217144,-13.537506,-0.242298,2.614946,-0.127999
-0.852379,2.382352,-14.033132,-0.127514,3.459314,-0.006290
-1.108572,2.684037,-15.268602,-0.095289,3.861324,0.305970
-1.831658,3.941057,-15.883944,-0.019388,3.558518,0.672959
-1.575465,4.393584,-15.986899,0.146130,3.967985,0.584008
-1.925036,3.486135,-16.930264,0.389547,4.208606,0.388795
-1.853207,3.593880,-16.211966,0.749079,3.924309,0.330738
-1.213922,3.117409,-15.340432,0.791024,4.213932,0.239523
-1.290540,2.731923,-14.648473,0.642551,4.272522,0.338061
-0.744635,2.911498,-13.925386,0.436019,4.414738,0.311962
-1.089417,2.233904,-13.520746,0.286347,4.414738,0.371085
-1.316878,2.535589,-12.795266,0.206851,3.922045,0.413830
-1.328850,2.655305,-12.299641,0.328826,3.627095,0.214489
-1.333638,2.494885,-11.145576,0.667585,3.109502,0.028731
-1.089417,1.937008,-9.608421,0.930043,2.639447,-0.006823
-0.907449,1.637717,-7.939578,0.996890,2.094556,0.127535
-0.634496,1.285752,-6.419182,0.928978,1.879236,0.275476
-0.742240,1.532367,-5.506945,0.807935,1.647804,0.401313
-0.871534,1.635323,-4.814985,0.670248,1.298259,0.485203
-0.773367,1.599408,-4.364852,0.500735,0.989194,0.535937
-1.166036,1.862784,-3.818946,0.331089,0.599168,0.493592
-0.900266,1.886727,-4.010492,0.154253,0.253884,0.359500
-0.732663,2.174046,-4.084716,0.058111,-0.169565,0.246980
-0.660833,2.315311,-4.577947,-0.039495,-0.654933,0.150306
-0.567455,2.322494,-4.872449,-0.145091,-1.143764,0.059357
-0.330417,2.444604,-5.399200,-0.351356,-1.456157,-0.057291
-0.277742,2.423056,-6.093554,-0.731262,-1.605030,-0.122007
-0.344783,2.090245,-6.558053,-1.170157,-1.836862,-0.067544
-0.804493,2.030386,-8.028168,-1.433282,-2.525566,0.150838
-1.295329,2.631362,-9.105613,-1.494402,-3.293234,0.271615
-1.908276,2.564321,-10.338690,-1.649001,-3.608157,0.178136
-2.468548,3.622612,-11.827959,-1.706260,-4.113899,0.052034
-2.897132,4.460625,-14.128904,-1.391336,-4.311908,-0.147307
-3.536416,2.767838,-13.523140,-1.238335,-4.311908,-0.280201
-3.622612,2.085456,-12.522313,-1.426224,-4.311908,-0.388726
-3.387968,3.883593,-13.975667,-1.572035,-4.311908,-0.406437
-3.941057,4.015281,-15.498457,-1.442470,-4.311908,-0.343585
-4.659354,4.249925,-16.025209,-1.426358,-4.311908,-0.373013
-4.668931,4.826957,-16.360415,-1.522366,-4.125884,-0.712305
-4.111054,4.486963,-16.753082,-1.345529,-3.489112,-1.188352
-3.352053,4.254713,-16.743505,-0.900109,-3.256748,-1.431636
-2.660094,4.400767,-15.661271,-0.367069,-2.737823,-1.594890
-2.346437,3.469375,-14.928608,0.113772,-2.217434,-1.409132
-1.563493,2.715163,-13.662011,0.416711,-1.992793,-0.998333
-0.612947,2.710374,-13.460888,0.653337,-1.692250,-0.614566
-0.689565,4.163729,-13.664406,0.781303,-0.993692,-0.391789
0.021549,4.690480,-13.566238,0.683697,-0.472903,-0.184991
0.639284,3.361630,-13.319623,0.506461,0.038165,0.256967
-0.612947,4.036830,-13.029909,0.164772,0.676801,0.555246
-1.747856,4.020070,-13.415396,-0.060801,0.986797,0.478146
-2.274607,3.732751,-13.104134,-0.211272,1.525963,0.256701
-2.698403,3.620217,-13.343566,-0.372662,2.290301,0.030062
-2.968961,3.931479,-13.614124,-0.293165,2.670607,-0.049434
-2.679248,4.067956,-13.238215,-0.116595,2.874475,0.079198
-2.186018,3.969789,-13.372298,-0.078778,3.398992,0.294385
-2.255453,3.809369,-13.630885,-0.090629,3.814718,0.636473
-2.126159,3.581908,-14.078624,-0.043357,4.222188,0.867639
-2.549955,3.847678,-14.641290,0.083545,4.352419,1.004261
-2.004049,4.067956,-14.698753,0.304191,4.414738,0.877493
-1.664055,3.495713,-15.836057,0.432025,4.414738,0.855788
-1.721519,3.897959,-15.527189,0.841359,4.340301,0.863911
-1.336033,3.665709,-14.198339,1.255220,4.327251,0.625687
-0.849985,2.650516,-14.193551,1.561222,4.414738,0.439529
-0.378303,2.006443,-12.752168,1.704369,4.218992,0.504378
0.373515,1.292935,-11.930915,1.543778,4.127911,0.636873
0.004789,1.647295,-10.937271,1.443109,3.648667,0.741137
0.134082,1.790954,-10.314747,1.371469,3.477157,0.611040
0.122111,1.642506,-9.455184,1.307419,2.854900,0.499052
0.196335,1.130121,-7.930000,1.206750,2.415871,0.386931
0.462104,0.560272,-6.802274,1.066932,2.354218,0.329273
0.524357,0.924209,-6.514955,0.944824,2.104943,0.314359
0.483653,1.769405,-5.734405,0.819787,1.722241,0.313027
0.694354,1.874756,-5.499762,0.624707,0.907700,0.381738
0.136476,1.937008,-4.958644,0.331089,0.563348,0.252573
0.110139,2.375169,-4.743155,0.240274,0.227385,0.013684
0.287319,2.499674,-4.731184,0.273564,-0.241338,-0.132393
0.409429,2.121371,-4.415133,0.223363,-0.834300,-0.137187
0.627313,2.145314,-4.685691,0.002184,-1.443907,-0.090980
0.696748,1.927431,-4.946673,-0.471600,-1.813426,-0.075800
0.821253,2.018415,-5.298638,-0.966556,-1.904907,-0.064348
0.694354,1.992077,-6.400027,-1.325289,-2.113702,-0.071539
0.529146,2.059118,-7.309870,-1.722372,-2.399996,-0.074735
0.323234,2.430238,-8.624354,-2.106140,-2.743283,-0.072072
0.263376,2.590658,-9.517437,-2.085633,-2.965926,-0.194446
-0.062252,2.379958,-11.056987,-1.924110,-3.291769,-0.303371
-0.589004,2.533195,-12.642029,-1.766715,-3.550899,-0.470353
-0.603370,3.170084,-13.288497,-1.659254,-3.780334,-0.634806
-0.304079,2.485308,-13.683560,-1.451924,-3.713088,-0.754251
-0.816464,2.037570,-15.057901,-1.269628,-4.240668,-0.616297
-1.216316,2.736712,-16.911108,-1.170956,-4.311908,-0.363958
-1.403074,3.124593,-16.142530,-1.056572,-4.311908,-0.132659
-2.018415,2.571504,-15.615779,-0.895581,-4.311908,-0.057557
-2.581081,3.529233,-15.508035,-0.603029,-4.311908,-0.131994
-3.349659,4.199644,-15.235082,-0.201551,-4.311908,-0.437063
-2.751078,2.755867,-14.409040,0.291940,-4.019222,-0.807115
-1.857995,1.130121,-13.207089,0.571310,-2.950613,-0.860246
-1.503635,2.152497,-13.439339,0.422703,-2.312909,-0.544257
-1.043925,3.512473,-13.700320,0.199261,-1.650837,-0.281133
-0.938575,3.761482,-14.042708,-0.002610,-1.171328,-0.130129
-0.948152,3.909931,-13.846374,-0.066394,-0.889828,-0.054628
-0.737452,3.986549,-13.724263,-0.167728,-0.356122,-0.153832
-0.696748,3.780637,-13.968485,-0.168927,0.141231,-0.109223
-1.197162,4.400767,-13.616519,-0.190499,0.737122,-0.133858
-1.240260,4.063167,-13.353144,-0.208342,1.394267,-0.157294
-1.199556,3.617823,-13.499197,-0.223123,2.113997,-0.182861
-1.618563,3.754300,-13.731446,-0.208875,2.594839,-0.059288
-1.589831,4.343303,-13.803276,-0.132441,3.040658,0.062953
-1.450960,4.115842,-13.867923,-0.136968,3.505254,0.235661
-1.527578,3.881199,-14.181580,-0.182909,3.987427,0.472154
-1.520396,3.792609,-14.708330,-0.100749,4.405949,0.602517
-1.472509,4.235559,-15.314095,-0.000080,4.414738,0.676155
-1.412651,4.767098,-15.785776,0.204188,4.414738,0.714771
-0.948152,4.297811,-15.369164,0.481294,4.414738,0.717301
-0.165208,4.491751,-14.547911,0.524438,4.414738,0.741403
-0.169997,4.644988,-13.611731,0.493545,4.414738,1.001199
-0.090984,3.931479,-14.452138,0.771583,4.414738,1.187623
0.627313,3.086283,-13.487226,1.053616,4.414738,1.223043
0.541117,2.717557,-12.833575,1.336714,4.414738,1.323979
0.536328,3.227548,-11.181492,1.307952,3.732425,1.478977
0.656045,2.801359,-10.412913,1.064002,3.477956,1.392689
0.500414,2.497280,-9.222935,1.001151,3.231477,1.237158
0.146054,2.111794,-8.904490,1.185711,2.663682,1.101735
0.122111,2.013626,-7.635499,1.421670,2.164199,0.956990
0.095773,1.673632,-6.562841,1.607695,1.664582,0.836080
0.347177,1.867573,-5.614689,1.687591,1.162436,0.725025
0.052675,1.848418,-4.439076,1.526068,0.853371,0.446187
0.035915,1.659266,-3.948240,1.196896,0.323793,0.195048
0.366332,1.980106,-3.577120,0.765324,-0.274095,0.011420
0.668016,1.970528,-3.165296,0.260914,-0.609526,-0.209626
0.859562,1.518001,-2.971356,-0.216332,-0.880906,-0.279801
1.022376,1.422228,-3.862044,-0.746176,-1.208213,-0.225738
1.120543,2.035175,-4.850900,-1.225153,-1.633127,-0.209093
1.070263,2.329677,-5.629055,-1.507452,-2.129947,-0.296180
1.005616,2.190806,-6.716078,-1.694009,-2.452195,-0.454241
0.842802,1.975317,-7.941972,-1.756062,-2.625702,-0.697524
0.306473,1.781377,-6.258762,-2.109202,-2.871782,-0.984484
0.620130,2.842062,-9.304342,-2.410943,-3.164868,-1.236690
0.093379,3.589091,-10.649952,-2.493502,-3.523734,-1.659606
-0.074224,3.668104,-11.883029,-2.702963,-3.592977,-2.168544
-0.057464,4.041618,-12.493581,-2.840118,-3.635189,-2.340454
-0.102956,4.556398,-13.345961,-2.691911,-3.640116,-2.289187
-0.469287,4.367247,-14.037920,-2.291898,-3.757696,-2.203166
-0.890688,5.341736,-14.763400,-1.872577,-3.619742,-2.239918
-1.003222,6.768753,-15.381136,-1.271359,-3.437579,-2.398112
-0.871534,6.682558,-14.938186,-0.552295,-3.615881,-2.486930
-0.615341,6.926778,-14.531151,-0.103013,-3.610022,-2.366686
-0.304079,7.355362,-14.591008,0.375298,-3.251821,-2.040710
-0.292107,6.373690,-13.683560,0.936834,-3.016927,-1.522984
-0.004789,6.177355,-13.135260,1.416078,-2.815722,-1.081691
0.299290,7.295504,-13.123288,1.614619,-2.380155,-0.764371
0.474076,7.783947,-13.422579,1.503297,-2.151786,-0.397248
1.429411,6.869315,-13.300468,1.260280,-1.904774,-0.076865
1.345610,7.391277,-12.543862,1.069196,-1.251757,0.181865
0.878717,7.204520,-13.032304,0.869322,-0.522705,0.035788
0.653650,6.426365,-12.416963,0.647744,0.011666,-0.073004
0.744635,6.134257,-12.036265,0.137341,0.578395,-0.002695
0.624918,5.588352,-12.218234,-0.337774,1.141663,0.269617
0.505202,5.171739,-12.598931,-0.610486,1.832497,0.559507
0.419007,5.047235,-13.803276,-0.537381,2.384845,0.782816
0.222672,5.669758,-14.567065,-0.223123,2.759291,0.916376
0.375909,5.952289,-14.622135,0.199128,3.162101,1.026499
1.036742,5.200471,-14.423406,0.459056,3.656923,1.333833
0.950547,4.609073,-15.069874,0.564519,3.868515,1.792303
0.589004,5.231597,-14.964523,0.674509,4.092756,2.039581
0.677594,5.272301,-15.608596,0.780504,4.414738,1.983521
0.725480,5.111881,-15.939013,0.928845,4.414738,1.958353
0.632101,4.443865,-15.254236,1.114869,4.371327,1.855421
0.529146,3.943451,-14.380308,1.288777,4.167193,1.637438
0.414218,3.694442,-14.042708,1.428861,4.115793,1.267253
0.392669,3.205999,-12.792871,1.623408,3.735621,0.932355
0.967307,2.456576,-11.169520,1.629267,3.750002,0.647792
1.187585,1.711941,-10.513475,1.507159,3.698469,0.523553
1.292935,2.083062,-10.063342,1.402762,3.361574,0.496921
1.158853,2.162074,-9.400115,1.473470,3.135335,0.376012
1.003222,2.011232,-8.478300,1.571342,2.594972,0.273079
1.115755,1.422228,-7.326631,1.616484,2.201217,0.203836
1.103783,1.268992,-6.658614,1.665486,1.713452,0.223544
1.017588,1.628140,-5.523705,1.580397,1.215433,0.210228
0.737452,1.506030,-4.127814,1.315808,0.787457,0.190254
0.366332,0.988856,-3.435854,0.861732,0.583722,0.141251
0.411824,1.486875,-3.318533,0.405393,0.159607,0.118880
0.450133,2.118977,-3.179662,-0.062665,-0.148925,-0.091646
0.653650,1.831658,-3.404728,-0.453490,-0.546275,-0.237856
0.833225,1.699970,-3.869227,-0.739385,-0.901679,-0.252104
0.866745,1.984894,-4.728789,-0.911427,-1.426729,-0.208960
0.847591,2.399112,-5.849333,-1.152314,-2.221295,-0.171143
0.914632,2.511646,-6.287494,-1.614513,-2.883101,-0.254368
0.639284,2.171652,-6.881286,-2.016124,-3.251288,-0.447050
0.284925,1.767011,-8.116757,-2.411609,-3.360746,-0.598453
-0.081407,1.939402,-10.190242,-2.766481,-3.520405,-0.752253
-0.208306,3.835706,-10.932482,-2.819612,-3.719479,-1.085020
-0.423795,4.149363,-12.929348,-2.425857,-3.988463,-1.548018
-0.517174,4.134997,-14.626924,-1.944617,-4.311908,-1.832181
-0.462104,5.188499,-15.417050,-1.628495,-4.311908,-1.893169
-0.498019,4.970616,-15.560710,-1.243795,-4.311908,-1.813672
-0.809281,3.814158,-15.168040,-0.768014,-4.311908,-1.499548
-1.333638,5.095121,-15.788171,-0.488644,-4.311908,-1.119908
-1.824475,6.488617,-15.704370,-0.313539,-4.311908,-0.940941
-1.958557,5.688913,-15.299728,-0.290768,-4.311908,-0.830951
-2.583475,5.483001,-15.158463,-0.302886,-4.311908,-0.881951
-2.600235,6.459885,-15.223110,-0.352821,-4.311908,-1.179564
-1.699970,5.894825,-14.205523,-0.393701,-3.588183,-1.615131
-0.679988,5.111881,-13.377087,-0.484383,-2.418505,-1.956819
-0.294502,5.973838,-13.441733,-0.635253,-1.150555,-2.053360
0.881111,7.034523,-14.576643,-0.480388,-0.636957,-1.432035
0.526751,7.858171,-12.898222,-0.038164,-0.253722,-0.384598
0.129293,6.941144,-13.154414,0.059443,0.096223,0.156564
-0.466893,6.385661,-12.517525,-0.043756,0.587583,0.403843
-0.521963,6.708895,-12.699492,-0.211804,1.418902,0.363628
-0.589004,6.548475,-12.721042,-0.304750,2.222656,0.413297
-0.567455,6.024118,-13.116105,-0.298891,2.763286,0.695729
-0.392669,5.899613,-13.542295,-0.273324,3.092591,1.162056
-0.474076,6.218059,-13.501592,-0.236439,3.463042,1.651153
-0.814070,6.495800,-13.839191,-0.230047,3.896745,1.883517
-0.713508,6.711289,-14.334816,-0.153880,4.125381,1.982988
-0.993644,6.921990,-15.184801,0.070229,4.067722,2.043709
-1.125332,7.417615,-15.508035,0.544545,4.020850,1.938912
-0.718297,7.388883,-15.505640,0.944824,4.079574,1.852757
-0.337600,6.048062,-15.101000,1.323398,3.995682,1.885515
-0.567455,5.274695,-13.922993,1.647776,3.677563,1.966876
-0.083801,4.803013,-13.207089,1.788393,3.880100,1.878857
-0.141265,4.621045,-12.891039,1.769218,4.061331,1.697626
-0.201123,4.905969,-12.905405,1.797581,3.916985,1.395752
-0.122111,4.381612,-11.210223,1.831004,3.499928,1.042478
0.265770,2.813330,-9.895740,1.624074,3.700334,0.674024
0.419007,2.308128,-9.562929,1.494109,3.752666,0.416493
0.435767,2.837274,-8.763225,1.494642,3.128810,0.299711
0.826042,2.435027,-7.499022,1.333785,2.814553,0.131131
0.715903,1.786165,-7.075226,1.255220,2.237836,0.068412
0.440556,1.482086,-5.981020,1.284249,1.849009,-0.003894
0.459710,1.764617,-5.502156,1.313145,1.372562,-0.065813
0.435767,2.032781,-4.525272,1.215272,0.851374,-0.083390
0.311262,1.901093,-3.833312,0.950150,0.352556,-0.157960
0.562666,1.673632,-3.251492,0.573574,-0.219367,-0.085254
0.754212,1.393496,-3.155719,0.180485,-0.548006,0.032326
0.924209,1.805320,-3.517262,-0.133906,-0.995024,0.161358
1.031954,2.238693,-4.055984,-0.543373,-1.611955,0.222212
1.027165,2.051935,-4.764704,-1.113298,-2.086803,0.188390
1.118149,2.016021,-6.060033,-1.651664,-2.301857,0.067214
1.201951,2.628968,-7.369729,-1.958465,-2.566712,-0.160357
1.075051,2.174046,-8.334641,-1.935562,-2.871116,-0.359032
0.928998,2.324888,-9.112796,-2.025311,-3.200155,-0.491925
0.526751,2.909103,-11.061775,-1.809592,-3.898446,-0.731880
0.090984,2.557138,-11.634019,-1.380817,-4.311908,-1.095140
-0.038309,1.877150,-11.396981,-1.157640,-4.311908,-1.342951
-0.308868,2.861217,-11.464022,-1.188534,-4.301921,-1.454273
-1.216316,4.010492,-12.495975,-1.362174,-4.311908,-1.494488
-2.288974,3.912325,-12.924560,-1.543538,-4.311908,-1.691032
-2.923469,4.077533,-14.167213,-1.711187,-4.228683,-2.086118
-2.494885,6.146229,-16.027603,-1.522233,-4.026147,-2.499846
-1.357581,6.201298,-16.863222,-1.128878,-3.839590,-2.737803
-0.153237,5.925951,-16.729139,-0.681194,-3.688453,-2.690531
0.395063,6.696923,-15.701975,-0.311408,-3.110006,-2.591993
0.557877,6.378479,-14.535939,0.085942,-2.378424,-2.331798
0.244221,5.739194,-12.972445,0.339478,-1.801042,-1.771860
-0.246615,5.949894,-12.400203,0.415380,-1.253754,-1.080759
0.031126,6.179749,-13.439339,0.654136,-1.182114,-0.193647
0.864351,6.385661,-13.832008,0.912067,-1.327258,0.714638
0.574638,7.685779,-13.405818,1.048556,-0.739623,1.063917
0.335205,8.040139,-13.602153,0.988234,-0.357587,0.787210
0.462104,7.582823,-12.574988,0.537487,0.282647,0.402644
0.442950,7.187760,-12.302035,-0.196225,1.027278,0.251907
0.407035,7.012974,-12.383442,-0.849375,1.757927,0.284531
0.351966,6.661008,-13.250187,-1.211038,2.420665,0.479344
0.337600,6.974665,-13.448916,-1.226484,3.077011,0.741670
0.141265,7.250012,-13.834402,-1.126081,3.474228,1.118779
0.138871,7.242829,-14.148059,-0.963893,3.749470,1.611738
0.007183,7.513388,-14.861567,-0.795578,3.955868,2.063683
-0.016760,8.018590,-15.273391,-0.430187,4.003273,2.352108
0.126899,7.120718,-15.270997,0.059043,4.162399,2.441325
0.167603,7.240435,-15.330854,0.491680,4.201948,2.483004
-0.074224,7.185365,-14.490447,0.711528,4.204212,2.483004
0.371120,6.009752,-13.757784,0.705669,4.414738,2.433735
0.545906,5.059206,-13.152020,0.748280,4.414738,2.385398
0.342388,4.917941,-12.232600,0.902479,4.414738,2.262757
0.521963,4.460625,-11.595710,0.984239,4.256677,2.117080
0.514780,4.300205,-10.908539,1.055613,3.705394,1.953160
-0.196335,3.553176,-8.638720,1.283184,3.396196,1.692699
0.320839,3.177268,-8.978714,1.835798,2.782594,1.488831
0.514780,2.439816,-7.427192,2.311979,2.158340,1.380172
0.641679,2.413478,-6.148623,2.515181,1.639149,1.262991
0.634496,2.308128,-5.279484,2.424765,1.108639,1.072972
0.615341,1.884333,-3.818946,2.111706,0.798909,0.869503
0.725480,1.462932,-2.904315,1.551235,0.539380,0.740604
0.830830,1.355187,-2.851640,0.943892,0.302221,0.548588
1.154064,1.422228,-2.638545,0.389547,-0.081013,0.456041
1.400679,1.762222,-2.727135,-0.061200,-0.504462,0.408636
1.362370,2.047147,-2.968961,-0.432051,-0.997021,0.337129
1.333638,2.236298,-3.754300,-0.794912,-1.445238,0.223544
1.300118,2.516434,-4.726395,-1.126215,-2.030077,0.137656
1.139698,2.660094,-5.746377,-1.383480,-2.665251,0.059357
1.010405,2.356014,-6.474251,-1.635152,-3.207212,-0.082192
1.051108,2.363198,-6.847766,-1.943817,-3.202419,-0.388460
0.823647,2.691220,-8.490272,-2.399625,-2.858866,-0.711639
0.524357,3.273041,-10.321930,-2.947978,-3.211607,-0.780883
0.344783,4.000915,-12.412174,-3.074214,-3.687654,-0.949863
0.464499,3.737539,-14.124116,-2.851304,-4.093126,-1.190749
0.912237,3.950634,-15.385924,-2.565542,-4.156510,-1.424978
0.991250,4.158940,-16.329288,-2.274188,-4.208177,-1.557605
1.034348,4.015281,-16.267035,-1.933830,-4.311908,-1.521386
0.196335,3.153324,-15.321278,-1.362973,-4.311908,-1.403672
-0.993644,3.512473,-14.904665,-0.934997,-4.311908,-1.305667
-2.066301,4.668931,-14.497630,-0.777202,-4.311908,-1.361594
-2.458971,5.981020,-14.579037,-0.644042,-4.150784,-1.501678
-2.743895,5.035263,-13.769755,-0.272259,-4.181411,-1.692230
-2.530800,4.984982,-13.250187,-0.162269,-3.942256,-1.976394
-1.359976,5.959472,-13.563844,-0.170924,-2.934501,-2.189450
-0.579426,5.387228,-13.413001,-0.138034,-2.349528,-1.938310
-0.167603,4.884420,-12.998783,-0.157875,-1.891191,-1.466524
1.058291,5.746377,-13.843980,0.018829,-1.417408,-0.926693
0.888294,7.278744,-13.523140,0.249329,-0.355057,-0.446251
0.509991,6.953116,-14.258198,0.287146,-0.179419,-0.116414
-0.148448,6.637065,-12.972445,0.349465,0.130045,-0.036252
-0.411824,6.407210,-12.955686,0.240274,0.569474,-0.123738
-0.627313,6.512560,-12.778505,0.132681,0.969087,-0.140116
-0.464499,5.502156,-12.654001,0.033210,1.537414,0.076002
-0.663228,4.829351,-12.256543,-0.117128,2.006404,0.552050
-1.446172,5.253146,-12.620481,-0.321528,2.505488,0.928493
-2.102216,6.158201,-13.075401,-0.373328,2.972347,0.960185
-1.702364,6.402421,-13.221456,-0.245760,3.735621,0.778688
-1.254626,6.148623,-13.472859,-0.158407,4.405283,0.754054
-0.811676,6.036090,-14.416223,-0.116994,4.414738,1.064583
-0.385486,6.052850,-14.916636,0.046260,4.414738,1.391491
0.184363,5.746377,-14.698753,0.256386,4.414738,1.541429
0.184363,6.002570,-15.510429,0.425100,4.414738,1.732248
0.469287,6.507772,-15.285362,0.669449,4.414738,1.804287
0.713508,5.679336,-14.243832,0.945357,4.319262,1.730250
0.835619,4.656960,-13.082584,1.148559,3.956800,1.634242
0.996039,3.634583,-11.705849,1.163606,3.657856,1.586970
1.101389,2.820513,-10.388970,1.069462,3.446131,1.558340
0.962518,2.504462,-9.924472,0.985571,3.184871,1.528646
0.720691,2.662488,-8.942799,0.921521,2.779132,1.401478
0.620130,2.470942,-8.111969,0.912732,2.522799,1.137288
0.634496,2.221932,-7.566063,0.899150,2.179645,0.881754
0.632101,2.035175,-6.751993,0.954811,1.652065,0.738208
0.529146,1.865178,-5.705673,1.016065,1.131409,0.604914
0.323234,1.436594,-5.087938,0.999286,0.639116,0.469624
0.579426,1.491664,-4.285840,0.837364,0.338441,0.305437
0.323234,1.388708,-4.072745,0.615652,0.059204,0.096110
0.658439,1.455749,-3.821341,0.302060,-0.339344,-0.023868
1.039137,1.776588,-3.814158,-0.042957,-0.774910,-0.050899
1.096600,2.111794,-4.216404,-0.373993,-1.410350,-0.038915
1.259414,2.166863,-4.793436,-0.768280,-1.881204,-0.053163
1.245048,2.044752,-5.494973,-1.134870,-1.928077,-0.206031
1.443777,2.298551,-7.001002,-1.381882,-2.006508,-0.426544
1.379130,2.523617,-8.119152,-1.219959,-2.378824,-0.722692
1.592225,1.805320,-9.270822,-1.082538,-2.738622,-1.009652
1.498847,2.391929,-9.486311,-1.291466,-3.110672,-1.193679
1.434200,2.420661,-10.156721,-1.418634,-3.345033,-1.305267
1.362370,2.312917,-11.305997,-1.390005,-3.335312,-1.250405
1.103783,2.561926,-11.988379,-1.207842,-3.511084,-1.167713
0.440556,3.452615,-13.147231,-1.127946,-3.957170,-1.095806
0.023943,3.955423,-14.033132,-0.980138,-4.311908,-1.062516
-0.560272,3.754300,-14.497630,-0.779599,-4.311908,-1.029626
-1.118149,3.505290,-14.435378,-0.693178,-4.311908,-0.912045
-1.429411,4.427104,-14.392280,-0.803834,-4.311908,-0.870633
-1.673632,4.539638,-14.401857,-0.732460,-4.311908,-0.904056
-1.944191,3.984155,-14.071441,-0.624867,-4.311908,-1.025631
-2.044752,4.573158,-14.478476,-0.599167,-3.970353,-1.151600
-1.632929,5.396806,-13.832008,-0.504890,-3.265670,-1.288489
-1.022376,4.905969,-13.207089,-0.376923,-2.457521,-1.314988
-0.725480,5.080755,-12.812026,-0.315669,-1.638320,-1.229100
0.402246,5.669758,-13.824825,-0.177849,-1.078649,-0.904588
0.083801,7.209309,-12.936531,0.127621,-0.640818,-0.303903
-0.258587,7.238040,-13.377087,0.335084,-0.501666,-0.063949
-0.598581,6.486223,-12.730619,0.492479,-0.159844,0.016746
-0.845196,6.704106,-12.558228,0.444275,0.100351,-0.057158
-0.691960,6.129469,-12.045842,0.328959,0.616346,-0.035985
-0.045492,5.303427,-11.346700,0.056913,1.584819,0.123407
-0.397458,4.506117,-12.062603,-0.195159,2.291234,0.481475
-1.570676,5.049629,-12.721042,-0.262139,2.544105,0.814375
-2.197989,5.763137,-12.986812,-0.091827,2.842117,0.746197
-2.071090,5.188499,-12.768929,0.133213,3.316034,0.638471
-1.776588,4.357669,-13.243005,0.283951,3.679161,0.718367
-1.932219,4.666537,-13.266948,0.425233,3.480353,1.006925
-1.668844,4.977799,-12.651607,0.541482,3.734156,1.125570
-1.345610,4.285840,-12.919770,0.556662,4.179310,1.126902
-0.720691,4.120631,-12.716253,0.586623,4.414738,1.158594
-0.026338,4.094294,-12.565411,0.498072,4.414738,1.215054
0.289713,4.352880,-12.876673,0.307387,4.205943,1.305869
0.569849,4.345697,-13.065825,0.360917,3.915653,1.210393
0.622524,4.247530,-12.551044,0.711661,3.536280,0.985619
0.955335,3.299378,-11.777678,1.061472,3.294994,0.802124
1.510818,2.873188,-10.963608,1.329124,3.030139,0.792670
1.939402,2.470942,-10.029822,1.456292,2.763952,0.911316
1.877150,2.245876,-9.182231,1.496773,2.426258,0.996538
1.901093,2.253059,-8.018590,1.379192,2.279116,0.987750
1.647295,1.879544,-7.628315,1.190371,2.025712,0.915976
1.386313,1.836446,-6.763965,1.012469,1.745677,0.818769
1.113361,1.486875,-6.265945,0.820852,1.327288,0.742202
0.852379,1.503635,-5.784686,0.652538,0.852039,0.654184
0.500414,1.731096,-5.442298,0.507926,0.279451,0.533674
0.416612,1.723913,-5.226809,0.354525,-0.181682,0.380939
0.337600,2.085456,-5.243569,0.137075,-0.624706,0.096642
0.668016,1.774194,-4.814985,-0.284243,-1.051484,-0.136255
0.885900,1.407862,-4.920335,-0.767348,-1.372400,-0.226537
0.964912,1.237865,-5.700885,-1.241531,-1.576667,-0.232263
0.907449,1.498847,-6.708895,-1.623967,-1.879074,-0.222409
0.861957,1.625746,-7.465501,-1.856198,-2.114501,-0.308164
0.739846,1.829263,-8.198164,-1.860859,-2.223026,-0.458236
0.428584,2.408690,-8.404077,-1.776036,-2.326891,-0.728950
0.229855,2.866005,-10.381787,-1.606124,-2.491344,-1.109921
0.356754,3.285012,-11.174309,-1.383746,-2.912529,-1.382100
0.378303,2.643333,-11.320362,-1.162035,-3.484718,-1.470918
0.486048,2.688826,-11.471205,-1.014360,-3.713487,-1.397547
0.371120,3.895565,-12.232600,-1.048849,-3.461149,-1.366787
0.172391,4.908364,-12.924560,-0.975078,-3.232779,-1.391688
-0.009577,4.740761,-13.925386,-0.826605,-3.571272,-1.256530
-0.186757,4.719212,-14.416223,-0.697439,-4.017358,-1.088482
0.016760,5.085544,-14.686782,-0.545370,-4.258245,-0.913643
0.059858,4.743155,-14.605374,-0.347495,-4.300590,-0.686738
-0.079013,4.017675,-14.172002,-0.181444,-4.230015,-0.470220
-0.328022,4.410344,-13.523140,-0.039229,-3.800308,-0.532805
-0.363937,5.109487,-13.322017,0.069829,-3.048352,-0.740935
-0.203518,4.601890,-13.180752,0.081414,-2.485085,-0.864374
0.174786,3.981760,-13.008361,-0.041892,-2.081877,-0.863841
0.840408,5.020897,-12.792871,-0.046286,-1.463881,-0.721493
0.565060,6.091159,-13.221456,-0.080242,-0.687424,-0.835611
0.165208,5.360891,-12.938926,0.082479,-0.193267,-0.757580
0.158025,5.176528,-12.153587,0.010173,0.271195,-0.485267
-0.275347,5.068783,-12.038660,-0.097819,0.770545,-0.087651
-0.668016,4.992165,-11.717820,-0.110203,1.378954,0.356704
-1.098995,4.814985,-11.959647,-0.114997,1.960064,0.699591
-1.556310,5.068783,-12.507947,-0.057339,2.479788,0.835814
-1.597014,5.267512,-12.998783,0.036406,2.881399,0.823164
-1.644900,5.224414,-12.986812,0.225094,3.269694,0.765505
-1.491664,4.846111,-13.341171,0.378228,3.657856,0.784414
-1.441383,4.728789,-13.489620,0.550404,3.773838,0.920637
-1.060685,4.721606,-12.735408,0.614587,3.956267,1.047006
-0.529146,4.242742,-13.226244,0.633363,4.324988,1.147808
-1.070263,3.962606,-13.571027,0.796484,4.104874,1.292287
-0.639284,4.522878,-13.415396,1.158413,3.818446,1.294550
-0.498019,3.993732,-12.615691,1.388780,3.585949,1.173641
-0.198729,3.258675,-12.189502,1.379192,3.645738,1.017711
-0.249010,3.280223,-11.198252,1.465480,3.132938,0.910117
0.316051,2.669671,-10.333901,1.463616,2.957966,0.721163
0.512385,2.095033,-9.699406,1.400498,2.772075,0.604648
0.730269,1.867573,-9.292370,1.425532,2.544238,0.548721
0.878717,2.049541,-8.772802,1.409286,2.082039,0.529679
1.094206,1.594620,-7.870142,1.224593,1.987229,0.429542
0.871534,1.271386,-7.360151,1.018595,1.561516,0.425015
0.723086,1.122938,-6.778330,0.833103,1.201585,0.369487
0.756606,1.300118,-6.519743,0.622044,0.832065,0.260030
0.842802,1.369553,-6.124680,0.343340,0.317934,0.142050
0.318445,1.328850,-5.660181,0.014967,-0.031877,-0.063949
0.191546,1.046319,-5.897219,-0.261340,-0.510854,-0.253569
0.203518,1.271386,-5.600323,-0.436845,-1.117531,-0.349710
0.181969,1.316878,-5.892431,-0.659489,-1.626735,-0.467024
0.277742,1.438989,-6.383267,-1.025013,-1.865092,-0.659574
0.299290,1.632929,-7.290716,-1.364039,-1.984803,-0.898862
0.260981,1.975317,-8.447174,-1.511713,-2.257248,-1.115514
0.146054,1.937008,-8.847026,-1.530222,-2.540480,-1.289820
0.294502,2.308128,-9.536592,-1.492405,-2.759661,-1.458934
0.282530,2.772627,-10.118412,-1.404253,-2.811727,-1.655079
0.203518,3.646555,-11.198252,-1.234074,-2.951678,-1.764536
0.083801,3.761482,-11.722609,-1.052178,-3.190701,-1.686238
-0.270559,3.878804,-12.160770,-0.822343,-3.491909,-1.520054
-0.308868,4.659354,-12.536679,-0.631392,-3.529859,-1.484367
-0.457316,5.111881,-13.029909,-0.401558,-3.315472,-1.386361
-0.545906,4.884420,-13.077796,-0.171723,-3.511483,-1.081425
-0.802098,4.374429,-13.247793,0.010440,-3.948248,-0.705248
-1.412651,4.539638,-12.730619,0.105782,-3.965959,-0.547586
-1.467720,4.822168,-13.142443,0.214175,-3.502162,-0.471419
-1.417440,4.582736,-12.819209,0.357055,-3.143296,-0.350776
-1.314484,3.713596,-12.548651,0.439082,-3.038099,-0.107093
-1.453354,3.981760,-12.306824,0.420839,-2.847947,0.118214
-1.029559,4.484568,-12.076969,0.336682,-2.180815,0.129400
-0.402246,3.500501,-12.711465,0.305523,-1.384384,0.150972
-1.189979,4.314571,-12.335556,0.361450,-1.082910,0.489997
-1.405468,4.429499,-12.982023,0.309251,-1.114336,0.483073
-1.687998,4.185278,-12.718648,0.465181,-0.613920,0.210095
-1.822080,3.613034,-12.017111,0.494610,-0.116966,-0.059421
-1.467720,3.079100,-11.545429,0.340144,0.507954,-0.127200
-1.252231,3.170084,-11.351489,0.109777,1.099318,0.070143
-1.589831,3.335293,-11.851902,-0.134305,1.561250,0.358834
-2.274607,3.629795,-12.203868,-0.263337,1.774839,0.598656
-2.794176,4.041618,-12.064997,-0.199953,2.019187,0.555911
-2.588264,4.024858,-12.148799,-0.120856,2.706959,0.299845
-2.616996,3.720779,-13.056247,-0.019122,3.140129,0.160293
-2.822908,3.684864,-12.984418,0.128020,2.992721,0.289724
-2.324888,3.811763,-12.472033,0.185279,3.181941,0.444723
-2.207566,3.411911,-11.978802,0.136010,3.507385,0.596658
-2.030386,3.622612,-11.801621,0.012570,3.737219,0.766837
-1.735885,3.399940,-11.480783,-0.109804,4.024845,0.899464
-2.011232,3.603457,-12.258938,-0.202616,3.828700,1.009987
-2.219538,4.594707,-12.378654,0.065701,3.285140,0.923034
-2.042358,4.795830,-11.356277,0.506195,3.066891,0.580945
-1.506030,3.778243,-10.915722,0.823781,2.930535,0.294385
-1.462932,3.531627,-10.405731,1.029913,2.349291,0.245116
-1.166036,3.050368,-8.978714,1.158147,2.007336,0.254171
-0.385486,3.019242,-8.090420,1.094762,2.260740,0.223943
-0.426190,2.614601,-7.973098,0.983707,2.445167,0.246847
-0.514780,2.379958,-7.827044,0.884502,2.048350,0.427945
-0.280136,2.080667,-7.223675,0.859069,1.778567,0.522355
-0.330417,2.121371,-6.718472,0.925383,1.683890,0.507841
-0.320839,2.284185,-6.742415,0.988234,1.437944,0.461368
-0.335205,2.403901,-6.409605,0.873717,0.721809,0.515564
-0.234644,2.619390,-6.026513,0.722180,-0.070494,0.446321
0.067041,2.356014,-5.777503,0.457858,-0.764258,0.328740
0.258587,2.430238,-5.789474,0.075289,-1.337911,0.205434
0.304079,2.502068,-6.050456,-0.488911,-1.727671,0.063219
0.548300,2.446999,-6.246790,-1.103045,-1.776407,-0.150237
0.486048,2.303339,-7.238040,-1.523298,-1.855904,-0.312825
0.344783,2.396718,-8.346612,-1.719576,-2.099454,-0.438794
0.191546,2.808542,-9.510254,-1.797075,-2.263374,-0.594858
0.114928,3.804580,-10.781640,-1.860459,-2.346732,-0.836677
0.093379,4.573158,-11.780072,-1.679628,-2.676037,-1.046803
-0.016760,4.132603,-12.225417,-1.270294,-3.230515,-1.098736
-0.093379,3.222760,-12.488792,-0.971882,-3.543042,-0.960516
-0.035915,3.232337,-12.220628,-0.760158,-3.401892,-0.734010
0.155631,3.289801,-12.045842,-0.535916,-2.873780,-0.575949
-0.222672,3.198817,-12.847941,-0.315003,-2.598138,-0.455706
-0.577032,3.620217,-13.712292,-0.077979,-2.821448,-0.330269
-0.488442,4.237953,-13.381875,0.122694,-3.083773,-0.345050
0.181969,4.582736,-12.481609,0.204454,-3.010402,-0.575550
0.126899,3.727962,-11.988379,0.209248,-2.587086,-0.777554
0.169997,3.608246,-12.390625,-0.048018,-2.498135,-0.729483
0.488442,3.790215,-12.709070,-0.376390,-2.562451,-0.568093
0.720691,4.817379,-12.843152,-0.625266,-2.335813,-0.541860
1.235471,4.793436,-13.489620,-0.782795,-2.034871,-0.567028
0.881111,5.626661,-12.278092,-0.803967,-1.455891,-0.434533
0.414218,5.514127,-13.587787,-0.814753,-0.913530,-0.537999
-0.306473,5.789474,-13.094556,-0.456153,-0.565716,-0.476346
-0.703931,4.800619,-12.163164,-0.154279,0.035502,-0.424280
-0.909843,4.245136,-11.394587,0.023756,0.817418,-0.232263
-1.383919,4.252319,-11.442473,0.034009,1.302254,0.277074
-1.831658,5.150190,-11.349094,-0.012730,1.477625,0.834083
-2.514040,5.411171,-11.497542,-0.011132,1.771243,1.068311
-3.040791,5.485395,-11.674723,0.088472,2.136102,1.026233
-3.026425,5.394411,-11.813593,0.194067,2.638915,0.821566
-3.213182,5.198077,-12.153587,0.362116,2.797375,0.646327
-2.844457,5.145401,-12.026688,0.534957,3.012162,0.585606
-2.463759,4.939490,-11.339517,0.587023,3.172487,0.599322
-1.960951,4.546821,-11.025861,0.540683,3.481418,0.663638
-1.539550,4.431893,-11.104874,0.436685,3.684088,0.788542
-1.448566,4.577947,-11.198252,0.380358,3.757459,0.892007
-1.029559,4.709635,-11.248532,0.412850,3.919382,0.869237
-0.847591,4.465414,-11.284448,0.563587,3.721506,0.866041
-0.385486,3.636978,-10.065737,0.691420,3.551461,0.846334
0.090984,3.737539,-10.017850,0.794619,3.485946,0.859117
0.404641,3.680076,-9.337862,0.832037,3.206709,0.942608
0.751818,3.397545,-8.911673,0.816191,2.932666,1.017045
0.565060,3.543599,-8.662663,0.825513,2.269928,1.032891
0.538723,3.323321,-8.181404,0.983707,1.750204,0.894671
0.883505,2.827696,-7.848593,1.103285,1.569373,0.669097
0.986461,2.549955,-7.130296,1.192502,1.089597,0.588402
0.902660,2.444604,-6.541292,1.118864,0.718879,0.520225
0.811676,2.023204,-5.837361,0.894090,0.413011,0.391459
0.830830,1.822080,-5.461452,0.573041,-0.005245,0.331537
0.696748,1.982500,-5.547648,0.196065,-0.627369,0.315824
0.699143,2.281790,-5.741588,-0.263870,-1.047223,0.165886
0.639284,2.166863,-6.002570,-0.812889,-1.547905,-0.009220
0.665622,1.980106,-6.452703,-1.443668,-1.774277,-0.154764
0.325628,2.107005,-7.185365,-1.884162,-1.844319,-0.353039
-0.052675,2.387141,-8.202953,-2.093889,-1.941659,-0.554111
-0.419007,3.179662,-8.574073,-2.095354,-2.111305,-0.793533
-0.529146,4.362458,-9.601238,-1.927838,-2.289473,-1.171441
-0.586609,4.963433,-9.766446,-1.828900,-2.362711,-1.623387
-0.488442,4.556398,-10.283620,-1.790151,-2.573504,-1.793299
-0.457316,4.486963,-10.712204,-1.699735,-2.854471,-1.735774
-0.529146,4.577947,-11.023466,-1.476825,-3.037566,-1.531240
-0.730269,4.795830,-11.868663,-1.282678,-3.016128,-1.392620
-1.067868,5.545254,-12.924560,-1.029407,-3.002945,-1.377040
-1.008010,6.081582,-13.494409,-0.554958,-3.160207,-1.386361
-0.670411,6.158201,-14.215100,0.076354,-3.428524,-1.432968
-0.572243,6.397633,-13.671588,0.685029,-3.475397,-1.510866
-0.198729,6.352141,-12.950897,1.007143,-3.115066,-1.524715
0.043098,5.506945,-12.191896,1.138971,-2.790155,-1.450811
0.004789,5.135824,-11.447262,1.062804,-2.563916,-1.375309
0.478865,6.344958,-11.243744,0.612989,-1.980409,-1.282230
0.768578,6.366507,-11.425713,0.152388,-1.469340,-0.985550
0.895477,5.763137,-11.684299,-0.190499,-1.288243,-0.551315
1.249837,5.564408,-11.248532,-0.272659,-0.888895,-0.037317
0.849985,6.835794,-12.026688,-0.379852,-0.003647,0.114353
0.153237,6.890863,-12.642029,-0.225919,0.228584,0.190254
-0.260981,6.900441,-12.299641,-0.072918,0.409682,0.168282
-0.227461,6.502983,-12.105700,0.117101,0.670542,0.141517
0.215489,6.098342,-11.523880,0.216971,1.177216,0.310631
0.658439,5.650604,-11.356277,0.175292,1.951143,0.695064
0.043098,5.415960,-12.084151,0.107380,2.386709,1.239822
-0.469287,6.186933,-12.479215,0.199394,2.620805,1.608542
-0.232249,6.349746,-12.685127,0.352528,3.145722,1.783381
-0.318445,5.439903,-13.113711,0.421239,3.507518,1.978594
-0.430978,5.576380,-13.535111,0.551735,3.567573,2.125203
-0.275347,5.684124,-13.685954,0.774912,3.673036,2.047437
0.421401,5.095121,-13.298074,1.032710,3.877303,1.859948
0.902660,4.597102,-13.678771,1.143366,4.123384,1.705749
1.118149,4.752733,-13.652433,1.254821,3.930567,1.557275
1.087023,3.905142,-13.800881,1.474934,3.606323,1.373647
1.424623,3.565148,-12.206263,1.750975,3.278349,1.154865
1.673632,3.014454,-11.373037,1.840192,2.991389,1.016113
1.486875,2.664882,-10.254889,1.735262,2.653163,0.895203
1.630534,2.205172,-9.258850,1.507425,2.462078,0.828890
1.731096,1.778983,-8.497455,1.292239,2.309610,0.795600
1.436594,1.558705,-7.922817,1.087838,2.117460,0.756584
1.257020,1.594620,-7.336208,0.926448,1.898278,0.646194
1.024770,1.539550,-6.955510,0.840427,1.597470,0.494125
0.883505,1.477298,-6.732838,0.779972,1.145657,0.323680
0.620130,1.673632,-6.323409,0.705535,0.721010,0.045908
0.723086,1.546733,-5.708068,0.475302,0.326057,-0.264621
0.852379,1.309695,-5.217231,0.300329,-0.036005,-0.445053
0.928998,1.304906,-5.073572,0.159979,-0.536820,-0.469421
0.816464,1.429411,-5.037657,-0.091161,-1.138038,-0.442257
0.804493,1.685604,-5.095121,-0.503958,-1.432189,-0.486599
0.919420,2.286579,-5.837361,-0.962161,-1.648840,-0.540396
0.847591,2.652911,-6.270734,-1.374425,-1.901045,-0.593660
0.593792,2.523617,-7.089592,-1.696939,-2.240204,-0.629613
0.474076,3.761482,-8.406470,-1.961927,-2.753270,-0.680613
0.198729,4.625834,-9.505466,-2.083103,-3.664884,-0.656911
0.351966,3.435854,-9.000263,-2.418933,-4.311908,-0.501113
-0.335205,2.528406,-8.693789,-2.890852,-4.092461,-0.275673
-1.024770,4.814985,-9.764052,-3.127344,-3.604029,-0.237723
-1.723913,5.856516,-10.575727,-3.084201,-3.349028,-0.500847
-2.506857,5.985809,-11.588527,-2.779530,-3.108807,-1.071971
-3.115015,6.629882,-12.943714,-2.227848,-2.978310,-1.669726
-2.564321,7.994647,-14.286929,-1.548332,-3.477794,-1.988778
-1.709547,7.594795,-13.602153,-0.834062,-3.840522,-2.141379
-1.225894,6.869315,-12.996389,-0.401025,-3.529060,-2.162685
-1.410257,6.816639,-12.986812,-0.238703,-3.152750,-2.006754
-1.288146,7.381700,-13.614124,-0.076247,-3.133841,-1.607008
-1.031954,6.859737,-12.876673,0.246399,-2.947151,-1.344150
-0.919420,6.553264,-12.330767,0.481427,-2.338077,-1.328304
-0.612947,6.586784,-12.297247,0.499803,-1.802507,-1.180230
-0.146054,6.819034,-11.866268,0.378761,-1.530860,-0.775157
-0.038309,6.201298,-11.339517,0.289011,-1.013134,-0.393653
0.533934,5.377651,-11.772890,0.303791,-0.571708,0.071874
-0.316051,6.553264,-11.045015,0.425899,0.122722,0.486668
-0.711114,6.617911,-12.151193,0.447604,0.456154,0.592264
-1.094206,6.593967,-11.890211,0.404594,0.727668,0.548588
-1.201951,6.416788,-11.475993,0.263977,1.031140,0.400247
-0.763789,5.710462,-11.358671,0.188475,1.594007,0.290124
-0.701537,5.313004,-11.461628,0.118433,2.068190,0.393057
-0.835619,5.356102,-12.000350,0.079550,2.404952,0.618896
-0.986461,5.648210,-12.325978,0.153853,2.454621,0.846733
-0.565060,5.811024,-12.505552,0.317640,2.813754,0.930091
-0.093379,5.506945,-12.847941,0.509524,3.227349,1.006126
