0.258587,0.883505,-10.089680,0.034409,-0.037736,-0.061419
0.308868,0.787732,-10.127989,0.045195,-0.013368,-0.043842
0.347177,0.785338,-10.135172,0.032677,-0.040666,-0.020006
0.270559,0.739846,-10.178270,0.024821,-0.071825,0.009289
0.332811,0.732663,-10.302774,0.009108,-0.083543,0.032992
0.244221,0.806887,-10.230946,0.010839,-0.065833,0.055363
0.165208,0.835619,-10.293198,0.020160,-0.027217,0.066548
0.050281,0.936181,-10.283620,0.047458,-0.011104,0.055096
0.122111,0.905054,-10.451223,0.059709,-0.011637,0.038451
0.071830,0.919420,-10.508687,0.063704,-0.062504,0.021540
0.131688,0.845196,-10.499109,0.076221,-0.115102,-0.003627
-0.021549,0.718297,-10.214185,0.091801,-0.049587,-0.039714
0.090984,0.835619,-10.288409,0.105782,0.044956,-0.065280
0.191546,0.718297,-10.456012,0.114704,0.080244,-0.074335
0.186757,0.636890,-10.482349,0.122161,0.081309,-0.062484
0.308868,0.593792,-10.499109,0.122561,0.029376,-0.053296
0.387880,0.545906,-10.321930,0.152388,-0.049321,-0.041844
0.237038,0.363937,-10.120807,0.206451,-0.067830,0.009822
0.162814,0.435767,-10.123200,0.228290,-0.077152,0.043911
0.045492,0.509991,-9.855037,0.198994,-0.100588,0.057626
0.098167,0.495625,-9.881374,0.165039,-0.104183,0.043511
0.033521,0.347177,-9.708982,0.124691,-0.141468,0.039383
-0.007183,0.371120,-9.452790,0.113506,-0.079016,0.061355
0.007183,0.363937,-9.682645,0.099258,0.008870,0.066282
0.114928,0.368726,-9.922077,0.041732,-0.025885,0.058026
0.076618,0.325628,-10.082497,-0.001678,-0.097126,0.072673
0.002394,0.380697,-9.984330,0.006045,-0.114836,0.082261
-0.059858,0.476470,-9.792784,0.008975,-0.032410,0.062154
-0.057464,0.251404,-10.154326,0.005912,0.069990,0.032725
-0.014366,0.088590,-10.470378,-0.049083,0.131777,-0.002695
0.220278,0.026338,-11.164731,-0.059203,0.181578,-0.060353
0.289713,-0.272953,-11.423319,0.027884,0.108873,-0.075134
0.100562,-0.474076,-11.181492,0.122028,0.127649,-0.029593
0.126899,-0.342388,-11.097691,0.158647,0.342835,0.012751
0.426190,-0.057464,-11.736975,0.168900,0.388775,0.005294
0.514780,0.098167,-11.581344,0.238809,0.200354,0.001300
0.648862,0.193940,-10.973186,0.416578,0.036567,-0.022669
0.548300,0.158025,-10.269255,0.554798,-0.161975,-0.049035
0.541117,0.105350,-9.515042,0.622710,-0.384751,-0.090181
0.260981,0.031126,-8.109574,0.553866,-0.585024,-0.131061
-0.040704,0.205912,-6.852554,0.451599,-0.534823,-0.169412
-0.052675,0.328022,-5.985809,0.313246,-0.336681,-0.255167
0.138871,0.129293,-5.966655,0.112041,-0.110175,-0.313624
0.160420,-0.260981,-6.201298,-0.163734,-0.241871,-0.206031
0.292107,0.174786,-6.184538,-0.432717,-0.327359,-0.110422
0.215489,0.373515,-6.210876,-0.628862,-0.311247,-0.032656
0.244221,0.644073,-6.610728,-0.741116,-0.249461,0.001300
0.342388,0.893083,-6.833400,-0.789986,-0.195131,-0.051831
0.541117,0.924209,-7.036917,-0.830333,-0.098191,-0.152101
0.708720,0.730269,-7.791129,-0.904237,-0.012968,-0.220678
0.888294,0.996039,-8.068871,-0.925010,-0.096060,-0.191383
1.185190,1.230682,-7.836621,-0.923012,-0.139737,-0.213488
1.077446,1.467720,-7.683385,-0.807563,0.214469,-0.144377
0.890688,1.577859,-8.993080,-0.708092,0.415674,0.119279
0.766184,2.652911,-9.639547,-0.740184,0.381052,0.366558
1.403074,4.036830,-10.070525,-0.685721,0.291835,0.240322
2.217144,3.790215,-10.144750,-0.699969,0.053079,-0.015345
2.121371,2.367986,-10.216579,-0.715150,-0.107113,0.041248
1.113361,2.140525,-10.082497,-0.865754,-0.143732,0.515164
1.288146,3.229943,-10.178270,-1.012629,-0.104583,1.014248
1.848418,4.403162,-9.436029,-1.014893,0.027512,1.194813
1.714336,4.903575,-9.768841,-0.953639,0.479457,1.246213
1.632929,5.222020,-11.741763,-1.198387,0.477993,1.438363
1.364764,5.688913,-12.067391,-1.469768,0.341903,1.588435
1.443777,6.014541,-12.558228,-1.592808,0.602631,1.675388
1.218711,6.110314,-13.911020,-1.416504,0.733793,1.712939
1.395891,6.007358,-15.414656,-1.285474,0.314206,1.716002
1.455749,5.787080,-15.218322,-0.991190,-0.014433,1.633176
1.063080,5.389623,-15.232687,-0.521934,-0.191270,1.588035
1.139698,4.958644,-15.615779,-0.135371,-0.340942,1.470854
0.876322,4.633017,-15.486485,0.172229,-0.300328,1.300276
1.091812,4.209221,-16.159290,0.305256,-0.330422,1.101069
1.125332,3.809369,-15.843240,0.420839,-0.520308,0.855921
0.727874,3.138958,-15.122548,0.686493,-0.475966,0.804788
0.598581,3.617823,-14.514390,1.010072,-0.291673,0.684278
0.306473,4.127814,-15.211139,1.238176,-0.184079,0.417425
-0.153237,3.502896,-14.689176,1.187042,-0.355456,0.222745
-0.766184,3.660921,-12.620481,1.193967,-0.522173,0.040049
-1.075051,3.701624,-11.267688,1.491047,-0.160909,-0.172874
-1.115755,2.820513,-11.253322,1.605698,0.049617,-0.283530
-1.103783,2.384746,-10.930088,1.510488,0.124053,-0.251838
-1.005616,2.537983,-10.805583,1.429127,0.140565,-0.234127
-0.917026,2.557138,-10.350661,1.333385,0.105943,-0.264621
-1.221105,2.174046,-9.663490,1.337247,0.096889,-0.289921
-1.350399,1.937008,-9.268427,1.407156,0.162803,-0.292318
-0.811676,2.006443,-9.215752,1.426198,0.165599,-0.389525
-0.464499,1.573071,-8.918856,1.331920,0.098620,-0.519223
-0.404641,1.031954,-8.121546,1.271066,0.114199,-0.554777
0.038309,0.883505,-7.740849,1.230852,0.192897,-0.577814
0.342388,0.577032,-7.587612,1.110608,0.163735,-0.586069
0.371120,0.299290,-7.106353,0.938832,-0.009906,-0.518957
0.567455,-0.011972,-6.139046,0.860400,0.057873,-0.484335
1.261809,0.059858,-6.177355,0.854941,0.148022,-0.484468
1.731096,-0.196335,-5.961866,0.654269,0.139899,-0.487931
1.834052,-0.428584,-5.590746,0.463184,0.184641,-0.399779
1.960951,-0.225066,-5.691308,0.328826,0.162004,-0.333465
2.396718,-0.430978,-5.691308,0.233483,0.184641,-0.357034
2.253059,-0.756606,-5.844544,0.095130,0.075050,-0.233595
2.518829,-0.524357,-5.641026,0.018696,0.018457,-0.113618
2.727135,-0.598581,-5.552437,0.009907,0.117129,-0.070074
2.518829,-0.996039,-6.512560,-0.203282,0.023784,0.129133
2.516434,-0.591398,-6.194116,-0.487179,-0.088603,0.343654
2.401507,-0.318445,-6.124680,-0.570804,0.043358,0.447386
2.291368,-0.071830,-6.555658,-0.610752,0.097688,0.504911
2.092639,-0.289713,-6.589179,-0.669076,0.250023,0.540465
1.884333,-0.433373,-7.609161,-0.795179,0.504492,0.654716
1.580254,-0.076618,-8.782379,-1.005705,0.330984,0.832884
1.546733,0.574638,-9.153500,-1.082006,-0.008574,0.834349
1.290540,0.495625,-9.040966,-1.086666,-0.255053,0.739939
0.691960,0.392669,-8.650692,-1.054308,-0.234281,0.818104
0.615341,0.900266,-9.129557,-0.958300,0.050416,0.792537
0.459710,1.221105,-10.247705,-0.988261,-0.025752,0.644596
-0.009577,1.383919,-10.221368,-1.141661,-0.139471,0.565233
-0.363937,1.716730,-10.434463,-1.134604,-0.225492,0.499718
-0.272953,2.104610,-9.902923,-0.987995,-0.451598,0.242985
-0.562666,2.166863,-9.531803,-0.781064,-0.251059,0.104099
-0.280136,2.152497,-10.903750,-0.864156,-0.140403,0.071076
-0.146054,1.905882,-11.102479,-1.075348,-0.358918,-0.092845
-0.459710,1.915459,-10.187847,-1.073883,-0.256785,-0.227070
-0.567455,2.193201,-10.932482,-0.972947,0.129779,-0.283397
-0.802098,2.396718,-12.067391,-0.922613,0.057340,-0.294982
-1.096600,2.842062,-12.160770,-0.873876,-0.348665,-0.351974
-0.984067,3.337687,-10.982763,-0.683324,-0.450932,-0.465160
-0.531540,3.265857,-11.322757,-0.564013,-0.240672,-0.617362
-0.502808,2.612207,-11.978802,-0.636585,-0.288743,-0.752253
-2.391929,2.193201,-11.219801,-0.619940,-0.533358,-0.523751
-1.762222,3.929085,-11.191069,-0.668277,-0.263975,-0.573020
-0.890688,4.637805,-12.215839,-0.689583,0.115398,-1.066378
-0.634496,4.132603,-13.293285,-0.826205,0.266268,-1.530840
-0.603370,3.500501,-13.767362,-0.826338,0.298093,-1.672656
0.888294,4.331332,-15.077056,-0.698371,0.358415,-1.593426
1.925036,4.400767,-15.819297,-0.465341,0.106210,-1.613266
1.508424,3.447826,-15.692397,-0.065328,-0.365710,-1.480905
1.132515,3.608246,-14.811286,0.273830,-0.575170,-1.086352
2.427844,5.403988,-14.602981,0.537354,-0.071159,-0.930821
3.744722,5.526099,-16.164080,0.608728,-0.011504,-1.101798
2.798965,4.558792,-15.096210,0.684762,-0.425765,-1.120973
2.861217,4.477386,-13.434550,0.891959,-0.361582,-0.958651
2.882766,4.477386,-13.089767,1.080248,-0.100987,-0.796329
2.245876,4.367247,-13.887077,0.916860,-0.099123,-0.543192
1.652083,4.429499,-12.871884,0.729504,-0.188074,-0.365956
0.945758,4.690480,-11.679511,0.771716,-0.296067,-0.245579
0.842802,4.704846,-10.681078,0.825379,-0.189805,-0.319882
0.579426,4.139786,-9.967569,1.130982,-0.169964,-0.410564
0.493231,3.352053,-9.469550,1.213674,-0.416310,-0.315755
0.062252,3.385574,-8.004224,1.188773,-0.534024,-0.241052
0.098167,3.356842,-7.108747,1.203954,-0.574505,-0.384998
-0.172391,2.691220,-6.943539,1.178254,-0.628701,-0.543059
-0.332811,1.886727,-5.839756,1.116467,-0.745748,-0.636537
-0.519568,1.125332,-4.676114,1.100888,-0.480227,-0.676485
-0.407035,0.368726,-5.257935,0.908871,-0.042530,-0.505907
-0.838013,-0.043098,-5.875670,0.585691,0.233111,-0.138119
-0.857168,0.632101,-5.902008,0.457724,0.373728,0.027266
-0.684777,1.393496,-6.560447,0.411784,0.473865,-0.191649
-0.356754,0.720691,-7.424798,0.243470,0.277986,-0.463429
-0.629707,-0.438161,-7.032129,0.136010,0.187837,-0.381935
-0.577032,-0.533934,-7.611555,0.173161,0.347895,-0.102432
-0.387880,0.040704,-8.495061,0.136542,0.252153,0.032992
-0.407035,0.498019,-8.430414,0.059310,-0.008308,0.015681
-0.509991,0.500414,-7.721694,0.011372,-0.015232,-0.145576
-0.339994,-0.284925,-7.985070,-0.016991,0.096622,-0.227203
-0.385486,-1.067868,-8.308303,-0.120457,0.109006,-0.063150
-0.452527,-0.610553,-8.425625,-0.181178,0.127382,0.209961
-0.426190,0.392669,-8.473512,-0.193162,0.058938,0.195980
-0.634496,0.375909,-8.698578,-0.372395,-0.009240,0.048971
-0.507597,0.093379,-8.269994,-0.483318,-0.010438,-0.031857
-0.785338,-0.198729,-8.243656,-0.375059,0.214069,0.067214
-0.653650,0.272953,-9.201386,-0.326855,0.261341,0.231001
-0.919420,0.921815,-9.261244,-0.413276,-0.020292,0.261761
-1.137304,1.678421,-8.607594,-0.444169,-0.045460,0.051900
-0.842802,1.532367,-8.631536,-0.395299,-0.018295,-0.262757
-0.723086,0.816464,-8.487878,-0.278651,0.025248,-0.366222
-0.627313,0.689565,-8.818295,-0.169326,-0.016031,-0.294449
-0.474076,1.300118,-9.091248,-0.273724,-0.178753,-0.200571
0.177180,1.345610,-8.619565,-0.459216,-0.186077,-0.301906
-0.038309,1.144487,-8.317881,-0.560817,0.085304,-0.296446
-0.167603,1.472509,-8.861392,-0.627930,0.340172,-0.186856
0.131688,1.106178,-9.546168,-0.602896,0.474797,-0.080860
0.062252,0.955335,-10.223763,-0.683058,0.410347,0.222079
0.375909,1.989683,-10.487138,-0.898112,0.165999,0.417425
0.402246,3.136564,-9.448001,-0.887459,0.190367,0.343787
0.407035,2.691220,-10.037005,-0.723272,0.424329,0.229936
0.205912,2.372775,-10.934876,-0.757361,0.483319,0.402378
0.445344,2.707980,-11.068958,-0.847244,0.258279,0.581744
0.739846,3.378391,-11.035438,-0.875607,0.059471,0.653118
0.371120,3.301772,-11.205435,-1.059901,0.207678,0.690803
0.323234,3.665709,-11.399375,-1.111168,0.317135,0.768834
0.550694,4.142180,-11.511909,-0.879336,0.369334,0.774161
1.048714,4.137392,-11.985985,-0.692912,0.244031,0.732349
1.101389,3.996126,-12.383442,-0.669875,0.012066,0.795733
0.814070,3.965000,-12.723436,-0.781996,-0.093797,0.927561
0.799704,4.671326,-12.838364,-0.777868,-0.083144,0.983622
0.895477,4.731184,-12.601326,-0.564412,-0.120961,0.943141
0.912237,4.273868,-12.768929,-0.336575,-0.244667,0.918906
0.727874,4.125420,-12.527102,-0.064796,-0.329224,1.002264
0.804493,4.063167,-13.053853,0.051453,-0.373566,1.079097
0.720691,4.233164,-13.046670,0.079150,-0.426564,1.127434
0.581821,4.178095,-12.596537,0.257185,-0.427895,1.084157
0.296896,3.833312,-12.620481,0.466114,-0.314443,1.003596
0.057464,3.929085,-12.534285,0.670381,-0.055047,0.877626
0.215489,3.792609,-13.324411,0.732167,0.025515,0.732482
0.220278,3.426277,-13.221456,0.622177,-0.049454,0.625288
0.210700,3.095860,-12.654001,0.769186,0.005008,0.560971
-0.019155,2.882766,-12.182319,0.969858,0.081708,0.554313
-0.071830,2.897132,-12.486398,1.070660,0.161072,0.511036
-0.438161,2.978539,-12.302035,1.000219,0.103413,0.447519
-0.871534,3.028820,-11.475993,1.095428,0.137502,0.325012
-0.682382,2.942624,-11.274870,1.208082,0.151484,0.185993
-0.469287,2.581081,-11.061775,1.193700,0.084505,0.098906
-0.593792,1.910670,-10.661923,1.138306,0.057473,0.033258
-0.828436,1.527578,-10.297986,1.073989,0.131910,0.036987
-1.146881,1.668844,-9.946021,1.095561,0.236707,0.007691
-1.312089,1.743068,-10.063342,1.324197,0.187304,-0.142513
-1.295329,1.259414,-9.929260,1.369472,-0.177954,-0.305102
-1.350399,0.778155,-8.775196,1.356422,-0.426297,-0.416956
-1.295329,0.438161,-7.879719,1.328059,-0.418441,-0.504575
-1.067868,0.067041,-7.592401,1.235912,-0.345203,-0.573020
-1.000827,-0.165208,-7.228463,1.041365,-0.348399,-0.590597
-0.687171,-0.122111,-6.797485,0.862132,-0.290208,-0.651052
-0.505202,-0.339994,-6.936356,0.679170,-0.301393,-0.747326
0.040704,-0.486048,-6.356929,0.450267,-0.205518,-0.812708
0.186757,-0.974490,-6.287494,0.367309,0.039363,-0.788206
0.263376,-1.110966,-7.171000,0.204587,0.140565,-0.644926
0.589004,-0.658439,-7.396066,0.065169,0.155745,-0.576082
1.005616,-0.581821,-7.882113,0.046526,0.217665,-0.592861
1.316878,-0.878717,-8.519004,-0.073052,0.040296,-0.565829
1.309695,-1.041531,-8.308303,-0.196092,0.016859,-0.458103
1.333638,-0.730269,-8.289148,-0.151083,0.154946,-0.327739
1.525184,-0.409429,-9.141528,-0.079177,0.284245,-0.301773
1.726307,-0.457316,-10.063342,-0.130976,0.012598,-0.294183
1.697575,-0.699143,-9.323497,-0.242831,-0.210844,-0.267018
1.891516,-1.017588,-8.983502,-0.235507,-0.049854,-0.204033
1.654478,-1.067868,-9.488705,-0.269729,0.092228,-0.026264
1.601803,-0.517174,-9.629970,-0.286374,0.175453,0.101436
1.321667,-0.337600,-10.238128,-0.240833,-0.002582,0.108627
1.170824,-0.335205,-9.634759,-0.238570,-0.256651,0.109692
1.386313,-0.349571,-9.122374,-0.134305,-0.238808,0.108360
1.228288,-0.677594,-8.835054,-0.100749,-0.278623,0.177071
0.914632,-0.490836,-8.109574,-0.124451,-0.272231,0.287594
0.761395,-0.148448,-8.109574,-0.178381,-0.220032,0.338328
0.380697,0.014366,-8.155066,-0.408216,-0.252657,0.365226
-0.009577,-0.064647,-8.059294,-0.538846,-0.169698,0.362163
-0.416612,-0.093379,-8.224502,-0.583587,-0.128685,0.372417
-0.723086,0.407035,-8.181404,-0.603029,-0.040533,0.346584
-0.864351,0.584215,-8.813505,-0.568407,0.137769,0.240322
-0.948152,0.502808,-9.414481,-0.608888,0.021653,0.146577
-1.113361,0.287319,-9.402509,-0.700102,-0.129484,0.085457
-1.010405,0.419007,-9.359411,-0.581057,-0.044128,-0.005625
-1.115755,0.141265,-9.804755,-0.457218,-0.137340,-0.025599
-1.120543,0.332811,-9.625181,-0.485049,-0.208847,-0.065280
-1.120543,0.459710,-9.811938,-0.563613,-0.113904,-0.133458
-1.752645,0.239432,-10.087286,-0.609687,-0.224160,-0.109623
-2.025598,0.612947,-9.414481,-0.550697,-0.418707,-0.096706
-2.039964,1.589831,-9.067304,-0.425793,-0.113504,-0.206696
-1.640112,1.939402,-10.113624,-0.345763,0.022319,-0.409366
-1.676027,1.359976,-10.429674,-0.389307,-0.216570,-0.471419
-0.792521,1.216316,-10.477561,-0.323925,-0.462384,-0.548518
-0.928998,0.751818,-9.584477,-0.351622,-0.549604,-0.617495
-1.405468,0.885900,-9.744898,-0.538712,-0.123092,-0.337460
-0.883505,1.482086,-11.088113,-0.600765,-0.166768,-0.186989
-0.842802,2.001655,-10.362633,-0.607290,-0.502199,-0.339457
-1.218711,1.980106,-10.118412,-0.782529,-0.093397,-0.536001
-1.558705,2.085456,-11.523880,-1.111700,0.395966,-0.524283
-1.795743,2.114188,-12.768929,-1.200651,0.158542,-0.423747
-2.231510,2.624179,-11.923732,-0.913292,-0.085141,-0.415491
-2.083062,3.715990,-12.464849,-0.659089,0.433251,-0.433202
0.069435,4.355275,-14.614952,-0.467605,0.549633,-0.682078
0.062252,3.438249,-15.208744,-0.205945,-0.420305,-0.954790
-0.529146,2.442210,-13.726658,0.051453,-0.779038,-0.961714
0.308868,2.621784,-13.408213,0.120430,-0.251059,-0.963445
0.871534,2.605024,-14.143270,0.183282,0.432851,-0.913244
1.257020,2.616996,-15.826480,0.264376,0.481322,-0.781149
2.126159,3.055157,-16.441820,0.277293,-0.289409,-0.705647
1.592225,2.554743,-14.492842,0.308852,-0.616450,-0.610038
0.713508,2.753472,-14.207917,0.377828,-0.027483,-0.277138
0.624918,3.632189,-15.747467,0.561722,0.094225,-0.113351
0.986461,4.060773,-15.632540,0.754538,-0.590217,-0.177002
0.577032,4.010492,-12.828787,0.807270,-1.260279,-0.314157
-0.538723,3.296984,-9.981936,0.836565,-0.802075,-0.347580
-0.902660,2.983327,-9.697011,1.042031,-0.028149,-0.314556
-1.122938,2.844457,-10.202213,1.060407,0.148688,-0.271545
-0.720691,2.976144,-10.125595,0.816724,-0.106314,-0.347713
-0.943364,2.415873,-8.837449,0.631898,-0.563852,-0.431471
-0.938575,2.116582,-6.931567,0.738825,-0.401130,-0.486865
-0.826042,1.462932,-6.751993,0.970657,0.090497,-0.524283
-0.411824,0.888294,-7.202126,1.088637,0.224855,-0.453708
0.148448,0.593792,-7.087198,1.053083,0.007538,-0.431737
-0.016760,0.217883,-6.696923,0.872119,-0.312712,-0.377674
-0.351966,-0.095773,-5.559619,0.609793,-0.113771,-0.309496
-0.375909,-1.067868,-5.004137,0.514317,0.396632,-0.179665
-0.117322,-0.744635,-6.479040,0.464116,0.525930,0.035788
-0.014366,-0.840408,-7.647470,0.246133,0.392637,0.196113
-0.423795,-0.445344,-7.690568,0.100722,0.185573,0.290124
-0.766184,0.112533,-7.352968,0.099790,0.127915,0.151105
-0.454922,-0.191546,-7.676202,0.103918,0.147356,-0.110289
-0.545906,-1.168430,-7.736060,0.044928,0.100617,-0.059688
-0.648862,-1.029559,-8.111969,-0.075448,0.089165,0.130465
-0.754212,-0.490836,-8.241262,-0.218462,-0.008308,0.197711
-1.043925,-0.059858,-7.805495,-0.221925,0.026713,0.099971
-0.931392,0.000000,-7.767186,-0.246293,0.094092,-0.051432
-0.509991,-0.395063,-8.090420,-0.375858,-0.036405,-0.159691
-0.581821,-0.984067,-7.764792,-0.560284,-0.203121,-0.049035
-1.137304,-0.909843,-7.331419,-0.620473,0.008470,0.227672
-1.163641,0.428584,-7.549303,-0.556955,0.298892,0.300244
-0.725480,1.453354,-7.980281,-0.524464,0.385313,-0.008821
0.033521,0.962518,-8.820688,-0.562415,0.090231,-0.337193
-0.466893,-0.450133,-8.665057,-0.701700,-0.156781,-0.171276
-1.036742,-0.035915,-8.214925,-0.693178,0.069857,0.262293
-0.610553,1.508424,-8.372950,-0.597969,0.373462,0.351111
0.131688,2.298551,-9.323497,-0.603561,0.326190,0.076535
0.023943,1.671238,-9.910106,-0.838855,-0.025086,-0.097106
-0.009577,1.127726,-8.863787,-0.921814,-0.029214,0.026467
0.337600,1.393496,-7.748032,-0.658557,0.309279,0.177204
0.442950,1.886727,-9.232512,-0.543107,0.472933,0.371085
0.337600,2.561926,-10.922905,-1.027010,0.221260,0.639003
0.045492,3.241914,-10.475166,-1.553792,0.142429,0.723959
-0.237038,3.823735,-8.947588,-1.427156,0.355619,0.667633
0.612947,4.525272,-9.086458,-0.989193,0.544306,0.522888
1.091812,4.055984,-9.656307,-0.824740,0.571604,0.482274
0.933786,3.830918,-10.647557,-1.077878,0.611419,0.636740
0.596187,4.350486,-11.789650,-1.445000,0.430188,0.905457
0.577032,5.485395,-11.576555,-1.584285,0.447100,0.982956
0.610553,6.182144,-11.679511,-1.452989,0.830867,0.890276
1.240260,6.589179,-13.001178,-1.222623,0.942056,0.711309
1.915459,6.301860,-13.985245,-1.049248,0.455222,0.568029
2.229115,5.712856,-13.484831,-0.915156,0.003943,0.595060
2.382352,5.346525,-13.501592,-0.866020,-0.032144,0.768701
2.667277,5.499762,-13.745812,-0.892519,0.155612,0.887214
2.822908,5.772715,-14.148059,-0.651632,0.321663,0.835281
3.014454,5.741588,-14.842413,-0.164399,0.102082,0.752589
2.885160,5.341736,-14.229465,0.274230,-0.240805,0.734479
2.602630,4.905969,-13.527929,0.599274,-0.338678,0.810647
2.698403,4.702452,-13.688349,0.656000,-0.368373,0.905457
2.205172,4.446259,-13.154414,0.649874,-0.490347,0.992810
1.144487,4.486963,-12.055420,0.770384,-0.407788,1.068977
0.833225,4.678508,-11.748946,0.957208,-0.249993,1.047538
0.608158,4.530060,-11.396981,1.045493,-0.240006,0.967243
0.320839,4.137392,-11.358671,1.017263,-0.201124,0.893206
-0.179574,4.051196,-10.621220,0.977981,-0.144664,0.823164
-0.378303,3.914719,-10.436857,1.117133,-0.091799,0.733680
-0.612947,3.778243,-10.695444,1.121794,-0.060507,0.613703
-0.620130,3.670498,-10.551785,1.006610,-0.223495,0.477347
-0.636890,3.294590,-9.799967,1.038968,-0.137606,0.294518
-0.725480,2.688826,-9.713771,1.243236,0.086103,0.167883
-0.524357,2.327283,-10.118412,1.378127,0.189968,0.161491
-0.162814,2.011232,-10.350661,1.441112,0.141630,0.148974
-0.090984,1.850812,-10.065737,1.545509,-0.040000,0.117149
0.090984,1.666449,-9.376172,1.593314,-0.176489,0.081995
0.088590,1.228288,-9.155894,1.607029,-0.170364,0.029530
0.275347,0.869139,-8.495061,1.548439,-0.273829,0.010488
0.134082,0.488442,-7.752820,1.530063,-0.259714,0.004362
0.205912,0.213095,-7.367334,1.432190,-0.257717,-0.017875
0.184363,-0.050281,-6.866920,1.261878,-0.326427,-0.038915
0.033521,-0.124505,-6.512560,1.101420,-0.307119,-0.041445
0.201123,0.031126,-6.227636,0.945623,-0.218301,-0.113484
0.222672,-0.275347,-5.844544,0.824181,-0.203787,-0.208694
0.203518,-0.442950,-5.681730,0.711261,-0.147593,-0.237190
0.675199,-0.347177,-5.691308,0.439482,-0.184345,-0.295248
0.833225,-0.672805,-5.293850,0.163840,-0.163040,-0.330935
1.029559,-1.019982,-5.109487,-0.084637,-0.162640,-0.285128
1.309695,-0.936181,-5.183711,-0.314604,-0.091133,-0.223608
1.448566,-0.775761,-5.396806,-0.549498,0.059737,-0.167148
1.690392,-0.593792,-5.868487,-0.747641,0.172257,-0.114150
1.644900,-0.421401,-6.423971,-0.896913,0.234043,-0.027996
1.788560,-0.210700,-7.159028,-1.022350,0.211939,0.078799
1.697575,-0.021549,-7.846199,-1.288936,0.144693,0.214622
1.491664,0.483653,-7.961126,-1.355783,0.129646,0.313427
1.350399,0.818859,-8.202953,-1.284009,0.141497,0.378409
1.252231,1.075051,-8.526187,-1.280680,0.175187,0.414229
1.142092,1.336033,-8.854209,-1.357114,0.204615,0.469490
1.146881,1.367159,-9.594055,-1.467770,0.092228,0.541796
0.426190,1.568282,-9.170259,-1.545536,-0.089402,0.675889
0.328022,2.274607,-9.289976,-1.601063,0.052546,0.718234
0.067041,3.112621,-9.850247,-1.634487,0.161738,0.628750
-0.225066,3.423883,-10.496716,-1.639547,0.177317,0.477214
-0.433373,3.838101,-10.877413,-1.510248,0.198090,0.248045
-0.280136,4.161335,-11.191069,-1.333012,0.162936,-0.026264
-0.660833,3.936268,-11.566978,-1.285474,0.204082,-0.209226
-0.984067,4.032041,-12.007533,-1.278283,0.177717,-0.284196
-0.969701,4.415133,-12.141616,-1.194792,0.032439,-0.456638
-0.380697,4.843717,-11.887817,-1.009433,0.036700,-0.863575
-0.665622,4.328937,-12.570199,-0.962428,0.252420,-1.090480
-0.217883,4.182884,-13.010755,-0.991057,0.159341,-1.150934
-0.519568,4.321754,-12.711465,-0.842451,-0.055047,-1.111386
-0.347177,4.925124,-12.148799,-0.651765,0.047353,-1.239220
-0.181969,5.176528,-12.445695,-0.524065,0.458551,-1.435364
0.507597,5.571591,-13.796093,-0.390505,0.630594,-1.506738
0.943364,5.703279,-14.119327,-0.229382,0.296762,-1.653880
1.577859,5.348919,-13.563844,0.017364,0.178649,-1.716332
2.250664,5.327370,-13.693137,0.295003,0.206746,-1.608339
2.458971,5.459058,-13.662011,0.511255,0.171192,-1.477443
3.222760,5.698491,-13.875106,0.685561,0.245762,-1.384764
3.589091,5.566803,-13.978062,0.804740,0.148555,-1.266784
3.519656,5.356102,-14.028342,0.850147,0.045755,-1.025098
3.668104,5.533282,-14.157636,0.891160,-0.200990,-0.779950
2.856428,5.626661,-13.566238,0.974119,-0.516314,-0.521487
2.293762,5.710462,-13.084979,1.010206,-0.703403,-0.376609
1.307301,5.959472,-11.586132,1.259881,-0.644280,-0.335995
1.156458,5.978626,-11.502331,1.564018,-0.445472,-0.415625
1.118149,5.483001,-11.490359,1.550436,-0.624040,-0.508304
0.945758,5.018503,-9.859825,1.458822,-0.817522,-0.593660
1.072657,4.546821,-8.772802,1.542713,-0.524703,-0.699122
0.878717,3.500501,-8.796745,1.691985,-0.203654,-0.673422
1.022376,2.818119,-8.741675,1.693184,-0.245066,-0.534270
1.053502,2.253059,-8.368161,1.557760,-0.456658,-0.403374
0.579426,1.541945,-7.180577,1.446039,-0.519243,-0.212689
0.177180,1.108572,-6.361718,1.533791,-0.258382,0.015281
0.045492,1.283358,-6.292283,1.564152,0.089032,0.115285
0.105350,1.166036,-6.921990,1.393707,0.095690,0.052699
-0.131688,0.421401,-6.581996,1.116334,-0.066232,0.008757
-0.462104,-0.122111,-6.088765,0.954145,-0.085408,0.106363
-0.632101,-0.179574,-5.629055,0.853077,-0.053849,0.150838
-0.553089,-0.213095,-5.590746,0.805938,-0.014833,0.094379
-0.596187,-0.146054,-5.372862,0.696880,-0.105382,0.044177
-0.756606,-0.141265,-5.095121,0.432291,-0.300461,-0.043575
-0.861957,-0.165208,-4.333726,0.123226,-0.295002,-0.126534
-1.084629,-0.720691,-4.439076,-0.124718,-0.110841,-0.115748
-1.474903,-0.991250,-4.568369,-0.357215,0.174787,0.056428
-1.412651,-0.390275,-5.032868,-0.406884,0.297827,0.140718
-1.055897,0.395063,-6.155806,-0.545504,0.130978,0.050303
-1.189979,0.536328,-6.531715,-0.943919,-0.110175,-0.095241
-1.185190,0.931392,-5.978626,-1.136601,0.030708,-0.254501
-0.600975,0.677594,-6.699318,-0.984932,0.285310,-0.406703
-0.330417,0.251404,-6.953116,-0.864156,0.553628,-0.315621
0.090984,0.802098,-8.085631,-0.955104,0.440841,-0.090847
0.208306,1.336033,-9.491099,-1.374292,0.091429,0.040049
0.191546,1.855601,-8.435203,-1.796143,-0.098324,0.030595
-0.040704,2.099822,-7.599584,-1.702798,0.509419,0.079731
0.383092,2.667277,-8.765619,-1.411310,1.167229,0.259763
1.034348,3.519656,-11.157549,-1.478556,1.176018,0.363628
1.678421,4.333726,-11.971619,-1.866585,0.693579,0.310631
2.382352,4.726395,-11.296419,-2.255812,0.301955,0.120744
2.075879,4.913152,-10.561362,-2.192294,0.344300,0.259497
2.130948,5.411171,-11.236561,-2.088030,0.686788,0.569494
2.502068,6.107920,-12.421751,-2.002275,0.871214,0.755385
2.911498,6.890863,-13.439339,-1.877770,0.563482,0.866441
3.119804,7.578034,-13.683560,-1.843282,0.006606,0.963781
3.196422,7.793524,-13.503985,-1.849407,-0.309915,1.006791
2.545166,7.506205,-13.058641,-1.698537,-0.159445,1.124372
2.430238,7.587612,-14.083412,-1.496133,0.159740,1.264190
2.602630,7.451135,-15.584653,-1.331015,-0.041864,1.267119
2.324888,7.113536,-15.460148,-1.022483,-0.617782,1.274177
1.905882,7.302687,-14.253409,-0.390905,-0.915927,1.289757
1.776588,7.329025,-13.798488,0.254389,-0.841491,1.219714
1.336033,6.455097,-13.805671,0.686627,-0.708197,1.121575
0.665622,5.363285,-13.870317,0.888098,-0.656531,1.194015
0.339994,5.514127,-13.489620,1.088104,-0.614053,1.318519
-0.076618,6.069611,-12.950897,1.224593,-0.470773,1.287892
-0.498019,6.148623,-13.058641,1.292372,-0.261978,1.105596
-0.902660,5.928346,-12.733013,1.383986,-0.221763,0.849663
-1.225894,5.736800,-12.064997,1.621144,-0.228421,0.621559
-1.304906,5.449481,-11.497542,1.862963,-0.136940,0.410900
-1.374342,4.886815,-11.368249,1.976149,-0.032543,0.254304
-1.197162,4.374429,-10.803188,2.001316,-0.041198,0.133261
-1.065474,4.012887,-9.960386,2.116766,-0.039600,0.034723
-0.739846,3.699230,-9.615604,2.179085,-0.046258,-0.059288
-0.505202,3.083889,-9.098430,2.135941,0.000081,-0.167681
-0.304079,2.432633,-8.662663,2.071625,0.112735,-0.211623
-0.308868,1.946585,-8.777591,1.952580,0.090896,-0.180331
-0.141265,1.644900,-8.363373,1.799712,-0.040399,-0.163020
-0.131688,1.407862,-7.386488,1.734197,-0.152653,-0.190850
0.205912,1.257020,-7.089592,1.701839,-0.041997,-0.238788
0.622524,0.883505,-6.986637,1.571076,-0.027217,-0.350909
0.763789,0.205912,-6.675375,1.394639,-0.192735,-0.359032
0.811676,-0.110139,-5.863699,1.274528,-0.330289,-0.309363
1.182796,-0.167603,-5.049629,1.198094,-0.338811,-0.305901
1.371948,-0.445344,-4.642594,1.075188,-0.270766,-0.331068
1.446172,-0.679988,-4.582736,0.875314,-0.238009,-0.303903
1.702364,-0.718297,-4.460625,0.593548,-0.282085,-0.253302
1.759828,-1.015193,-4.111054,0.280488,-0.356255,-0.148772
1.498847,-1.374342,-3.706413,-0.060401,-0.213108,0.062820
1.443777,-0.960124,-3.914719,-0.310210,-0.017096,0.269484
1.494058,-0.335205,-4.458231,-0.546303,-0.028815,0.383336
1.482086,-0.107745,-4.683297,-0.830200,-0.093930,0.439663
1.453354,-0.062252,-5.035263,-1.106374,0.035635,0.484138
1.271386,-0.208306,-5.471030,-1.338339,0.122855,0.613969
0.766184,0.071830,-5.945106,-1.532220,0.269997,0.813976
0.387880,0.799704,-6.991425,-1.687085,0.231513,0.964713
-0.289713,1.513213,-7.515782,-1.779232,0.084771,0.967243
-0.660833,2.456576,-7.748032,-1.792814,0.216200,0.835548
-0.718297,3.086283,-9.167866,-1.823174,0.241634,0.693199
-0.632101,2.839668,-10.302774,-1.935961,-0.143998,0.426480
-1.846024,2.260242,-9.347440,-1.957799,-0.271565,0.342056
-1.812503,3.526839,-9.965176,-1.947147,0.255216,0.350845
-1.640112,4.520483,-11.725003,-1.934230,0.547769,0.141384
-1.721519,3.895565,-12.979629,-1.933165,-0.001517,-0.221743
-1.735885,3.862044,-12.203868,-1.884561,-0.265973,-0.488463
-1.570676,4.486963,-12.393020,-1.783626,0.330052,-0.733744
-1.283358,4.599496,-14.030737,-1.719443,0.678798,-0.870766
-2.008838,3.881199,-14.691570,-1.582821,0.175320,-0.889808
-2.157286,4.733578,-13.889472,-1.432616,-0.138139,-1.021503
-1.175613,6.536504,-13.254976,-1.289602,0.288106,-1.414325
-0.469287,6.644248,-13.927781,-1.042191,0.668412,-1.853753
-1.211528,5.320187,-14.325239,-0.823276,0.593576,-1.902756
-0.682382,6.438336,-14.186368,-0.704497,0.569074,-1.968537
1.034348,7.257195,-13.743418,-0.398628,0.792517,-2.183591
1.728702,6.969876,-14.215100,0.018962,0.991059,-2.249772
3.036002,7.060861,-15.101000,0.219634,1.075615,-2.107557
4.424710,7.008185,-15.769016,0.474103,0.675869,-1.955488
4.075139,6.067216,-14.993255,0.851745,0.167330,-1.575582
3.876410,6.500589,-14.631712,1.267338,-0.024154,-1.058521
4.237953,7.405643,-14.203128,1.533392,-0.357720,-0.825358
3.131775,6.684952,-13.037092,1.691985,-0.591150,-0.661305
2.229115,6.352141,-12.098517,1.703038,-0.577700,-0.423348
1.589831,6.349746,-11.361066,1.643914,-0.540815,-0.301506
0.907449,6.215664,-10.398548,1.676139,-0.363579,-0.319084
0.644073,5.851727,-10.532630,1.752440,-0.188473,-0.385664
0.541117,5.178922,-10.796005,1.657097,-0.465446,-0.420285
0.294502,4.309783,-9.603632,1.603168,-0.621776,-0.382335
0.148448,3.833312,-8.370556,1.731534,-0.478896,-0.393254
0.579426,3.490924,-8.032956,1.871751,-0.305654,-0.519889
0.462104,2.482914,-7.819861,1.869621,-0.393140,-0.558239
0.308868,0.948152,-8.997869,1.569212,-0.538684,-0.183527
-0.189152,1.467720,-5.008925,1.542047,-0.365576,-0.127732
-0.172391,1.084629,-4.807802,1.402762,-0.149458,-0.092312
-0.203518,0.943364,-4.929913,1.275327,-0.031078,-0.030392
0.172391,0.711114,-4.922729,1.109809,0.050682,0.075203
0.220278,0.770972,-5.253146,0.816990,0.006207,0.127136
-0.423795,0.493231,-5.037657,0.440280,-0.005245,0.124073
-0.414218,0.517174,-4.312177,0.347202,-0.017895,0.042446
-0.253798,0.136476,-4.249925,0.287413,-0.015365,-0.088450
-0.148448,0.047886,-3.802186,0.112041,-0.083676,-0.164485
-0.296896,-0.529146,-3.380785,-0.244029,0.227652,-0.127200
-0.768578,-0.555483,-4.326543,-0.661087,0.482254,0.059357
-1.005616,0.102956,-5.468636,-1.061632,0.464810,0.201706
-0.526751,1.340821,-5.772715,-1.172288,0.346564,0.094245
0.086196,1.597014,-6.395238,-1.363373,0.341903,-0.163153
-0.227461,0.849985,-7.453530,-1.703730,0.362809,-0.104696
-0.356754,1.036742,-8.253234,-1.889888,0.479990,0.236593
0.363937,2.298551,-8.408865,-1.842616,0.604628,0.308367
1.592225,2.676854,-10.975580,-1.548598,0.538447,0.190920
0.993644,2.660094,-10.834314,-1.668576,0.028178,0.285330
0.517174,2.691220,-10.171087,-1.968319,-0.103251,0.511036
0.727874,3.976972,-8.430414,-1.724503,0.336310,0.538467
1.300118,5.109487,-9.349834,-1.237004,0.862160,0.383735
1.604197,4.474991,-11.760918,-1.384013,0.698639,0.366691
1.204345,4.386401,-11.940493,-1.859794,0.457486,0.670163
1.664055,5.739194,-11.203041,-1.951541,0.381984,0.881754
2.372775,6.558053,-10.985157,-1.752200,0.503693,0.863511
2.813330,6.493406,-11.416136,-1.444867,0.497700,0.910916
2.554743,6.325803,-12.258938,-1.303318,0.315671,1.171510
2.142920,6.754387,-13.154414,-1.382148,0.337109,1.583375
2.111794,7.748032,-13.774545,-1.467770,0.202085,1.761143
1.836446,8.222108,-13.820037,-1.206776,-0.042264,1.692965
1.723913,8.016195,-13.946936,-0.727400,-0.389811,1.528113
1.620957,7.451135,-14.095384,-0.250554,-0.665586,1.340357
1.623351,7.020157,-13.810459,0.180219,-0.791289,1.255534
1.455749,6.325803,-14.392280,0.358254,-0.850013,1.229701
1.398285,5.820601,-14.023554,0.430560,-0.956541,1.234096
0.883505,5.593140,-13.278919,0.742687,-0.835898,1.191218
0.651256,5.511733,-13.298074,1.090368,-0.587954,1.118646
0.615341,5.401594,-13.630885,1.217935,-0.595144,0.977496
0.289713,5.097515,-12.991600,1.276526,-0.562920,0.831153
0.040704,4.814985,-12.409780,1.390644,-0.387548,0.714372
0.304079,4.676114,-12.304429,1.513284,-0.242403,0.612904
0.342388,4.393584,-12.148799,1.616883,-0.258649,0.503579
0.110139,3.981760,-11.605287,1.741388,-0.246398,0.469224
0.045492,3.869227,-11.212618,1.878143,-0.246931,0.482940
-0.150842,3.646555,-10.875018,1.985736,-0.300062,0.435668
-0.337600,3.356842,-10.094469,1.986003,-0.374631,0.349513
-0.517174,2.901920,-9.266033,1.927812,-0.349997,0.261761
-0.452527,2.427844,-8.916462,1.903976,-0.221763,0.198776
-0.605764,1.922642,-8.473512,1.836997,-0.153719,0.180666
-0.375909,1.731096,-7.922817,1.713025,-0.159578,0.146444
-0.466893,1.383919,-7.161422,1.676272,-0.140669,0.066415
-0.292107,1.180402,-6.785513,1.600504,-0.155450,-0.004160
-0.021549,0.826042,-6.347352,1.401696,-0.266106,-0.130529
-0.095773,0.009577,-5.636238,1.152554,-0.285414,-0.171009
0.114928,-0.244221,-5.037657,0.916727,-0.125356,-0.140649
0.392669,-0.253798,-4.798225,0.710862,-0.005511,-0.147307
0.533934,-0.371120,-4.625834,0.451865,0.005141,-0.159425
0.627313,-0.567455,-4.537243,0.187676,0.018191,-0.134124
1.041531,-0.574638,-4.654565,-0.006738,-0.035473,-0.136787
1.048714,-0.885900,-4.446259,-0.202483,-0.024953,-0.103098
0.794915,-1.022376,-4.666537,-0.435114,0.120591,0.071874
0.905054,-0.452527,-5.111881,-0.698238,0.143095,0.221813
0.866745,-0.141265,-5.152585,-0.911561,0.164800,0.212758
0.775761,-0.016760,-5.672153,-1.049248,0.302221,0.195713
0.624918,0.117322,-6.524532,-1.266166,0.328720,0.271082
0.169997,0.351966,-6.716078,-1.456718,0.251221,0.406106
0.198729,1.192373,-7.142268,-1.542074,0.337376,0.415161
0.421401,1.817292,-8.013802,-1.626231,0.287707,0.320351
-0.488442,1.738279,-8.468723,-1.717712,0.128448,0.419689
-0.727874,2.317705,-8.748858,-1.697205,0.081176,0.394788
-0.794915,3.038397,-9.450396,-1.631158,0.228051,0.066681
-1.113361,3.179662,-10.424886,-1.738485,0.378922,-0.129863
-1.036742,3.261069,-11.622047,-1.909995,0.303553,-0.149571
-0.543512,3.732751,-11.775284,-1.858462,0.009802,-0.349977
-0.679988,4.063167,-11.229378,-1.571635,0.086369,-0.676751
-0.859562,4.046407,-12.136827,-1.481752,0.476927,-0.789405
-0.433373,4.577947,-13.377087,-1.549531,0.617411,-0.765037
-0.780550,4.606679,-13.118500,-1.315036,0.300757,-0.890740
-1.211528,5.231597,-12.364287,-0.854035,0.360945,-1.123370
-0.679988,6.177355,-12.898222,-0.622870,0.485583,-1.294881
0.196335,6.447914,-13.432156,-0.627530,0.564680,-1.540295
1.041531,6.277917,-13.875106,-0.554559,0.533121,-1.821928
1.721519,5.636238,-14.262986,-0.368933,0.446833,-1.895432
2.454182,5.562014,-15.194378,-0.211005,0.217265,-1.719528
2.418267,5.916374,-14.526361,0.050255,0.157210,-1.487696
3.399940,6.706501,-15.158463,0.422837,0.191432,-1.412461
3.275435,6.682558,-15.057901,0.717387,-0.065167,-1.391555
4.089505,6.723261,-14.413829,0.904610,-0.132014,-1.402208
4.364852,5.741588,-14.294112,0.992096,-0.239074,-1.271977
3.890776,4.956250,-13.219061,1.109676,-0.148259,-0.937479
3.332899,5.313004,-13.413001,1.330189,-0.008840,-0.651318
2.760655,5.770320,-13.068219,1.460154,-0.259581,-0.578479
2.973750,5.911585,-11.626836,1.596776,-0.644547,-0.774890
2.420661,4.680903,-10.290803,1.611423,-0.744284,-0.908983
1.767011,3.445432,-8.954771,1.658029,-0.425232,-0.734143
1.113361,2.818119,-8.868575,1.677604,-0.085141,-0.383134
1.043925,3.095860,-8.911673,1.582794,-0.052118,-0.255699
1.290540,3.172479,-8.155066,1.487718,-0.181283,-0.361695
0.926603,2.296156,-7.841410,1.317805,-0.267704,-0.388859
0.330417,1.661661,-6.998608,1.246032,-0.163839,-0.249973
0.450133,1.537156,-7.257195,1.319537,0.074385,-0.100967
0.462104,1.472509,-7.257195,1.161076,-0.098990,-0.053296
0.306473,1.340821,-6.553264,0.976250,-0.198993,-0.041445
0.119716,1.103783,-5.851727,0.856539,-0.193134,-0.058622
-0.069435,0.624918,-5.442298,0.696081,-0.011371,-0.066346
0.114928,0.366332,-5.992992,0.541482,0.017259,-0.036385
0.062252,0.124505,-5.547648,0.372103,-0.095528,-0.046904
0.186757,0.016760,-5.356102,0.264110,-0.185544,-0.082591
-0.071830,-0.117322,-5.219625,0.018829,-0.222429,-0.054095
-0.263376,-0.189152,-5.133430,-0.285442,-0.139337,0.048838
-0.550694,-0.126899,-5.143007,-0.524597,0.061069,0.161225
-0.615341,0.536328,-5.870882,-0.731928,0.213271,0.181998
-0.507597,1.127726,-6.548475,-0.965757,0.144027,0.037652
-0.337600,0.581821,-6.491012,-1.060700,-0.068629,-0.070074
0.033521,0.811676,-7.750426,-1.211837,-0.200058,-0.018275
-0.011972,1.022376,-7.168605,-1.267098,-0.091400,0.127935
-0.062252,1.489269,-7.767186,-1.303717,0.149087,0.328740
0.205912,2.523617,-8.289148,-1.348326,0.109672,0.387331
0.481259,3.012059,-8.473512,-1.369631,0.016194,0.258165
0.785338,3.079100,-8.715339,-1.509050,0.022852,0.152170
0.658439,3.038397,-8.990685,-1.728631,0.186505,0.276542
1.328850,3.802186,-8.990685,-1.790417,0.359214,0.377610
1.869967,4.565975,-9.002657,-1.696273,0.672406,0.350046
2.559532,5.198077,-10.324324,-1.779099,0.751370,0.365093
2.921075,5.243569,-11.064170,-2.030638,0.514878,0.536337
2.672065,5.547648,-10.745725,-2.036630,0.460682,0.904258
3.150930,6.732838,-10.563756,-1.725036,0.587850,1.110656
3.093466,7.240435,-11.835142,-1.391469,0.537249,1.305869
2.303339,7.597189,-13.037092,-1.379219,0.201952,1.556210
1.881938,8.370556,-12.768929,-1.315968,-0.162774,1.668863
1.877150,8.827871,-12.012322,-1.081872,-0.301926,1.561669
2.051935,8.665057,-11.899789,-0.739118,-0.142800,1.349812
1.913065,7.925211,-12.270909,-0.518738,-0.004446,1.254336
2.099822,7.724088,-13.068219,-0.286507,-0.056512,1.262858
2.126159,7.448741,-13.685954,-0.142295,-0.431357,1.244882
1.865178,6.842977,-13.329200,-0.095289,-0.808334,1.294417
1.465326,6.651431,-12.385837,0.153986,-0.786229,1.353008
1.084629,6.601151,-12.522313,0.448004,-0.579165,1.319984
0.749423,6.524532,-12.903010,0.686227,-0.448269,1.189620
0.222672,6.268340,-12.941319,0.861333,-0.351595,0.951530
0.131688,6.026513,-13.063430,0.972122,-0.377161,0.709445
-0.100562,5.590746,-12.622874,1.107013,-0.259448,0.507707
-0.165208,5.229203,-12.364287,1.280654,-0.136541,0.377077
-0.251404,5.028080,-12.151193,1.484788,-0.016297,0.269617
-0.117322,4.877237,-12.172742,1.729004,-0.016431,0.135126
-0.313656,4.441471,-11.765707,1.876279,-0.010039,0.048838
-0.356754,4.328937,-11.770495,1.928344,-0.027217,-0.019340
-0.363937,4.242742,-11.284448,1.943658,-0.210711,-0.163952
-0.533934,3.577120,-10.178270,2.015831,-0.213641,-0.274608
-0.529146,2.846851,-9.357017,2.113703,-0.165969,-0.296979
-0.320839,2.437422,-8.758436,2.134476,-0.108045,-0.287391
-0.069435,2.104610,-8.272388,2.018627,-0.113105,-0.307632
0.160420,1.618563,-7.635499,1.790923,-0.158113,-0.340789
0.543512,1.518001,-6.993820,1.586922,-0.126554,-0.359564
0.747029,1.075051,-6.371295,1.435918,-0.084742,-0.377008
0.778155,0.670411,-6.115103,1.288777,-0.038802,-0.336661
1.015193,0.651256,-5.913980,1.129384,-0.010705,-0.340789
1.376736,0.531540,-5.641026,0.941495,-0.104183,-0.370350
1.510818,0.229855,-5.178922,0.758267,-0.067964,-0.364624
1.814897,0.002394,-5.226809,0.555331,0.003011,-0.325475
2.075879,-0.227461,-5.068783,0.302327,0.017925,-0.250639
2.150103,-0.387880,-5.025685,0.094863,-0.045460,-0.118411
1.996866,-0.498019,-4.920335,-0.103812,-0.079016,0.034723
1.968134,-0.280136,-4.850900,-0.353753,-0.046924,0.174807
1.721519,-0.028732,-5.346525,-0.635120,0.039896,0.294252
1.620957,0.275347,-5.818207,-0.886926,0.067061,0.385067
1.268992,0.304079,-6.222847,-1.151515,0.062267,0.470556
0.912237,0.519568,-6.572419,-1.325555,0.230448,0.546857
0.928998,0.857168,-7.400855,-1.382282,0.291702,0.500650
0.871534,0.972095,-8.231685,-1.491872,0.106742,0.449783
0.328022,0.976884,-8.497455,-1.549930,-0.049987,0.488266
0.186757,1.719124,-9.124767,-1.554058,-0.032942,0.455908
0.325628,2.511646,-9.357017,-1.534617,-0.020292,0.308899
0.512385,2.861217,-9.498282,-1.513977,0.034969,0.101303
0.361543,2.461365,-9.644336,-1.464441,0.048019,0.009822
0.466893,2.707980,-9.685040,-1.471499,0.032040,-0.063549
0.660833,3.234731,-9.433636,-1.430352,0.071189,-0.147174
0.498019,3.735145,-9.816728,-1.336608,0.233111,-0.131461
0.454922,4.072745,-10.417703,-1.425559,0.202351,-0.164218
0.397458,4.434288,-10.726570,-1.549797,0.100084,-0.283130
0.493231,4.831745,-10.721782,-1.429154,0.265203,-0.417755
0.093379,4.580341,-11.717820,-1.345929,0.273193,-0.423747
-0.275347,4.767098,-12.033871,-1.296127,0.116996,-0.358632
-0.596187,5.542860,-12.148799,-1.176549,0.175054,-0.501247
-0.677594,6.435942,-12.857518,-1.051379,0.383582,-0.789139
-0.363937,6.792696,-13.922993,-0.958833,0.633923,-1.053994
0.301685,6.483829,-14.796921,-0.713152,0.571604,-1.257196
0.351966,5.861304,-14.665233,-0.324857,0.158275,-1.313523
0.596187,6.055244,-13.805671,0.052518,0.112735,-1.375442
1.781377,7.132690,-13.798488,0.312447,0.228584,-1.536300
2.509251,6.933961,-13.707503,0.550271,0.365606,-1.661337
3.598669,6.445519,-14.502419,0.703005,0.285443,-1.596488
4.613862,6.189327,-14.138481,0.826578,0.036967,-1.398346
4.649776,5.959472,-13.300468,1.081846,-0.004180,-1.055592
4.609073,6.215664,-13.484831,1.346169,-0.072225,-0.737606
4.170912,6.541292,-13.293285,1.474269,-0.354258,-0.489395
3.689653,6.694529,-12.124855,1.682930,-0.490214,-0.407369
3.098255,6.282705,-11.396981,1.989731,-0.429360,-0.359964
2.609813,5.672153,-10.544601,2.115035,-0.567181,-0.257963
1.963345,5.336947,-9.543775,2.061371,-0.499669,-0.216018
1.771800,4.913152,-9.213358,1.983206,-0.419906,-0.250107
1.427017,4.101477,-8.564496,1.866425,-0.399266,-0.319217
1.283358,3.205999,-8.279572,1.721280,-0.292471,-0.333332
1.113361,2.411084,-8.011407,1.548971,-0.291007,-0.205098
0.909843,1.862784,-7.355362,1.462284,-0.170896,-0.083656
1.063080,1.683210,-6.895652,1.460553,-0.059841,-0.118544
0.778155,1.185190,-6.804668,1.245366,0.068925,-0.140116
0.794915,0.861957,-6.766359,0.998754,0.073452,-0.046372
0.474076,0.387880,-6.505377,0.846152,-0.005378,0.104632
0.138871,0.356754,-5.887642,0.794753,-0.024021,0.215954
0.098167,0.591398,-5.597929,0.720316,-0.116034,0.139919
-0.158025,0.490836,-5.243569,0.532028,-0.218035,0.005827
-0.268164,0.375909,-5.020897,0.273830,-0.246798,-0.069675
-0.339994,0.095773,-4.594707,-0.011265,-0.186476,-0.090048
-0.385486,-0.004789,-4.417527,-0.288105,-0.069029,-0.077531
-0.438161,0.119716,-4.738367,-0.590778,-0.049321,-0.047437
-0.512385,0.356754,-5.025685,-0.890788,-0.001916,-0.034254
-0.486048,0.533934,-5.411171,-1.142860,-0.023089,0.030861
-0.275347,1.034348,-5.708068,-1.402788,0.023917,0.114486
-0.167603,1.462932,-6.330592,-1.594539,0.141497,0.158828
-0.581821,1.711941,-7.209309,-1.756994,0.253219,0.251507
-0.134082,2.765444,-8.169433,-1.857130,0.367070,0.169614
0.735057,3.443038,-8.880547,-1.918384,0.382916,-0.037849
1.635323,3.445432,-9.766446,-1.993220,0.373329,-0.149704
1.836446,3.007271,-10.353056,-2.029439,0.155080,-0.044907
2.279396,3.213182,-9.582084,-1.949543,0.182111,0.138455
2.734318,4.331332,-9.756869,-1.803600,0.419269,0.239789
3.009665,5.080755,-10.980369,-1.906799,0.479990,0.339793
3.062340,5.030474,-11.040227,-2.064993,0.403689,0.414362
3.265857,5.463847,-10.348267,-1.910794,0.538447,0.578415
4.046407,6.246790,-11.282053,-1.711054,0.631926,0.713972
4.180489,6.395238,-11.744158,-1.563512,0.254950,0.961783
3.821341,6.534110,-11.315574,-1.334877,-0.064768,1.277639
3.201211,6.974665,-10.367422,-0.973214,-0.274894,1.669529
2.724740,7.867748,-10.245311,-0.687319,-0.206583,1.908019
2.116582,8.269994,-10.846287,-0.608222,-0.154917,1.989113
1.295329,8.717732,-11.380220,-0.570671,-0.249328,2.036651
1.146881,9.187020,-12.110489,-0.550830,-0.473569,1.845034
0.955335,8.727310,-12.531890,-0.542041,-0.618048,1.457671
0.658439,7.906057,-12.778505,-0.146423,-0.680766,1.188954
0.948152,7.053678,-13.891866,0.159046,-0.872783,1.069643
0.828436,6.641854,-13.561449,0.472638,-0.943225,1.023570
0.488442,6.744810,-12.898222,0.759865,-0.648275,0.919305
0.258587,6.464674,-13.365115,0.908338,-0.466245,0.723427
0.155631,6.189327,-12.843152,0.944824,-0.274362,0.507574
0.296896,5.648210,-13.001178,1.346435,-0.239740,0.357769
0.172391,5.557225,-12.993995,1.636724,-0.331621,0.288526
-0.179574,5.760743,-12.728225,1.750975,-0.522039,0.152303
-0.653650,5.552437,-11.408953,1.799845,-0.649474,-0.038515
-1.529973,5.233992,-10.221368,1.871618,-0.451465,-0.257564
-1.755039,4.893998,-9.653913,1.944324,-0.281552,-0.443721
-1.438989,4.755127,-9.119979,1.957240,-0.106846,-0.660772
-0.701537,4.008098,-9.225329,1.944856,-0.048256,-0.846131
-0.514780,2.868400,-8.923644,1.884402,-0.065567,-0.854254
-0.045492,2.384746,-8.360978,1.842323,-0.073556,-0.749057
0.308868,2.415873,-8.114363,1.740056,-0.067830,-0.685274
0.727874,2.547560,-7.647470,1.613554,-0.041598,-0.732412
1.178007,2.147708,-7.283533,1.509822,-0.063037,-0.868369
1.379130,1.223499,-6.881286,1.408487,0.003410,-0.922698
1.635323,0.474076,-6.902835,1.329257,0.044823,-0.819233
2.114188,0.383092,-6.878892,1.188907,-0.110042,-0.692864
2.212355,0.260981,-6.526927,0.920722,-0.281286,-0.581143
2.293762,0.189152,-6.026513,0.724311,-0.296333,-0.496586
2.485308,-0.081407,-5.559619,0.625506,-0.154784,-0.463429
2.537983,-0.536328,-5.509339,0.484090,-0.035739,-0.318950
2.763050,-0.466893,-5.667364,0.134545,-0.002715,-0.113618
2.669671,-0.205912,-5.506945,-0.228849,0.035235,0.057893
2.415873,-0.119716,-5.590746,-0.421665,0.115664,0.203303
2.174046,0.016760,-5.834967,-0.584786,0.199688,0.315025
2.018415,0.292107,-6.354535,-0.716747,0.152949,0.410900
1.960951,0.509991,-6.732838,-1.052444,0.051481,0.543261
1.611380,0.828436,-6.601151,-1.347926,0.154813,0.660708
1.407862,1.024770,-7.178183,-1.414107,0.344300,0.711842
1.134909,1.180402,-7.970704,-1.505455,0.291302,0.757516
0.653650,1.575465,-8.066477,-1.584152,0.097954,0.856454
0.383092,2.332071,-7.707328,-1.584685,0.016993,0.824895
0.249010,2.928258,-8.109574,-1.580024,0.158808,0.691335
0.308868,3.440643,-8.698578,-1.686952,0.293699,0.538467
0.323234,3.646555,-9.289976,-1.869647,0.252686,0.438331
0.069435,3.917114,-9.352228,-1.919449,0.084638,0.457373
-0.430978,4.463019,-9.000263,-1.837289,0.112735,0.439796
-0.778155,5.138219,-9.464762,-1.791882,0.137236,0.345252
-1.249837,5.992992,-9.512648,-1.891619,0.019922,0.203170
-1.726307,6.771147,-9.316314,-1.997348,0.118727,0.011553
-1.359976,7.489445,-9.670673,-2.112665,0.670010,-0.398447
-0.124505,7.760003,-11.301208,-2.010398,1.143394,-0.917505
1.187585,7.139874,-13.276525,-1.757793,1.240600,-1.262656
1.230682,5.976232,-14.478476,-1.524630,0.854569,-1.237355
1.379130,5.890036,-14.765794,-1.247923,0.282514,-1.092877
1.292935,6.759176,-13.496802,-0.748573,0.049617,-1.095806
1.139698,7.487050,-13.515957,-0.286774,0.395833,-1.214718
2.166863,7.829439,-15.012409,-0.126449,0.620341,-1.316719
1.745462,7.015368,-14.528756,0.166637,0.320731,-1.320847
0.952941,6.586784,-13.324411,0.648410,0.040695,-1.193812
1.620957,7.853382,-12.761745,0.953213,0.119126,-1.252536
2.688826,8.526187,-12.814421,1.092632,0.149087,-1.489960
3.031214,7.563669,-12.752168,1.276260,0.103547,-1.585436
3.313744,6.373690,-12.476821,1.507559,-0.009107,-1.423779
3.414306,6.122286,-11.895000,1.711027,-0.102852,-1.095007
3.373602,6.040879,-11.286842,1.785730,-0.120295,-0.813507
2.844457,5.734405,-11.478388,1.742320,-0.160377,-0.501779
2.394324,6.052850,-11.095296,1.764424,-0.190870,-0.309629
2.049541,6.517349,-10.772062,2.012102,-0.194466,-0.316687
2.281790,6.265945,-10.649952,2.235145,-0.300328,-0.436398
1.913065,5.061600,-10.448829,2.267636,-0.573173,-0.376875
1.587437,4.707241,-9.402509,2.159910,-0.821117,-0.233994
0.893083,4.474991,-7.554091,2.202787,-0.688090,-0.210691
0.708720,4.257108,-7.649864,2.130615,-0.391010,-0.287924
0.632101,3.663315,-7.250012,1.827409,-0.306986,-0.408700
0.524357,2.439816,-6.795091,1.487851,-0.278223,-0.480340
0.201123,1.735885,-6.754387,1.343239,-0.363579,-0.413893
0.035915,0.785338,-5.904402,1.169731,-0.259048,-0.184192
0.232249,0.996039,-5.542860,1.021258,0.023251,-0.033056
0.074224,0.847591,-5.794263,0.794220,0.207811,0.008623
0.071830,0.735057,-5.825389,0.543480,0.113267,-0.030526
-0.035915,0.328022,-5.688913,0.279556,-0.175424,-0.061818
0.050281,0.158025,-4.932307,0.135078,-0.225758,-0.091912
0.112533,-0.160420,-4.692874,-0.001545,-0.117632,-0.068476
-0.045492,-0.160420,-4.949067,-0.248823,-0.090201,0.061488
-0.081407,0.260981,-5.030474,-0.573867,-0.058776,0.150705
-0.198729,0.711114,-5.308216,-0.929271,0.042027,0.187058
-0.011972,1.209134,-5.511733,-1.235406,0.179315,0.148575
0.246615,1.364764,-6.127074,-1.432217,0.334180,0.134060
0.146054,1.228288,-7.214097,-1.599332,0.353888,0.236061
0.208306,1.977711,-7.831833,-1.762853,0.291302,0.389728
0.464499,3.220365,-7.515782,-1.712652,0.308879,0.296116
0.921815,3.354448,-8.648297,-1.772840,0.364008,0.104765
0.572243,2.758261,-9.565323,-2.072317,0.302621,0.311563
0.797310,3.512473,-9.380960,-2.164730,0.506622,0.597990
1.261809,5.028080,-9.471945,-1.982700,0.943520,0.640734
2.229115,5.885248,-11.131211,-1.766315,1.112767,0.496256
2.597841,5.554831,-13.154414,-1.901606,0.527262,0.569627
2.650516,5.492579,-12.922165,-2.028374,0.053345,0.867106
2.188412,6.019330,-12.115278,-1.740748,0.199821,1.174174
2.533195,7.276350,-13.240610,-1.316234,0.441107,1.273911
2.806147,7.645076,-14.708330,-1.148319,0.279584,1.165252
3.014454,7.436769,-15.309306,-1.023815,-0.248529,1.084291
2.844457,7.350574,-14.626924,-0.614347,-0.430558,1.079763
2.688826,7.015368,-15.321278,-0.092360,-0.307519,1.144479
2.461365,6.878892,-15.634933,0.451732,-0.442942,1.184960
1.893910,6.538898,-15.273391,0.855873,-0.810065,1.139419
1.158853,6.263551,-14.109750,1.252424,-1.099022,1.057792
0.488442,5.882854,-12.941319,1.495840,-1.022721,0.939013
0.079013,5.332159,-12.237389,1.597575,-0.771448,0.827025
-0.502808,4.750338,-11.605287,1.604499,-0.530695,0.765639
-0.811676,4.405556,-11.327545,1.620611,-0.248795,0.713173
-0.747029,4.221193,-11.480783,1.711160,-0.153452,0.620894
-0.806887,4.214010,-10.884596,1.713158,-0.161042,0.482940
-1.022376,3.821341,-10.286015,1.738325,-0.116034,0.301309
-0.948152,3.112621,-9.543775,1.733265,0.051215,0.215421
-0.521963,2.557138,-9.440819,1.752706,-0.030945,0.184528
-0.452527,2.413478,-9.172654,1.715821,-0.147460,0.143515
-0.311262,2.365592,-8.768013,1.713158,-0.257051,0.041381
-0.330417,2.193201,-8.140700,1.657097,-0.292205,-0.124670
-0.237038,1.759828,-7.578034,1.494908,-0.278357,-0.281799
-0.105350,1.173219,-6.838189,1.339777,-0.189539,-0.383267
0.071830,0.816464,-6.155806,1.079449,-0.079016,-0.457703
0.265770,0.304079,-5.633844,0.912333,0.071721,-0.451311
0.385486,0.205912,-5.964261,0.710595,0.205015,-0.384465
0.833225,0.316051,-6.215664,0.492346,0.119526,-0.340522
0.871534,0.153237,-5.964261,0.328692,0.060003,-0.303371
1.170824,0.112533,-5.890036,0.166104,0.043092,-0.232796
1.278569,0.079013,-5.863699,-0.024981,0.072653,-0.104296
1.383919,0.430978,-6.019330,-0.189833,0.088633,0.002764
1.551522,0.519568,-6.244396,-0.250155,-0.017895,0.047240
1.561099,0.287319,-6.206087,-0.396497,-0.220565,0.082128
1.553916,0.414218,-5.866093,-0.594773,-0.264242,0.146178
1.383919,0.383092,-5.815812,-0.770011,-0.192335,0.271748
1.175613,0.668016,-6.246790,-1.043655,0.135505,0.395853
0.830830,1.067868,-7.072832,-1.224487,0.444836,0.508773
0.414218,1.728702,-8.052111,-1.307845,0.414742,0.519559
0.112533,2.305734,-8.803928,-1.448462,0.116463,0.401046
-0.057464,2.703192,-8.736887,-1.594006,0.020721,0.219949
-0.184363,2.648122,-8.882941,-1.607056,0.140299,0.090916
-0.507597,2.341649,-9.237301,-1.554457,0.218197,0.063219
-0.476470,2.731923,-9.826304,-1.572035,0.201153,0.045509
-0.234644,3.557965,-10.154326,-1.723038,0.179847,-0.042244
-0.589004,3.890776,-10.487138,-1.764185,0.319532,-0.138785
-0.878717,3.620217,-11.576555,-1.698270,0.257480,-0.217482
-0.464499,4.209221,-11.866268,-1.603594,0.280516,-0.437995
-0.380697,4.685691,-12.311612,-1.381749,0.498633,-0.599519
-0.179574,4.424710,-14.090595,-1.271093,0.458685,-0.636138
-0.177180,4.343303,-14.095384,-1.107173,-0.007908,-0.688336
-0.739846,4.685691,-12.953291,-0.695575,-0.124690,-0.764504
-0.612947,5.380045,-13.171175,-0.414208,0.110471,-0.889808
-0.076618,5.732011,-13.676377,-0.347361,0.163602,-1.102864
-0.079013,4.898786,-13.219061,-0.162402,0.139234,-1.216982
0.213095,4.961039,-13.204695,-0.051879,0.261075,-1.224705
1.005616,5.837361,-12.996389,0.067299,0.433118,-1.268115
2.047147,6.146229,-13.338778,0.272232,0.555092,-1.391555
2.377563,5.545254,-13.319623,0.572508,0.524865,-1.458934
3.040791,5.164556,-13.499197,0.786364,0.386379,-1.327372
3.431066,5.020897,-13.001178,0.999553,0.198223,-1.097670
3.933874,5.171739,-13.195118,1.154684,0.048818,-0.809246
4.044013,5.054417,-12.850335,1.224860,-0.180084,-0.548119
3.531627,4.793436,-12.194290,1.441644,-0.308051,-0.272744
3.244309,4.798225,-11.552612,1.706633,-0.572108,-0.084988
2.573898,4.716818,-10.724175,1.825412,-0.718184,0.007958
1.733490,4.621045,-10.039399,1.835532,-0.641484,0.069344
1.592225,4.633017,-9.151105,1.751907,-0.651737,-0.068210
1.055897,3.680076,-8.509426,1.599439,-0.429626,-0.202435
0.981673,3.069523,-8.224502,1.452563,-0.228688,-0.262224
1.082234,2.616996,-7.927606,1.310215,-0.181549,-0.297512
0.957729,2.030386,-7.534937,1.154684,-0.131747,-0.254634
0.785338,1.589831,-6.984242,1.038702,-0.077551,-0.157294
0.519568,1.388708,-6.816639,0.884103,0.011000,-0.071938
0.347177,1.573071,-6.749599,0.694883,0.066395,-0.027729
0.414218,1.611380,-6.383267,0.584360,-0.040533,-0.080194
0.399852,1.288146,-6.122286,0.436153,-0.187275,-0.138385
0.268164,0.917026,-5.559619,0.285016,-0.264375,-0.135323
0.354360,0.701537,-5.339342,0.135211,-0.253322,-0.037450
0.246615,0.761395,-5.188499,-0.144958,-0.272631,0.094112
0.026338,1.051108,-4.937096,-0.468404,-0.208447,0.177737
-0.064647,1.462932,-5.399200,-0.754432,-0.035206,0.174008
0.249010,1.640112,-6.414393,-0.982535,0.049217,0.103433
0.687171,1.427017,-6.984242,-1.092392,0.006473,0.161225
0.847591,1.458143,-7.209309,-1.216630,0.016993,0.330738
0.984067,1.714336,-8.303514,-1.329950,-0.000451,0.549387
1.077446,2.367986,-8.641114,-1.413974,-0.001517,0.682813
1.527578,2.961778,-8.653086,-1.444334,0.017259,0.645661
1.843629,3.095860,-8.516609,-1.360044,0.115265,0.541530
1.647295,2.798965,-9.764052,-1.472431,0.131244,0.676821
1.070263,3.088678,-10.518264,-1.732892,0.187571,1.045142
0.857168,4.745550,-10.757696,-1.758991,0.446034,1.238091
1.225894,6.253973,-11.629230,-1.668709,0.700104,1.050202
1.422228,6.136652,-12.673156,-1.558319,0.715817,0.826626
1.348004,5.471030,-13.420184,-1.257910,0.595307,0.786811
1.767011,5.533282,-14.028342,-0.873211,0.364407,0.859250
1.948979,5.712856,-14.229465,-0.596504,0.161471,0.970306
1.534762,5.839756,-14.289324,-0.477858,-0.016431,1.080029
1.221105,6.179749,-14.217494,-0.196624,-0.009240,1.032358
1.221105,5.887642,-14.914243,0.117500,-0.125356,0.880955
1.053502,5.226809,-14.155242,0.395805,-0.426164,0.748195
0.593792,4.618650,-13.226244,0.775578,-0.323498,0.744466
0.545906,4.606679,-13.587787,0.909270,-0.211643,0.760179
0.660833,4.551610,-13.001178,0.813528,-0.279289,0.690803
0.325628,4.247530,-12.009928,0.926714,-0.158379,0.618363
0.272953,4.154151,-11.753735,1.143099,0.023517,0.535138
0.351966,4.005703,-11.499937,1.237643,0.034836,0.442592
0.110139,3.476558,-11.064170,1.231385,-0.047590,0.394788
0.074224,3.184451,-10.585305,1.252291,0.037766,0.417558
0.107745,3.024031,-10.209396,1.205951,0.071988,0.417958
-0.009577,3.000087,-9.859825,1.261212,0.117129,0.411433
-0.282530,2.877977,-9.519831,1.291440,0.021520,0.330338
-0.260981,2.679248,-8.870970,1.246165,-0.052384,0.232466
-0.222672,2.554743,-7.910845,1.134977,-0.009373,0.096243
-0.055069,2.020809,-7.716905,1.024587,0.096889,0.025535
-0.105350,1.644900,-7.252407,0.917526,0.124586,0.043511
0.150842,1.597014,-7.132690,0.820053,0.082907,0.044843
0.129293,1.628140,-6.835794,0.726974,0.056807,-0.001763
0.440556,1.673632,-6.653826,0.584093,-0.021091,-0.079129
0.727874,1.309695,-6.230030,0.459322,-0.096859,-0.163686
0.684777,0.610553,-5.834967,0.324564,-0.130549,-0.125735
0.761395,0.464499,-5.614689,0.155851,-0.059441,-0.026131
1.031954,0.794915,-5.784686,-0.015260,0.012865,0.062686
0.885900,0.938575,-5.983415,-0.197423,-0.026817,0.134593
0.842802,1.098995,-6.129469,-0.340304,-0.143066,0.118481
0.782944,1.180402,-6.026513,-0.501294,-0.257717,0.119413
0.531540,1.280963,-5.854122,-0.758293,-0.158246,0.165486
0.287319,1.716730,-6.359324,-0.990791,0.119659,0.201306
0.050281,2.197989,-7.278744,-1.228881,0.256548,0.111956
-0.256193,2.626573,-7.977887,-1.393600,0.347629,-0.057557
-0.239432,3.301772,-8.753648,-1.476958,0.456953,-0.235592
-0.083801,3.478952,-9.902923,-1.507851,0.508087,-0.385131
0.000000,3.213182,-10.544601,-1.461778,0.403423,-0.530142
0.086196,3.306561,-11.040227,-1.360044,0.309013,-0.581009
0.153237,3.735145,-11.329940,-1.240333,0.299958,-0.611769
0.624918,4.173306,-11.904577,-1.075081,0.174654,-0.697258
1.017588,4.130208,-12.057815,-0.918618,-0.105914,-0.885946
0.260981,3.237126,-11.519092,-0.758959,-0.152653,-0.896998
0.093379,3.541205,-11.713032,-0.767215,-0.076486,-0.767700
0.229855,4.671326,-11.906972,-0.845247,-0.061705,-0.792201
0.181969,5.104698,-11.626836,-0.754964,-0.071825,-0.974897
0.251404,4.867660,-11.555006,-0.567342,0.136304,-1.275839
1.060685,4.968222,-12.254148,-0.354419,0.351491,-1.387027
1.161247,4.743155,-13.084979,-0.253084,0.353222,-1.366121
1.170824,4.621045,-12.924560,-0.099151,0.215002,-1.265053
1.436594,4.951461,-12.982023,0.078618,0.160140,-1.219778
1.652083,5.418355,-12.591748,0.285282,0.230714,-1.207261
2.322494,5.787080,-13.084979,0.519244,0.405820,-1.260658
2.746289,5.260329,-13.537506,0.721381,0.285177,-1.243081
3.052763,4.920335,-12.953291,0.916727,0.154680,-1.108456
3.330504,5.111881,-12.706676,1.116201,0.145359,-0.924562
3.411911,5.162162,-12.481609,1.249095,0.061202,-0.763306
3.234731,4.826957,-12.460060,1.381989,-0.098724,-0.600184
2.786993,4.539638,-12.002745,1.469342,-0.291007,-0.406570
2.521223,4.726395,-11.298814,1.582528,-0.501932,-0.278070
1.869967,4.333726,-10.570939,1.580930,-0.590217,-0.202835
1.479692,4.125420,-9.732925,1.566948,-0.514449,-0.149438
1.268992,3.795003,-8.878152,1.565350,-0.590617,-0.212955
0.811676,3.191633,-7.554091,1.517546,-0.523105,-0.258895
0.548300,2.308128,-7.439164,1.312346,-0.244800,-0.231997
0.383092,1.879544,-7.142268,1.061739,-0.035073,-0.139451
0.344783,1.723913,-7.226069,0.861732,0.056008,-0.111221
0.169997,1.453354,-7.384094,0.727240,-0.048123,-0.113884
0.146054,1.187585,-6.797485,0.614853,-0.007109,-0.065147
0.292107,0.996039,-6.816639,0.492213,0.099285,-0.033455
0.294502,0.581821,-6.957905,0.346802,0.075583,0.031527
0.265770,0.498019,-6.608334,0.170631,0.011400,0.103034
0.457316,0.864351,-6.603545,0.099524,-0.059974,0.087055
0.311262,0.701537,-6.301860,-0.034435,-0.203254,0.062686
0.160420,0.553089,-6.026513,-0.216731,-0.166103,0.091982
0.239432,0.608158,-6.162989,-0.431652,-0.061971,0.155898
0.366332,0.950547,-6.474251,-0.714217,-0.039334,0.206766
0.421401,1.257020,-6.270734,-0.951509,0.052679,0.219416
0.560272,1.817292,-6.534110,-1.156309,0.149087,0.191985
0.754212,2.001655,-7.135085,-1.335010,0.185706,0.183596
1.019982,1.879544,-7.994647,-1.478556,0.171858,0.335531
1.122938,2.224327,-8.356190,-1.578426,0.073186,0.600786
1.084629,3.306561,-8.794351,-1.674568,0.016060,0.767236
1.041531,4.077533,-9.479128,-1.768046,0.120192,0.851926
0.981673,4.498934,-10.125595,-1.795477,0.193962,0.921436
1.036742,4.968222,-10.161510,-1.731960,0.360279,0.899997
1.565888,5.492579,-11.317968,-1.621970,0.470003,0.807318
1.838841,5.322582,-12.045842,-1.596403,0.323793,0.799062
2.190806,5.576380,-12.153587,-1.510781,0.236440,0.883485
2.581081,6.139046,-12.244572,-1.318231,0.219929,0.929559
2.858823,6.189327,-12.603720,-1.136468,0.175719,0.944472
2.770232,5.909191,-12.876673,-0.912892,0.078246,1.063518
2.609813,6.091159,-13.264553,-0.686920,-0.047457,1.209461
2.341649,6.409605,-13.810459,-0.480921,-0.127087,1.334765
2.035175,6.696923,-14.301295,-0.206744,-0.333751,1.333034
1.814897,6.740021,-14.097778,0.156783,-0.530029,1.248211
1.326455,6.177355,-13.695532,0.541748,-0.552400,1.152335
1.079840,5.918768,-13.741024,0.854275,-0.641750,1.087620
0.572243,5.542860,-13.209484,1.023788,-0.799678,1.045807
0.016760,5.389623,-12.199080,1.155084,-0.669448,0.978428
-0.280136,5.238780,-11.610076,1.332986,-0.428694,0.814109
-0.474076,4.860477,-11.353883,1.408754,-0.305388,0.637139
-0.634496,4.324149,-10.815160,1.428728,-0.225492,0.500117
-0.694354,3.984155,-10.367422,1.432989,-0.146262,0.402777
-0.859562,3.704019,-9.886163,1.465214,0.006872,0.310631
-0.677594,3.440643,-9.764052,1.505428,0.027912,0.206233
-0.567455,3.138958,-9.565323,1.464947,-0.037337,0.127003
-0.699143,2.791781,-8.858997,1.428062,-0.092864,0.090117
-0.627313,2.846851,-8.758436,1.437383,-0.037470,0.006093
-0.474076,2.703192,-8.471117,1.412216,-0.097259,-0.130129
-0.421401,2.083062,-7.922817,1.317406,-0.280221,-0.219480
-0.330417,1.647295,-7.290716,1.192102,-0.281419,-0.260493
-0.172391,1.357581,-6.929173,1.077451,-0.224693,-0.296979
0.052675,1.103783,-6.790302,0.983707,-0.158912,-0.293650
0.395063,1.043925,-6.737627,0.864928,-0.181682,-0.320016
0.452527,0.694354,-6.366507,0.630300,-0.271166,-0.359165
0.577032,0.512385,-5.902008,0.425233,-0.189539,-0.366089
1.084629,0.560272,-5.882854,0.240407,-0.106580,-0.396849
1.300118,0.019155,-5.827784,0.043064,-0.024021,-0.325742
1.556310,-0.117322,-6.249185,-0.222724,0.024316,-0.153832
1.620957,-0.026338,-6.328197,-0.466540,0.074385,0.009156
1.664055,0.454922,-6.718472,-0.622470,0.076249,0.166418
1.525184,0.928998,-7.091987,-0.787322,0.049350,0.253505
1.221105,1.199556,-7.175788,-0.899177,0.058539,0.307967
1.369553,1.925036,-7.683385,-0.961629,0.157077,0.305704
1.494058,2.083062,-8.483088,-1.046185,0.109139,0.319286
1.194767,1.819686,-9.028995,-1.167228,-0.089003,0.444723
0.656045,2.020809,-9.072092,-1.161635,-0.186476,0.500384
0.265770,2.631362,-9.553351,-1.097053,-0.198460,0.454310
0.040704,3.198817,-9.986724,-1.110369,-0.174492,0.327009
0.169997,3.055157,-10.381787,-1.107839,-0.222829,0.150173
-0.320839,2.300945,-10.207002,-1.059235,-0.242270,0.036587
-0.792521,2.456576,-10.309958,-1.081473,-0.059441,0.101303
-0.864351,3.268252,-10.635586,-1.171223,0.138301,0.038718
-0.759001,3.548388,-11.432896,-1.196390,0.269864,-0.168879
-0.828436,3.385574,-11.964436,-1.134471,0.173589,-0.364624
-1.079840,3.572331,-12.467243,-1.008102,0.026314,-0.440792
-1.283358,3.754300,-12.493581,-0.864955,-0.166236,-0.513364
-1.678421,4.039224,-11.887817,-0.547634,-0.160510,-0.635339
-1.295329,4.661748,-12.297247,-0.330317,-0.144930,-0.879554
-0.682382,4.628228,-12.182319,-0.319930,-0.198194,-1.186488
-1.166036,3.263463,-11.377827,-0.238436,-0.088870,-1.224439
-0.852379,3.474164,-11.729792,-0.244695,0.171591,-1.102731
-0.885900,3.998521,-11.825564,-0.277586,0.228184,-1.071971
-1.113361,4.415133,-11.504725,-0.184773,0.513413,-1.171175
-0.342388,5.205260,-12.098517,-0.071454,0.835261,-1.364390
0.905054,4.927518,-12.692310,0.079683,0.899444,-1.521919
1.666449,4.281051,-13.223850,0.297133,0.853238,-1.468521
2.545166,4.216404,-13.805671,0.540151,0.646707,-1.235891
2.866005,4.230770,-13.858346,0.830306,0.326457,-0.925095
2.877977,4.537243,-13.262159,1.088637,-0.002981,-0.700188
2.435027,4.649776,-12.515130,1.364545,-0.114037,-0.591529
2.253059,4.470202,-12.031477,1.517412,-0.326028,-0.527080
1.817292,3.984155,-11.265293,1.542979,-0.458389,-0.430672
1.400679,3.634583,-10.187847,1.525802,-0.453861,-0.333198
1.087023,3.464586,-9.680251,1.498903,-0.353991,-0.254101
0.711114,3.194028,-9.254061,1.416211,-0.287012,-0.226670
0.462104,3.052763,-8.705761,1.277192,-0.119630,-0.299775
0.653650,2.633756,-8.648297,1.207948,-0.019493,-0.391789
0.720691,1.743068,-8.301120,1.130316,-0.071293,-0.389658
0.574638,1.094206,-7.932395,0.966396,-0.039201,-0.238655
0.375909,0.928998,-7.740849,0.776909,0.101150,-0.100967
0.107745,1.233077,-7.427192,0.683697,0.289305,-0.043708
0.177180,1.374342,-7.724088,0.644681,0.249357,-0.148905
0.270559,0.907449,-7.652258,0.501001,0.070390,-0.249574
0.404641,0.507597,-7.135085,0.380358,0.011134,-0.225605
0.263376,0.088590,-7.065649,0.285415,0.046155,-0.067011
0.284925,0.433373,-7.094381,0.173960,0.032040,0.050436
0.090984,0.718297,-7.034523,0.013902,0.025914,0.062953
0.172391,0.940969,-7.034523,-0.134572,0.049750,0.035389
0.316051,0.775761,-7.175788,-0.201951,0.010068,0.015148
0.193940,0.596187,-7.317053,-0.311541,-0.059042,0.099305
0.380697,0.775761,-7.324236,-0.432051,-0.209513,0.203703
0.296896,1.206739,-6.747204,-0.547900,-0.241737,0.223544
0.407035,1.687998,-6.589179,-0.575731,-0.141335,0.138055
0.526751,1.795743,-6.754387,-0.684789,-0.049454,0.043778
0.591398,1.608986,-7.417615,-0.926608,0.056541,0.081595
0.646467,1.664055,-7.889297,-1.205978,0.113134,0.261228
1.000827,2.279396,-7.934789,-1.420632,-0.024287,0.408903
0.967307,2.954596,-7.436769,-1.554857,0.053079,0.438331
1.122938,3.378391,-8.808717,-1.700667,0.192364,0.484538
1.137304,3.387968,-9.675462,-1.983899,0.126051,0.627152
1.336033,3.828524,-9.802361,-2.063795,0.108740,0.765239
1.544339,4.685691,-10.202213,-2.047549,0.226853,0.892407
1.922642,5.358497,-11.056987,-1.979504,0.377191,0.959386
1.836446,5.516522,-12.105700,-1.884029,0.340305,1.086954
1.901093,6.004964,-12.926953,-1.788952,0.162270,1.231432
1.704759,6.649037,-13.154414,-1.553126,-0.087804,1.267652
1.616168,6.962693,-13.707503,-1.210904,-0.168766,1.225307
1.395891,6.644248,-14.042708,-0.857897,-0.215372,1.229701
1.168430,6.318620,-14.516785,-0.383448,-0.332420,1.210127
0.742240,6.165383,-14.885510,-0.058937,-0.525768,1.172043
0.577032,6.289888,-14.002005,0.239608,-0.600737,1.053397
0.359149,5.947500,-14.227072,0.586757,-0.389945,0.907987
0.172391,5.533282,-14.016371,0.929910,-0.159045,0.755518
0.198729,5.329764,-14.124116,1.289842,-0.115635,0.631813
0.241827,4.946673,-14.224677,1.395704,-0.296599,0.535538
-0.210700,4.357669,-13.379481,1.342973,-0.459587,0.551783
-0.581821,4.463019,-11.904577,1.500102,-0.412981,0.537668
-0.895477,4.647382,-11.078536,1.753772,-0.138805,0.400913
-0.885900,4.460625,-10.841497,1.860166,-0.131747,0.188256
-0.993644,4.065562,-10.120807,1.876945,-0.193667,0.014616
-0.821253,3.632189,-9.536592,1.856172,-0.242403,-0.107093
-0.730269,3.014454,-8.875758,1.781469,-0.337346,-0.177401
-0.754212,2.420661,-8.006618,1.694649,-0.375830,-0.212689
-0.596187,2.008838,-7.264378,1.599972,-0.382221,-0.200571
-0.565060,1.743068,-6.622699,1.440712,-0.326028,-0.170211
