0,72914.00,-6.908821,-1.146282,7.281138,0.033911,0.041590,0.066025,-19.438765,57.966045,-7.278481
0,72938.00,-6.890265,-1.114558,7.276350,0.040569,0.045585,0.059633,-19.438765,57.966045,-7.278481
0,72962.00,-6.831604,-1.054101,7.206316,0.049091,0.050645,0.058834,-19.438765,57.966045,-7.278481
0,72986.00,-6.832801,-1.139698,7.154838,0.058146,0.046916,0.055638,-19.438765,57.966045,-7.278481
0,73010.00,-6.708895,-1.094805,6.996214,0.040835,0.024013,0.042589,53.938194,36.425793,-36.900208
0,73034.00,-6.808858,-1.125931,7.047093,0.041368,-0.010609,0.031137,53.938194,36.425793,-36.900208
0,73058.00,-6.894455,-1.127128,7.050685,0.035242,-0.033779,0.036996,53.938194,36.425793,-36.900208
0,73082.00,-6.929173,-1.097797,7.065051,0.027785,-0.050823,0.058035,53.938194,36.425793,-36.900208
0,73106.00,-6.927377,-1.111565,7.067445,0.025655,-0.080118,0.088928,53.938194,36.425793,-36.900208
0,73130.00,-7.060861,-0.890688,7.244026,0.024057,-0.133649,0.157905,64.095383,2.801984,25.390053
0,73154.00,-7.093184,-0.796711,7.276350,0.033378,-0.135247,0.176015,64.095383,2.801984,25.390053
0,73178.00,-7.105754,-0.626116,7.268568,0.032845,-0.115805,0.174151,64.095383,2.801984,25.390053
0,73202.00,-7.124310,-0.427387,7.329025,0.029383,-0.075591,0.141926,64.095383,2.801984,25.390053
0,73226.00,-7.303885,0.171793,7.484057,0.009409,0.008034,0.007967,64.095383,2.801984,25.390053
0,73250.00,-7.560077,0.137075,7.508599,0.057080,0.043987,-0.070331,2.276612,25.392981,-64.829269
0,73274.00,-7.962922,0.155631,7.563669,0.103686,0.089528,-0.112942,2.276612,25.392981,-64.829269
0,73298.00,-8.304113,0.434570,7.795918,0.135112,0.146786,-0.120666,2.276612,25.392981,-64.829269
0,73322.00,-8.619565,0.936779,8.129926,0.174528,0.210437,-0.101757,2.276612,25.392981,-64.829269
0,73346.00,-9.662293,1.683808,9.085261,0.382790,0.325221,-0.049026,2.276612,25.392981,-64.829269
0,73370.00,-10.313549,1.499445,9.315715,0.501302,0.450125,-0.053553,61.993896,-28.019840,-16.249634
0,73394.00,-10.569742,1.470115,9.459973,0.556963,0.670638,-0.052754,61.993896,-28.019840,-16.249634
0,73418.00,-10.634389,1.291139,9.622189,0.611293,0.964656,-0.043699,61.993896,-28.019840,-16.249634
0,73442.00,-10.341682,0.994243,9.046952,0.704771,1.283175,0.034333,61.993896,-28.019840,-16.249634
0,73466.00,-9.216351,0.272354,7.831833,0.996392,1.509280,0.260705,61.993896,-28.019840,-16.249634
0,73490.00,-8.328056,0.416014,7.201527,1.199594,1.393964,0.392001,23.641741,22.240749,-103.760681
0,73514.00,-8.420238,-0.611151,6.027710,1.547408,1.147884,0.467103,23.641741,22.240749,-103.760681
0,73538.00,-8.808717,-2.120174,5.645815,1.626239,0.915653,0.509181,23.641741,22.240749,-103.760681
0,73562.00,-8.118553,-2.757662,5.831974,1.442478,0.889021,0.599997,23.641741,22.240749,-103.760681
0,73586.00,-4.609073,-3.951233,3.762680,1.122894,0.899940,0.973644,23.641741,22.240749,-103.760681
0,73610.00,-3.359835,-4.483371,3.255682,0.885070,0.691145,1.120919,23.641741,22.240749,-103.760681
0,73634.00,-1.983099,-4.002711,3.193429,0.611825,0.482083,1.116391,-33.974056,56.039680,-56.535183
0,73658.00,-0.186159,-4.418725,2.553546,0.512754,0.273555,0.964589,-33.974056,56.039680,-56.535183
0,73682.00,0.752416,-4.751535,2.833084,0.156418,-0.049225,0.744609,-33.974056,56.039680,-56.535183
0,73706.00,2.311719,-4.597102,3.289202,-0.460113,-0.928881,0.478288,-33.974056,56.039680,-56.535183
0,73730.00,2.488301,-3.702821,4.328339,-0.812189,-1.457793,0.313436,-33.974056,56.039680,-56.535183
0,73754.00,2.024401,-3.100649,5.793066,-1.083302,-2.030381,0.088928,-38.001907,-2.626860,-11.002356
0,73778.00,0.650059,-2.232707,8.149080,-1.336307,-2.533726,-0.146232,-38.001907,-2.626860,-11.002356
0,73802.00,-0.715903,-0.976884,10.721183,-1.483582,-2.824015,-0.353163,-38.001907,-2.626860,-11.002356
0,73826.00,-2.475731,-0.717699,13.547682,-1.284374,-2.913232,-0.890065,-38.001907,-2.626860,-11.002356
0,73850.00,-2.721149,-1.104382,13.837994,-1.201016,-2.827477,-1.273299,-38.001907,-2.626860,-11.002356
0,73874.00,-3.396348,-1.765215,14.007392,-1.162666,-2.808568,-1.612591,77.755058,-38.527283,11.510157
0,73898.00,-3.772856,-2.497280,14.140876,-1.192494,-2.817357,-1.772117,77.755058,-38.527283,11.510157
0,73922.00,-3.447227,-2.339254,14.378512,-1.259074,-2.885535,-1.711130,77.755058,-38.527283,11.510157
0,73946.00,-5.031671,-1.919649,15.688807,-1.182906,-3.347068,-1.412851,77.755058,-38.527283,11.510157
0,73970.00,-6.366507,-1.894509,16.061123,-1.156807,-3.350530,-1.334819,77.755058,-38.527283,11.510157
0,73994.00,-6.795091,-1.687400,15.788769,-1.130175,-3.098858,-1.237879,77.755058,-38.527283,11.510157
0,74018.00,-6.358127,-0.997834,15.226103,-1.071584,-2.775811,-1.165706,77.755058,-38.527283,11.510157
0,74042.00,-6.085772,-0.560870,14.547312,-0.907265,-2.546776,-1.152656,77.755058,-38.527283,11.510157
0,74066.00,-7.309272,-0.292706,13.472260,-0.554923,-1.993363,-1.337216,77.755058,-38.527283,11.510157
0,74090.00,-7.808488,-0.308868,12.731217,-0.424160,-1.496675,-1.472507,77.755058,-38.527283,11.510157
0,74114.00,-7.795320,-0.486048,11.479585,-0.324024,-0.933408,-1.573442,77.755058,-38.527283,11.510157
0,74138.00,-7.218886,-0.532737,10.379992,-0.264634,-0.487056,-1.612325,-21.715376,20.314384,-91.065651
0,74162.00,-6.931567,-0.531540,9.726940,-0.182341,-0.256689,-1.519113,-21.715376,20.314384,-91.065651
0,74186.00,-7.712715,-0.914632,8.827871,-0.043056,-0.037241,-1.042666,-21.715376,20.314384,-91.065651
0,74210.00,-8.421435,-0.795514,9.206773,-0.059834,0.094854,-0.748116,-21.715376,20.314384,-91.065651
0,74234.00,-8.927835,-0.586011,9.998695,-0.070753,0.297790,-0.402965,-21.715376,20.314384,-91.065651
0,74258.00,-9.303144,-0.132286,11.197055,-0.018555,0.493269,0.005836,20.139261,-28.194965,-116.963509
0,74282.00,-9.719158,0.329818,12.716852,0.119399,0.698868,0.449259,20.139261,-28.194965,-116.963509
0,74306.00,-12.227213,-0.159223,16.957798,0.541517,1.579322,1.099081,20.139261,-28.194965,-116.963509
0,74330.00,-11.714828,-0.585412,18.733788,0.715957,2.369228,1.311870,20.139261,-28.194965,-116.963509
0,74354.00,-10.695444,-1.030158,19.614300,0.909039,3.155405,1.518801,20.139261,-28.194965,-116.963509
0,74378.00,-9.269026,-2.448795,19.614300,1.140471,3.773534,1.734521,28.370089,29.771080,-44.009422
0,74402.00,-7.870142,-3.471769,19.614300,1.266174,4.167688,1.991519,28.370089,29.771080,-44.009422
0,74426.00,-4.817379,-4.913751,18.070560,1.339678,4.518432,2.512442,28.370089,29.771080,-44.009422
0,74450.00,-2.954596,-4.764106,16.322702,1.294404,4.444927,2.749467,28.370089,29.771080,-44.009422
0,74474.00,-1.509022,-4.565975,14.391083,1.280289,4.189260,2.892214,28.370089,29.771080,-44.009422
0,74498.00,-0.566856,-4.172109,12.600128,1.223030,3.855028,2.877034,28.370089,29.771080,-44.009422
0,74522.00,0.064048,-3.724370,11.275469,1.115703,3.506415,2.708720,3.677604,32.397942,-56.027382
0,74546.00,1.349800,-2.991109,8.677029,0.955378,2.755392,2.252513,3.677604,32.397942,-56.027382
0,74570.00,1.653280,-2.741501,7.615147,0.863498,2.368163,1.945979,3.677604,32.397942,-56.027382
0,74594.00,1.963944,-2.470942,6.766359,0.755638,1.972944,1.602160,3.677604,32.397942,-56.027382
0,74618.00,2.109399,-2.309325,5.992393,0.636593,1.609417,1.226914,3.677604,32.397942,-56.027382
0,74642.00,2.105808,-2.232108,5.450079,0.500503,1.285571,0.821042,29.595957,19.438765,-6.601414
0,74666.00,2.415873,-2.263833,4.311578,0.201160,0.690878,0.094255,29.595957,19.438765,-6.601414
0,74690.00,2.449992,-2.166264,3.956021,0.009409,0.311905,-0.196034,29.595957,19.438765,-6.601414
0,74714.00,2.397915,-2.123167,3.696836,-0.166362,-0.132317,-0.429331,29.595957,19.438765,-6.601414
0,74738.00,2.284185,-2.007042,3.742927,-0.373559,-0.631667,-0.646914,29.595957,19.438765,-6.601414
0,74762.00,2.014225,-1.924438,4.260699,-0.586083,-1.165906,-0.827479,71.100349,37.826786,-88.695915
0,74786.00,1.178007,-1.930423,6.165982,-0.995683,-2.192836,-1.107648,71.100349,37.826786,-88.695915
0,74810.00,0.277143,-2.066301,7.638491,-1.202614,-2.663957,-1.307921,71.100349,37.826786,-88.695915
0,74834.00,-0.642277,-2.323092,9.303743,-1.372792,-3.057045,-1.491416,71.100349,37.826786,-88.695915
0,74858.00,-1.470713,-2.384148,10.997727,-1.544835,-3.345736,-1.639223,71.100349,37.826786,-88.695915
0,74882.00,-2.933047,-2.441612,13.046071,-1.674267,-3.573440,-1.803809,42.204884,26.093477,-64.152199
0,74906.00,-5.095719,-3.194626,15.654687,-1.675599,-3.712193,-1.826979,42.204884,26.093477,-64.152199
0,74930.00,-5.352510,-2.777416,16.046757,-1.674001,-3.600338,-1.728174,42.204884,26.093477,-64.152199
0,74954.00,-6.240206,-2.622982,16.772837,-1.638846,-3.520176,-1.760399,42.204884,26.093477,-64.152199
0,74978.00,-6.960897,-2.414077,17.368423,-1.558418,-3.425100,-1.808603,42.204884,26.093477,-64.152199
0,75002.00,-7.264378,-2.223728,17.528246,-1.416735,-3.230420,-1.790227,42.204884,26.093477,-64.152199
0,75026.00,-7.708525,-1.142691,16.477736,-1.086498,-2.525470,-1.722848,-17.337276,40.803894,-21.496910
0,75050.00,-8.056301,-0.756008,15.520605,-0.898743,-2.047426,-1.817391,-17.337276,40.803894,-21.496910
0,75074.00,-8.343021,-0.694354,14.537136,-0.719775,-1.507062,-1.968928,-17.337276,40.803894,-21.496910
0,75098.00,-8.150278,-0.736853,13.572224,-0.546667,-0.980014,-2.061607,-17.337276,40.803894,-21.496910
0,75122.00,-7.710321,-0.723086,12.363689,-0.348792,-0.569881,-2.011539,-17.337276,40.803894,-21.496910
0,75146.00,-7.355362,-1.857995,9.832889,-0.003374,-0.189043,-1.610461,43.255630,88.437622,-118.317642
0,75170.00,-7.570851,-1.863382,9.485712,0.027253,-0.121931,-1.321770,43.255630,88.437622,-118.317642
0,75194.00,-7.799510,-1.680815,9.388741,0.050689,-0.038306,-1.032546,43.255630,88.437622,-118.317642
0,75218.00,-8.264606,-1.725709,9.394129,0.086376,0.073815,-0.779009,43.255630,88.437622,-118.317642
0,75242.00,-9.473142,-1.444376,9.920880,0.107681,0.171021,-0.566486,43.255630,88.437622,-118.317642
0,75266.00,-17.008078,-1.897502,13.878697,0.263479,0.798738,-0.131851,25.743229,23.291492,-78.032097
0,75290.00,-19.394022,-2.087850,16.128763,0.341777,1.719673,0.346726,25.743229,23.291492,-78.032097
0,75314.00,-17.852676,-2.512843,17.011072,0.493047,2.859523,0.952072,25.743229,23.291492,-78.032097
0,75338.00,-14.330028,-2.782803,16.912905,0.597710,3.771404,1.466336,25.743229,23.291492,-78.032097
0,75362.00,-11.501134,-3.815355,17.135576,0.734333,4.147980,1.924940,25.743229,23.291492,-78.032097
0,75386.00,-7.709723,-5.407580,18.915756,0.730870,4.203109,2.977703,-13.134300,44.306374,-43.163090
0,75410.00,-6.024717,-6.170771,19.452084,0.768954,4.069149,3.596631,-13.134300,44.306374,-43.163090
0,75434.00,-3.766271,-5.581767,18.754139,0.860568,3.885921,4.119151,-13.134300,44.306374,-43.163090
0,75458.00,-2.478125,-4.423513,17.426487,0.995593,3.692307,4.182003,-13.134300,44.306374,-43.163090
0,75482.00,-1.631133,-3.779440,15.476909,1.109844,3.594833,3.721003,-13.134300,44.306374,-43.163090
0,75506.00,-0.081407,-3.377194,11.499338,1.105317,3.474457,2.442932,88.787872,6.829836,-123.057121
0,75530.00,0.830232,-3.306561,9.355222,1.068032,3.243024,2.024810,88.787872,6.829836,-123.057121
0,75554.00,1.822080,-3.298779,7.213499,0.994794,2.851534,1.726797,88.787872,6.829836,-123.057121
0,75578.00,2.743895,-2.919279,5.518318,0.865895,2.327948,1.514274,88.787872,6.829836,-123.057121
0,75602.00,3.235330,-2.368585,3.832714,0.581465,1.185435,1.101744,88.787872,6.829836,-123.057121
0,75626.00,3.308955,-2.027992,3.516064,0.392377,0.725234,0.823439,20.664633,-60.242657,25.390053
0,75649.00,3.365222,-1.835848,3.295188,0.187311,0.332944,0.465771,20.664633,-60.242657,25.390053
0,75673.00,3.393954,-1.734089,3.257477,-0.028941,-0.059079,0.084933,20.664633,-60.242657,25.390053
0,75697.00,3.207795,-1.740075,3.424481,-0.220958,-0.499306,-0.242108,20.664633,-60.242657,25.390053
0,75721.00,2.870794,-2.038767,3.732152,-0.415105,-0.945126,-0.534261,20.664633,-60.242657,25.390053
0,75745.00,2.418865,-2.309325,4.883822,-0.834293,-1.888166,-0.921224,20.839756,-14.885540,-93.943192
0,75769.00,2.132145,-2.514040,5.887642,-1.057736,-2.374999,-1.059444,20.839756,-14.885540,-93.943192
0,75793.00,2.023204,-2.877378,7.026742,-1.276118,-2.841592,-1.180087,20.839756,-14.885540,-93.943192
0,75817.00,1.774194,-3.420291,8.656677,-1.504621,-3.306055,-1.311916,20.839756,-14.885540,-93.943192
0,75841.00,0.912237,-4.041618,10.856462,-1.731792,-3.732167,-1.457060,20.839756,-14.885540,-93.943192
0,75865.00,-1.979507,-4.550412,15.892922,-2.169356,-4.162274,-1.865329,20.839756,-14.885540,-93.943192
0,75889.00,-4.059576,-4.551610,18.134008,-2.254579,-4.129517,-2.091968,49.910343,-9.982068,-52.303509
0,75913.00,-6.062428,-4.749141,19.614300,-2.201847,-3.921254,-2.289044,49.910343,-9.982068,-52.303509
0,75937.00,-6.893857,-5.452474,19.614300,-2.063094,-3.579566,-2.340710,49.910343,-9.982068,-52.303509
0,75961.00,-6.957905,-5.359694,18.715830,-2.009830,-3.200325,-2.244036,49.910343,-9.982068,-52.303509
0,75985.00,-6.776535,-3.252689,18.427912,-1.763484,-3.022956,-2.118333,49.910343,-9.982068,-52.303509
0,76009.00,-8.102990,-2.753472,18.407560,-1.427122,-3.008309,-2.055482,-8.230828,88.087372,-101.729477
0,76033.00,-9.313919,-2.376366,18.022673,-1.218327,-2.513486,-2.090369,-8.230828,88.087372,-101.729477
0,76057.00,-9.057128,-1.373145,16.301752,-1.064926,-1.698546,-2.154553,-8.230828,88.087372,-101.729477
0,76081.00,-8.329852,-0.990053,14.089397,-0.857463,-0.983210,-2.267473,-8.230828,88.087372,-101.729477
0,76105.00,-8.249043,-1.422228,11.473599,-0.425225,-0.500638,-2.145498,-8.230828,88.087372,-101.729477
0,76129.00,-8.980510,-1.613774,10.793612,-0.240133,-0.403697,-1.736963,97.719193,43.781002,-48.071831
0,76153.00,-9.264237,-1.519797,9.872993,-0.122419,-0.260417,-1.237080,97.719193,43.781002,-48.071831
0,76177.00,-9.560534,-1.393496,9.455184,-0.079009,-0.091837,-0.795521,97.719193,43.781002,-48.071831
0,76201.00,-9.773629,-0.867942,9.733524,-0.080074,0.108703,-0.430662,97.719193,43.781002,-48.071831
0,76225.00,-10.512279,-0.709917,11.349693,0.092501,0.591541,0.297723,97.719193,43.781002,-48.071831
0,76249.00,-11.074346,-0.708121,12.536679,0.225927,0.903668,0.700932,36.951164,-23.291492,0.846335
0,76273.00,-11.215013,-0.821852,13.790706,0.395307,1.288501,1.072715,36.951164,-23.291492,0.846335
0,76297.00,-11.438283,-0.578229,15.605603,0.559094,1.715146,1.375255,36.951164,-23.291492,0.846335
0,76321.00,-10.725373,-1.841833,18.937305,1.074690,2.823304,1.890318,36.951164,-23.291492,0.846335
0,76345.00,-9.524021,-2.703192,19.347332,1.321835,3.395892,2.060230,36.951164,-23.291492,0.846335
0,76369.00,-8.130525,-3.599267,19.239588,1.465381,3.840114,2.096716,36.951164,-23.291492,0.846335
0,76393.00,-6.730444,-4.624038,18.916952,1.524505,4.114158,2.107102,109.977875,34.674553,38.931412
0,76417.00,-5.466241,-5.640428,18.438686,1.537022,4.196184,2.212299,109.977875,34.674553,38.931412
0,76441.00,-3.497508,-5.972641,16.848257,1.489617,4.034528,2.646667,109.977875,34.674553,38.931412
0,76465.00,-1.900494,-5.601521,14.877728,1.495476,3.889650,2.758255,109.977875,34.674553,38.931412
0,76489.00,-0.703333,-5.400996,12.976636,1.448071,3.679790,2.649330,109.977875,34.674553,38.931412
0,76513.00,0.352564,-4.967623,11.099486,1.311182,3.446759,2.418164,36.075546,95.267456,-62.628796
0,76537.00,1.305505,-4.415133,9.399516,1.152455,3.168189,2.145186,36.075546,95.267456,-62.628796
0,76561.00,2.804352,-3.502896,6.163588,0.874683,2.341531,1.589376,36.075546,95.267456,-62.628796
0,76585.00,2.988116,-3.027024,5.259731,0.750045,1.766279,1.337171,36.075546,95.267456,-62.628796
0,76609.00,2.684037,-2.818717,4.787450,0.634196,1.224584,1.072182,36.075546,95.267456,-62.628796
0,76633.00,2.397915,-2.595447,4.410344,0.481062,0.817114,0.769909,90.889359,46.758110,-93.604660
0,76657.00,2.357212,-2.356613,4.036830,0.290111,0.513509,0.404518,90.889359,46.758110,-93.604660
0,76681.00,2.365592,-2.339254,3.384377,-0.129876,-0.146965,-0.282588,90.889359,46.758110,-93.604660
0,76705.00,2.174046,-2.337459,3.541205,-0.333878,-0.596780,-0.510026,90.889359,46.758110,-93.604660
0,76729.00,1.848418,-2.526011,3.924297,-0.531487,-1.067101,-0.688194,90.889359,46.758110,-93.604660
0,76753.00,1.805320,-2.426049,4.388197,-0.752267,-1.528634,-0.850117,63.044643,-27.669592,29.113926
0,76777.00,1.601803,-2.742099,5.161563,-0.942419,-2.020261,-1.033877,63.044643,-27.669592,29.113926
0,76801.00,0.499216,-3.217971,8.296930,-1.373858,-2.972089,-1.385154,63.044643,-27.669592,29.113926
0,76825.00,-0.744036,-3.627400,10.152531,-1.538444,-3.327094,-1.558794,63.044643,-27.669592,29.113926
0,76849.00,-1.896304,-3.818946,12.147003,-1.714215,-3.512453,-1.735365,63.044643,-27.669592,29.113926
0,76873.00,-3.373602,-3.541205,14.118729,-1.845245,-3.617383,-1.981445,63.044643,-27.669592,29.113926
0,76897.00,-4.600094,-4.394781,15.538562,-1.839652,-3.700741,-2.179853,103.848534,161.639450,-119.333244
0,76921.00,-5.035263,-5.046037,16.826708,-1.848174,-3.643482,-1.946290,103.848534,161.639450,-119.333244
0,76945.00,-5.718244,-4.471998,17.756304,-1.868148,-3.690355,-1.805141,103.848534,161.639450,-119.333244
0,76969.00,-6.942342,-4.048203,18.669140,-1.844978,-3.671978,-1.766791,103.848534,161.639450,-119.333244
0,76993.00,-7.956337,-3.574127,18.781673,-1.779730,-3.365178,-1.744686,103.848534,161.639450,-119.333244
0,77017.00,-8.234079,-2.615799,18.077742,-1.650032,-2.828542,-1.659464,24.167112,49.034721,-149.293503
0,77041.00,-8.165242,-1.317477,15.344622,-1.162400,-1.912667,-1.551071,24.167112,49.034721,-149.293503
0,77065.00,-8.305909,-1.007412,14.228269,-0.937625,-1.559793,-1.488220,24.167112,49.034721,-149.293503
0,77089.00,-8.280768,-0.795514,13.087972,-0.717112,-1.198663,-1.344673,24.167112,49.034721,-149.293503
0,77113.00,-8.100595,-0.729072,11.850705,-0.512845,-0.878280,-1.152124,24.167112,49.034721,-149.293503
0,77137.00,-7.686976,-0.536328,10.849279,-0.370363,-0.613291,-0.978483,-1.576116,18.037773,-122.718582
0,77161.00,-7.397861,-0.280734,10.169291,-0.119490,-0.240976,-0.773150,-1.576116,18.037773,-122.718582
0,77185.00,-7.936584,-0.157427,10.093870,0.014735,-0.072661,-0.631468,-1.576116,18.037773,-122.718582
0,77209.00,-8.893716,-0.287319,10.530235,0.145499,0.164896,-0.475138,-1.576116,18.037773,-122.718582
0,77233.00,-9.595252,-0.663228,10.824738,0.260016,0.519901,-0.314547,-1.576116,18.037773,-122.718582
0,77257.00,-10.509285,-1.000229,11.845318,0.320737,0.899407,-0.107616,-1.576116,18.037773,-122.718582
0,77281.00,-11.766904,-0.797908,15.281771,0.646713,1.614477,0.743011,48.159100,18.388020,-108.161621
0,77305.00,-12.102109,-1.303111,16.721357,0.975619,2.082135,1.218658,48.159100,18.388020,-108.161621
0,77329.00,-12.273902,-1.999260,17.837711,1.211312,2.681355,1.529987,48.159100,18.388020,-108.161621
0,77353.00,-12.842554,-4.285840,19.614300,1.417710,3.275516,1.729460,48.159100,18.388020,-108.161621
0,77377.00,-11.125824,-6.755584,19.614300,1.474170,3.972742,2.039457,48.159100,18.388020,-108.161621
0,77401.00,-4.554602,-6.746605,17.830528,1.390279,4.490202,3.047213,-51.486458,-64.095383,34.530472
0,77425.00,-3.041988,-5.935528,16.763258,1.460588,4.129338,3.355611,-51.486458,-64.095383,34.530472
0,77449.00,-2.710374,-5.228604,15.832465,1.535424,3.795106,3.291961,-51.486458,-64.095383,34.530472
0,77473.00,-2.346437,-5.256139,15.141703,1.524238,3.749832,2.952935,-51.486458,-64.095383,34.530472
0,77497.00,-1.157655,-4.916744,13.707503,1.455794,3.849435,2.546797,-51.486458,-64.095383,34.530472
0,77521.00,1.544339,-4.360064,9.169662,1.249129,3.513339,1.748103,102.797791,-23.991989,-111.546959
0,77545.00,2.220137,-4.166722,7.393073,1.107980,3.005201,1.511078,102.797791,-23.991989,-111.546959
0,77569.00,2.490097,-3.932078,6.108518,0.957242,2.411040,1.353150,102.797791,-23.991989,-111.546959
0,77593.00,2.716360,-3.699829,4.925124,0.789195,1.840050,1.226648,102.797791,-23.991989,-111.546959
0,77617.00,3.058748,-3.314342,4.217002,0.561757,1.290631,1.069519,102.797791,-23.991989,-111.546959
0,77641.00,2.821112,-2.520026,3.827925,0.134313,0.267962,0.582420,-64.795883,-19.964136,36.561676
0,77665.00,2.676854,-2.332670,3.813559,-0.065693,-0.138709,0.250851,-64.795883,-19.964136,36.561676
0,77689.00,2.591257,-2.164469,3.830918,-0.278217,-0.505165,-0.115073,-64.795883,-19.964136,36.561676
0,77713.00,2.412281,-2.379359,4.039823,-0.480620,-0.897988,-0.473540,-64.795883,-19.964136,36.561676
0,77737.00,2.268023,-2.467949,4.510307,-0.682757,-1.330492,-0.757970,-64.795883,-19.964136,36.561676
0,77761.00,1.784968,-3.272442,5.910986,-1.059866,-2.313213,-1.176891,107.526138,15.060664,-79.894028
0,77785.00,1.052904,-3.568141,7.434974,-1.263601,-2.852511,-1.330292,107.526138,15.060664,-79.894028
0,77809.00,0.089189,-4.283445,9.313320,-1.491838,-3.300995,-1.500470,107.526138,15.060664,-79.894028
0,77833.00,-0.976884,-4.703649,11.303602,-1.742445,-3.571576,-1.657599,107.526138,15.060664,-79.894028
0,77857.00,-1.862185,-4.594707,13.267547,-1.963757,-3.740955,-1.839230,107.526138,15.060664,-79.894028
0,77881.00,-5.553634,-5.264519,17.327122,-2.014624,-3.990764,-2.245102,40.803894,15.936284,11.679424
0,77905.00,-6.825020,-5.688314,18.187283,-1.984796,-3.883170,-2.290376,40.803894,15.936284,11.679424
0,77929.00,-6.844773,-5.502755,18.243549,-1.961360,-3.645080,-2.149226,40.803894,15.936284,11.679424
0,77953.00,-6.668191,-4.503124,18.089115,-1.905167,-3.457591,-1.965732,40.803894,15.936284,11.679424
0,77977.00,-7.264378,-3.456206,18.339323,-1.797041,-3.364379,-1.832305,40.803894,15.936284,11.679424
0,78001.00,-10.497912,-1.481488,18.033447,-1.400756,-2.614155,-1.582763,-58.316292,48.509350,18.450104
0,78025.00,-10.324923,-0.715304,16.160488,-1.139762,-1.883639,-1.453864,-58.316292,48.509350,18.450104
0,78049.00,-9.683843,-0.460907,14.293514,-0.889155,-1.235415,-1.350000,-58.316292,48.509350,18.450104
0,78073.00,-8.783577,-0.371120,12.642628,-0.694475,-0.776279,-1.209383,-58.316292,48.509350,18.450104
0,78097.00,-7.985070,-0.288516,11.188076,-0.487544,-0.546978,-0.943062,-58.316292,48.509350,18.450104
0,78121.00,-7.333215,0.201123,9.594055,-0.189532,-0.405295,-0.419743,17.512400,-22.766121,-60.259056
0,78145.00,-7.343989,0.339395,9.057727,-0.069954,-0.305159,-0.311884,17.512400,-22.766121,-60.259056
0,78169.00,-7.366735,0.177180,8.744070,0.024856,-0.202626,-0.252494,17.512400,-22.766121,-60.259056
0,78193.00,-7.788735,0.301685,9.619794,0.121796,-0.194636,-0.091903,17.512400,-22.766121,-60.259056
0,78217.00,-8.662663,0.308269,11.267089,0.288246,-0.142171,0.179743,17.512400,-22.766121,-60.259056
0,78241.00,-10.050174,0.561469,13.742820,0.680270,0.467968,0.677762,17.512400,-22.766121,-60.259056
0,78265.00,-11.352686,-0.185560,15.895316,0.886135,0.962525,0.795742,35.024799,63.394890,-65.337067
0,78289.00,-11.962640,-1.214521,18.014891,1.054982,1.665877,0.969915,35.024799,63.394890,-65.337067
0,78313.00,-11.399974,-2.338656,19.614300,1.209980,2.514639,1.227713,35.024799,63.394890,-65.337067
0,78337.00,-9.705391,-3.122198,19.614300,1.389480,3.322921,1.521464,35.024799,63.394890,-65.337067
0,78361.00,-7.080015,-5.679336,19.109695,1.705336,4.126675,1.847174,35.024799,63.394890,-65.337067
0,78385.00,-5.811024,-6.299466,18.421328,1.691487,4.282472,1.996047,0.000000,2.101488,-128.304398
0,78409.00,-4.178095,-6.726254,17.109837,1.692553,4.331475,2.218957,0.000000,2.101488,-128.304398
0,78433.00,-2.276403,-6.645445,15.389516,1.669649,4.227876,2.427752,0.000000,2.101488,-128.304398
0,78457.00,-1.122938,-6.397034,13.709898,1.613455,3.961556,2.483679,0.000000,2.101488,-128.304398
0,78481.00,0.587208,-5.456065,10.588897,1.382822,3.278711,2.294592,0.000000,2.101488,-128.304398
0,78505.00,1.519198,-5.106494,8.861392,1.242471,2.983096,2.058366,82.833656,-54.113316,-114.932304
0,78529.00,2.439217,-4.732381,7.124310,1.073624,2.629689,1.780860,82.833656,-54.113316,-114.932304
0,78553.00,3.331103,-4.170912,5.631449,0.895989,2.137796,1.523595,82.833656,-54.113316,-114.932304
0,78577.00,3.753102,-3.569338,4.636608,0.719951,1.551093,1.270857,82.833656,-54.113316,-114.932304
0,78601.00,3.753701,-3.135367,4.125420,0.398503,0.458115,0.696937,82.833656,-54.113316,-114.932304
0,78625.00,3.665111,-3.002482,4.003309,0.184914,0.092457,0.327551,82.833656,-54.113316,-114.932304
0,78649.00,3.910529,-2.699600,3.738138,-0.044920,-0.255357,-0.071663,1.400992,53.237698,-4.739476
0,78673.00,3.692047,-2.765444,3.970387,-0.244128,-0.693720,-0.470344,1.400992,53.237698,-4.739476
0,78697.00,3.399940,-2.868998,4.450449,-0.454787,-1.168835,-0.814430,1.400992,53.237698,-4.739476
0,78721.00,2.312318,-3.359835,6.321014,-0.832695,-2.149160,-1.242140,1.400992,53.237698,-4.739476
0,78745.00,1.910072,-3.548986,7.460712,-1.045219,-2.581664,-1.388616,1.400992,53.237698,-4.739476
0,78769.00,1.357581,-3.918909,8.951777,-1.255878,-3.021625,-1.548674,59.191914,107.876389,-157.756851
0,78793.00,0.215489,-4.506716,10.971390,-1.471864,-3.401930,-1.722049,59.191914,107.876389,-157.756851
0,78817.00,-1.433601,-5.030474,13.175364,-1.703296,-3.632829,-1.874650,59.191914,107.876389,-157.756851
0,78841.00,-5.098114,-4.389394,17.778452,-1.969616,-3.705801,-2.163874,59.191914,107.876389,-157.756851
0,78865.00,-6.990827,-5.011918,18.983994,-1.825537,-3.574772,-2.268804,59.191914,107.876389,-157.756851
0,78889.00,-8.697979,-5.158570,18.849913,-1.724868,-3.211777,-2.184381,64.270508,-31.697445,-69.907280
0,78913.00,-7.994048,-3.962007,17.437859,-1.648434,-2.861833,-1.968661,64.270508,-31.697445,-69.907280
0,78937.00,-8.100595,-2.285382,16.871004,-1.166661,-2.768620,-1.707401,64.270508,-31.697445,-69.907280
0,78961.00,-9.460571,-1.674231,16.795582,-1.061997,-2.312947,-1.812065,64.270508,-31.697445,-69.907280
0,78985.00,-9.749087,-0.898470,16.006653,-0.894482,-1.578436,-1.923120,64.270508,-31.697445,-69.907280
0,79009.00,-9.203780,-1.022376,13.963098,-0.596736,-0.895857,-1.882640,57.966045,-48.159100,-81.755966
0,79033.00,-7.873734,-0.859562,11.623244,-0.438541,-0.425536,-1.822984,57.966045,-48.159100,-81.755966
0,79057.00,-7.395467,-1.417440,9.091846,-0.127746,-0.430596,-1.266641,57.966045,-48.159100,-81.755966
0,79081.00,-7.682188,-1.330047,8.870970,-0.097652,-0.522210,-0.851981,57.966045,-48.159100,-81.755966
0,79105.00,-7.859367,-0.720691,8.876955,-0.113365,-0.520878,-0.486856,57.966045,-48.159100,-81.755966
0,79129.00,-8.202953,-0.339994,9.276209,-0.097119,-0.425536,-0.257288,57.966045,-48.159100,-81.755966
0,79153.00,-8.889525,-0.262777,9.667681,-0.034534,-0.276663,-0.095365,0.525372,70.224724,-104.099213
0,79177.00,-11.040825,-0.673404,11.989576,0.107415,0.226682,0.445265,0.525372,70.224724,-104.099213
0,79201.00,-11.558598,-0.464499,13.814051,0.207818,0.649333,0.903602,0.525372,70.224724,-104.099213
0,79225.00,-11.486170,-0.462703,15.005825,0.450169,1.137764,1.364602,0.525372,70.224724,-104.099213
0,79249.00,-10.896567,-0.831429,16.225134,0.737262,1.592638,1.708421,0.525372,70.224724,-104.099213
0,79273.00,-10.774457,-1.324061,17.803593,0.967895,2.083467,1.817080,3.152232,72.501335,-76.508690
0,79297.00,-8.915863,-3.818348,18.697273,1.357788,3.339432,1.806960,3.152232,72.501335,-76.508690
0,79321.00,-7.130895,-4.469005,18.337526,1.421705,3.803362,1.907362,3.152232,72.501335,-76.508690
0,79345.00,-5.830777,-4.883822,17.758101,1.490149,3.961024,2.003770,3.152232,72.501335,-76.508690
0,79369.00,-4.498336,-5.621274,16.744104,1.560990,3.931196,2.099113,3.152232,72.501335,-76.508690
0,79393.00,-3.322124,-6.103730,15.471521,1.573774,3.812151,2.245589,-9.982068,64.620758,-101.390938
0,79417.00,-0.599180,-5.815214,12.689317,1.421439,3.384973,2.499925,-9.982068,64.620758,-101.390938
0,79441.00,0.317248,-5.288463,10.982763,1.363647,3.049410,2.540672,-9.982068,64.620758,-101.390938
0,79465.00,1.152268,-4.888012,9.309730,1.236879,2.737283,2.379814,-9.982068,64.620758,-101.390938
0,79489.00,2.004049,-4.455238,7.967710,1.044596,2.437672,2.071948,-9.982068,64.620758,-101.390938
0,79513.00,2.523617,-3.975176,6.710092,0.858704,2.093320,1.708155,104.549034,23.991989,-58.058586
0,79537.00,3.155719,-3.462192,5.047833,0.499438,1.276250,1.050344,104.549034,23.991989,-58.058586
0,79561.00,3.075509,-3.471769,4.622840,0.331124,0.852268,0.768577,104.549034,23.991989,-58.058586
0,79585.00,3.147338,-3.364623,4.313374,0.131650,0.474094,0.477489,104.549034,23.991989,-58.058586
0,79609.00,3.326314,-3.049770,4.035633,-0.082738,0.121752,0.174151,104.549034,23.991989,-58.058586
0,79633.00,3.404728,-2.857027,3.882396,-0.304050,-0.228991,-0.190442,104.549034,23.991989,-58.058586
0,79657.00,2.968363,-3.244907,4.469005,-0.737885,-1.090537,-0.858106,43.781002,-93.516220,-52.472775
0,79681.00,2.647523,-3.369412,5.262125,-0.937093,-1.639423,-1.023491,43.781002,-93.516220,-52.472775
0,79705.00,1.940001,-3.560958,6.448512,-1.122185,-2.208017,-1.122562,43.781002,-93.516220,-52.472775
0,79729.00,1.064277,-3.845882,7.904860,-1.323523,-2.685795,-1.224563,43.781002,-93.516220,-52.472775
0,79753.00,0.211299,-3.995528,9.512648,-1.579191,-3.021092,-1.371039,43.781002,-93.516220,-52.472775
0,79777.00,-2.641538,-3.692047,13.711693,-1.985862,-3.450666,-1.772117,34.849678,-87.386879,-34.699738
0,79801.00,-5.132233,-3.516663,16.276613,-2.074013,-3.516448,-2.003017,34.849678,-87.386879,-34.699738
0,79825.00,-6.752592,-3.404130,17.641376,-1.984530,-3.400332,-2.134312,34.849678,-87.386879,-34.699738
0,79849.00,-7.340398,-3.452615,17.623419,-1.804764,-3.136941,-2.127921,34.849678,-87.386879,-34.699738
0,79873.00,-7.624724,-3.001285,17.501308,-1.664413,-2.871686,-2.065069,34.849678,-87.386879,-34.699738
0,79897.00,-8.725514,-1.992676,16.926672,-1.277450,-2.501768,-1.907674,76.003815,-108.576881,-29.790995
0,79921.00,-9.160084,-1.528776,16.240698,-1.076112,-2.132648,-1.815794,76.003815,-108.576881,-29.790995
0,79945.00,-8.847026,-1.220507,14.929806,-0.891818,-1.643950,-1.751344,76.003815,-108.576881,-29.790995
0,79969.00,-8.438195,-0.969701,13.559653,-0.726700,-1.208783,-1.662127,76.003815,-108.576881,-29.790995
0,79993.00,-7.660639,-0.838013,12.030878,-0.550396,-0.892661,-1.527102,76.003815,-108.576881,-29.790995
0,80017.00,-7.347581,-1.067868,10.035210,-0.275287,-0.774681,-1.099392,-11.558185,4.553224,-29.452461
0,80041.00,-8.183799,-0.906850,10.282423,-0.214832,-0.785867,-0.871156,-11.558185,4.553224,-29.452461
0,80065.00,-9.170259,-0.745233,10.742732,-0.151448,-0.652440,-0.652773,-11.558185,4.553224,-29.452461
0,80089.00,-10.176475,-0.648263,10.826533,-0.075281,-0.345107,-0.462354,-11.558185,4.553224,-29.452461
0,80113.00,-10.699634,-0.415415,10.659529,0.006480,0.066358,-0.283387,-11.558185,4.553224,-29.452461
0,80137.00,-12.356506,-0.428584,12.513334,0.223797,0.768111,0.350455,52.887451,-57.090424,-39.608482
0,80161.00,-13.190928,-0.296298,14.339006,0.421939,1.100745,0.868980,52.887451,-57.090424,-39.608482
0,80185.00,-13.904436,-0.909843,16.096439,0.703439,1.554288,1.338503,52.887451,-57.090424,-39.608482
0,80209.00,-13.205294,-2.084259,16.984135,0.930078,2.263499,1.707090,52.887451,-57.090424,-39.608482
0,80233.00,-10.813963,-2.472738,16.878784,1.105583,2.996146,2.001373,52.887451,-57.090424,-39.608482
0,80257.00,-6.522737,-4.046407,16.170065,1.311182,3.603356,2.007232,13.309424,-47.983978,-41.639687
0,80281.00,-5.060403,-4.952659,15.518210,1.366044,3.573794,2.140925,13.309424,-47.983978,-41.639687
0,80305.00,-3.739934,-5.521909,15.102796,1.402530,3.440634,2.404848,13.309424,-47.983978,-41.639687
0,80329.00,-2.727733,-5.205260,14.583227,1.387882,3.247286,2.547596,13.309424,-47.983978,-41.639687
0,80353.00,-2.265629,-5.095121,13.896056,1.434222,3.011592,2.551325,13.309424,-47.983978,-41.639687
0,80377.00,-0.457316,-4.826358,11.270082,1.364979,2.844876,2.123348,125.563911,-10.332316,-30.637329
0,80401.00,0.634496,-4.641397,9.483317,1.221432,2.733021,1.796041,125.563911,-10.332316,-30.637329
0,80425.00,1.550923,-4.176299,7.820460,1.036872,2.462440,1.493235,125.563911,-10.332316,-30.637329
0,80449.00,1.907677,-3.854263,6.809457,0.882407,2.046182,1.244225,125.563911,-10.332316,-30.637329
0,80473.00,2.179433,-3.744722,5.926550,0.747382,1.623265,1.027973,125.563911,-10.332316,-30.637329
0,80497.00,2.967166,-3.394552,4.547419,0.396106,0.836289,0.579224,125.563911,-10.332316,-30.637329
0,80521.00,3.286808,-3.148536,4.108061,0.181452,0.433347,0.291332,113.830605,-57.790920,-64.998535
0,80545.00,3.441840,-3.062939,3.824333,-0.036931,0.005903,-0.027187,113.830605,-57.790920,-64.998535
0,80569.00,3.273639,-3.206598,3.903346,-0.254781,-0.444977,-0.347304,113.830605,-57.790920,-64.998535
0,80593.00,3.001883,-3.358039,4.273269,-0.484881,-0.916097,-0.625875,113.830605,-57.790920,-64.998535
0,80617.00,2.241087,-3.567542,5.778700,-0.925641,-1.912667,-0.977684,113.830605,-57.790920,-64.998535
0,80641.00,2.016619,-3.689054,6.935159,-1.128311,-2.429329,-1.082614,76.879440,51.661583,4.231675
0,80665.00,1.268992,-4.073343,8.690198,-1.309941,-2.949186,-1.187278,76.879440,51.661583,4.231675
0,80689.00,0.399852,-4.259502,10.487737,-1.525660,-3.324963,-1.305524,76.879440,51.661583,4.231675
0,80713.00,-0.776359,-4.582736,12.696500,-1.723270,-3.581163,-1.467979,76.879440,51.661583,4.231675
0,80737.00,-4.431893,-4.111054,16.973959,-1.969083,-3.707133,-1.890363,76.879440,51.661583,4.231675
0,80761.00,-6.264149,-4.145173,18.028061,-1.854832,-3.515382,-1.992896,23.116369,67.247620,-35.884605
0,80785.00,-7.403848,-4.164328,18.140594,-1.728863,-3.142001,-2.038437,23.116369,67.247620,-35.884605
0,80809.00,-7.812079,-3.581908,17.473175,-1.639113,-2.718020,-2.026453,23.116369,67.247620,-35.884605
0,80833.00,-7.703138,-3.142550,16.413090,-1.487576,-2.356091,-1.964666,23.116369,67.247620,-35.884605
0,80857.00,-7.940176,-1.922043,14.900475,-1.146953,-1.851946,-1.696216,23.116369,67.247620,-35.884605
0,80881.00,-8.131721,-1.225894,14.180981,-0.940289,-1.605334,-1.635495,-20.664633,18.212896,-52.811310
0,80905.00,-8.153271,-0.884703,13.400432,-0.724836,-1.335285,-1.624309,-20.664633,18.212896,-52.811310
0,80929.00,-8.516011,-0.677594,12.589952,-0.522699,-1.029816,-1.607531,-20.664633,18.212896,-52.811310
0,80953.00,-9.068501,-0.627911,11.855494,-0.356248,-0.667088,-1.555332,-20.664633,18.212896,-52.811310
0,80977.00,-9.877184,-0.347776,10.162108,-0.080607,0.000843,-1.217638,-20.664633,18.212896,-52.811310
0,81001.00,-10.772062,-0.432175,9.913697,0.045895,0.202714,-0.926817,-20.664633,18.212896,-52.811310
0,81025.00,-11.815389,-0.365733,10.314148,0.150559,0.382213,-0.496177,25.392981,182.304092,-59.751255
0,81049.00,-12.842554,-0.161617,11.341911,0.259750,0.624565,-0.010675,25.392981,182.304092,-59.751255
0,81073.00,-13.320820,-0.321438,12.341541,0.416613,0.970515,0.447928,25.392981,182.304092,-59.751255
0,81097.00,-13.354939,-0.909843,14.433582,0.774547,1.943382,1.220789,25.392981,182.304092,-59.751255
0,81121.00,-12.460659,-1.822679,14.771181,0.948987,2.527422,1.460743,25.392981,182.304092,-59.751255
0,81145.00,-10.786428,-2.600235,14.936390,1.048058,3.049942,1.594170,-21.014881,44.131248,-27.082722
0,81169.00,-8.996073,-3.757891,14.755618,1.094930,3.416399,1.701497,-21.014881,44.131248,-27.082722
0,81193.00,-7.147056,-4.748542,14.382104,1.057113,3.554885,1.874605,-21.014881,44.131248,-27.082722
0,81217.00,-4.421717,-6.826816,14.429991,0.923686,3.134632,2.465037,-21.014881,44.131248,-27.082722
0,81241.00,-3.654935,-6.880089,14.859173,0.843258,2.770572,2.842945,-21.014881,44.131248,-27.082722
0,81265.00,-2.922871,-6.134856,15.099802,0.847519,2.501855,3.134299,15.060664,-36.425793,-25.728586
0,81289.00,-1.872960,-5.144205,14.242635,0.951650,2.442466,3.146550,15.060664,-36.425793,-25.728586
0,81313.00,-1.116353,-4.626432,13.030508,1.037139,2.520498,2.739080,15.060664,-36.425793,-25.728586
0,81337.00,0.578229,-4.404358,10.027428,0.950052,2.675762,1.518801,15.060664,-36.425793,-25.728586
0,81361.00,1.663456,-4.460625,8.219713,0.874683,2.550326,1.174183,15.060664,-36.425793,-25.728586
0,81385.00,2.953997,-4.375028,6.425766,0.753774,2.231540,1.002140,15.060664,-36.425793,-25.728586
0,81409.00,4.148166,-3.933874,4.871850,0.574008,1.722070,0.884160,-2.451736,1.400992,-8.801885
0,81433.00,5.261526,-2.900125,3.395151,0.154287,0.414704,0.509181,-2.451736,1.400992,-8.801885
0,81457.00,4.864069,-2.600834,3.672893,-0.073150,-0.235916,0.183206,-2.451736,1.400992,-8.801885
0,81481.00,4.418725,-2.588264,4.211616,-0.299522,-0.799715,-0.201893,-2.451736,1.400992,-8.801885
0,81505.00,3.710603,-2.736113,5.057410,-0.504056,-1.309985,-0.587259,-2.451736,1.400992,-8.801885
0,81529.00,2.663087,-3.171282,6.158799,-0.697671,-1.763794,-0.942530,49.735218,32.222816,-8.801885
0,81553.00,1.194767,-3.918909,8.252635,-1.063329,-2.482060,-1.393410,49.735218,32.222816,-8.801885
0,81577.00,0.484851,-4.732381,9.506063,-1.235904,-2.828010,-1.561191,49.735218,32.222816,-8.801885
0,81601.00,-0.326825,-5.192091,11.095296,-1.445764,-3.160910,-1.682367,49.735218,32.222816,-8.801885
0,81625.00,-1.570078,-5.448882,12.766534,-1.624465,-3.465580,-1.776378,49.735218,32.222816,-8.801885
0,81649.00,-3.435854,-5.974436,14.586819,-1.765881,-3.646146,-1.862666,6.654712,-23.816864,-59.581989
0,81673.00,-6.246192,-5.353109,17.049381,-1.995183,-3.450134,-1.932175,6.654712,-23.816864,-59.581989
0,81697.00,-7.176985,-6.018731,17.122408,-1.892383,-3.253323,-1.896222,6.654712,-23.816864,-59.581989
0,81721.00,-7.152443,-4.286438,17.051775,-1.737385,-3.148659,-1.789428,6.654712,-23.816864,-59.581989
0,81745.00,-8.588439,-4.170912,17.018255,-1.587180,-3.059176,-1.554533,6.654712,-23.816864,-59.581989
0,81769.00,-9.069698,-2.980933,16.676464,-1.566940,-2.591251,-1.466648,40.979015,83.008781,-5.755078
0,81793.00,-9.395925,-0.957131,15.154273,-1.155209,-1.490550,-1.389149,40.979015,83.008781,-5.755078
0,81817.00,-9.178640,-0.235242,13.680567,-0.884628,-1.051921,-1.417112,40.979015,83.008781,-5.755078
0,81841.00,-9.213956,-0.257390,12.090137,-0.604193,-0.648712,-1.404329,40.979015,83.008781,-5.755078
0,81865.00,-8.805724,-0.076020,10.870230,-0.410045,-0.304893,-1.323367,40.979015,83.008781,-5.755078
0,81889.00,-8.730902,0.129293,10.005878,-0.230279,-0.100092,-1.126823,40.979015,83.008781,-5.755078
0,81913.00,-9.838875,0.554286,9.462966,0.084778,0.083136,-0.576606,75.303322,8.756200,-115.101570
0,81937.00,-10.939665,0.259784,10.126193,0.225395,0.230145,-0.276996,75.303322,8.756200,-115.101570
0,81961.00,-12.129643,0.335804,11.580745,0.300497,0.483415,0.074281,75.303322,8.756200,-115.101570
0,81985.00,-13.179555,-0.113730,13.438741,0.475736,0.833626,0.508649,75.303322,8.756200,-115.101570
0,82009.00,-13.481239,-0.300488,15.106985,0.701043,1.335373,1.000010,75.303322,8.756200,-115.101570
0,82033.00,-11.490359,-1.962747,16.141932,1.171364,2.574028,1.733189,98.594818,76.529190,-93.943192
0,82057.00,-10.278234,-3.236527,16.167671,1.283218,3.093353,1.971545,98.594818,76.529190,-93.943192
0,82081.00,-8.803928,-3.651942,16.012039,1.321302,3.422791,2.246921,98.594818,76.529190,-93.943192
0,82105.00,-7.249413,-4.198447,15.670250,1.392410,3.507480,2.535079,98.594818,76.529190,-93.943192
0,82129.00,-5.609302,-5.257336,14.683190,1.467246,3.436373,2.801399,98.594818,76.529190,-93.943192
0,82153.00,-3.328110,-6.107920,13.338179,1.303725,2.905597,3.194488,19.438765,-108.752007,-97.667068
0,82177.00,-2.431436,-5.949894,13.172971,1.221166,2.564441,3.244556,19.438765,-108.752007,-97.667068
0,82201.00,-1.790954,-5.585359,12.884455,1.205719,2.276549,3.158002,19.438765,-108.752007,-97.667068
0,82225.00,-1.057693,-5.293251,11.964436,1.237678,2.113827,2.898073,19.438765,-108.752007,-97.667068
0,82249.00,0.013767,-5.053220,10.684071,1.235547,2.050975,2.457846,19.438765,-108.752007,-97.667068
0,82273.00,1.942395,-4.919737,7.498423,1.110643,1.949774,1.367531,66.897369,31.522322,-23.358849
0,82297.00,3.019242,-5.065192,5.952289,0.952182,1.757491,0.880964,66.897369,31.522322,-23.358849
0,82321.00,3.765074,-5.075966,4.770092,0.749513,1.384642,0.484147,66.897369,31.522322,-23.358849
0,82345.00,3.988943,-5.095719,4.190665,0.530331,0.861856,0.171488,66.897369,31.522322,-23.358849
0,82369.00,3.747715,-5.069382,4.085913,0.287447,0.297524,-0.082316,66.897369,31.522322,-23.358849
0,82393.00,3.666308,-4.567173,4.339113,-0.314170,-0.684932,-0.605102,180.727966,-21.014881,-70.076546
0,82417.00,3.234731,-4.375627,5.099909,-0.580756,-1.217572,-0.899386,180.727966,-21.014881,-70.076546
0,82441.00,2.202179,-4.407950,6.389852,-0.819379,-1.730504,-1.172098,180.727966,-21.014881,-70.076546
0,82465.00,1.425221,-4.491153,7.618738,-1.060399,-2.118267,-1.397671,180.727966,-21.014881,-70.076546
0,82489.00,0.654848,-4.847308,8.797942,-1.290766,-2.428796,-1.587291,180.727966,-21.014881,-70.076546
0,82513.00,-0.195137,-5.200471,11.223392,-1.709954,-3.071693,-1.837365,-64.795883,18.212896,-137.444809
0,82537.00,-1.271386,-5.739792,12.912588,-1.886258,-3.389679,-1.965732,-64.795883,18.212896,-137.444809
0,82561.00,-2.891744,-6.025914,14.925016,-2.083335,-3.587555,-2.082114,-64.795883,18.212896,-137.444809
0,82585.00,-5.405784,-5.435115,17.369621,-2.256709,-3.633362,-2.205420,-64.795883,18.212896,-137.444809
0,82609.00,-7.981478,-4.677910,19.118675,-2.229811,-3.491680,-2.272532,-64.795883,18.212896,-137.444809
0,82633.00,-8.864385,-3.319730,17.070929,-1.834059,-2.531862,-2.085842,-98.594818,-60.768028,-62.459530
0,82657.00,-8.815301,-2.761254,15.842043,-1.609818,-2.243437,-1.880509,-98.594818,-60.768028,-62.459530
0,82681.00,-8.594425,-0.721290,15.357791,-1.391169,-2.055415,-1.861601,-98.594818,-60.768028,-62.459530
0,82705.00,-9.435431,-1.421630,14.479074,-1.091825,-1.796818,-1.935638,-98.594818,-60.768028,-62.459530
0,82729.00,-9.498282,-0.266967,14.232459,-0.901406,-1.347536,-1.916995,-98.594818,-60.768028,-62.459530
0,82753.00,-9.606626,0.782944,11.871057,-0.349324,-0.384522,-1.874118,-98.594818,-60.768028,-62.459530
0,82777.00,-9.956197,0.552490,10.775055,-0.074482,-0.051622,-1.791558,43.956123,40.453644,-124.072723
0,82801.00,-10.754105,0.089189,10.519462,0.159081,0.173685,-1.524439,43.956123,40.453644,-124.072723
0,82825.00,-11.054592,0.076618,10.266261,0.261082,0.444266,-1.160380,43.956123,40.453644,-124.072723
0,82849.00,-11.628632,0.241228,10.313549,0.371338,0.659985,-0.667954,43.956123,40.453644,-124.072723
0,82873.00,-13.893064,-0.445344,12.731217,0.581997,1.002207,0.431682,43.956123,40.453644,-124.072723
0,82897.00,-14.127109,-0.523160,14.413829,0.721816,1.359875,1.117457,-49.384968,38.527283,-68.045341
0,82921.00,-13.702715,-0.766184,15.679229,0.932208,1.843246,1.715346,-49.384968,38.527283,-68.045341
0,82945.00,-12.896426,-1.827468,16.690830,1.187077,2.339666,2.113228,-49.384968,38.527283,-68.045341
0,82969.00,-11.809403,-2.708579,17.647961,1.357788,2.855795,2.341731,-49.384968,38.527283,-68.045341
0,82993.00,-8.468124,-4.846111,17.571941,1.615053,3.719471,2.532150,-49.384968,38.527283,-68.045341
0,83017.00,-6.599355,-5.860706,16.989523,1.596944,3.950637,2.613643,45.532242,-63.394890,-70.753609
0,83041.00,-4.944877,-6.241403,16.579494,1.587090,3.939718,2.813916,45.532242,-63.394890,-70.753609
0,83065.00,-3.399940,-6.326402,15.819896,1.601205,3.772469,2.884225,45.532242,-63.394890,-70.753609
0,83089.00,-1.856200,-6.076794,14.339006,1.537288,3.570598,2.666108,45.532242,-63.394890,-70.753609
0,83113.00,-0.324431,-6.444921,11.429903,1.440081,2.973242,2.201912,45.532242,-63.394890,-70.753609
0,83137.00,1.141494,-6.826816,9.453388,1.298132,2.750598,2.047180,-24.167112,-18.212896,-71.092148
0,83161.00,2.936638,-5.934930,7.492437,0.979613,2.467767,1.849571,-24.167112,-18.212896,-71.092148
0,83185.00,4.477984,-5.074769,6.052252,0.690656,2.013691,1.578191,-24.167112,-18.212896,-71.092148
0,83209.00,4.637805,-4.620446,5.360891,0.482394,1.434977,1.273787,-24.167112,-18.212896,-71.092148
0,83233.00,4.063167,-4.142778,4.841322,0.102887,0.380615,0.688948,-24.167112,-18.212896,-71.092148
0,83257.00,3.946444,-4.005703,4.721606,-0.110169,0.002441,0.372826,-24.167112,-18.212896,-71.092148
0,83281.00,4.227179,-3.724969,4.412140,-0.366102,-0.332324,0.009831,87.912247,-3.502480,-32.160732
0,83305.00,4.237354,-3.261667,4.575552,-0.605790,-0.777877,-0.389649,87.912247,-3.502480,-32.160732
0,83329.00,3.679477,-3.361630,5.141810,-0.769045,-1.338215,-0.777944,87.912247,-3.502480,-32.160732
0,83353.00,1.841833,-4.267882,7.581626,-1.178113,-2.334785,-1.329759,87.912247,-3.502480,-32.160732
0,83377.00,1.135508,-4.697663,8.771007,-1.394098,-2.716422,-1.485823,87.912247,-3.502480,-32.160732
0,83401.00,0.539321,-5.115473,10.141158,-1.636183,-3.085808,-1.629636,47.983978,20.664633,36.223141
0,83425.00,-0.325628,-5.245365,11.962041,-1.868148,-3.469575,-1.769187,47.983978,20.664633,36.223141
0,83449.00,-1.506628,-5.811622,13.836198,-2.040990,-3.807269,-1.892227,47.983978,20.664633,36.223141
0,83473.00,-4.991566,-6.298268,18.235168,-2.411175,-3.976116,-1.937235,47.983978,20.664633,36.223141
0,83497.00,-7.266174,-5.118465,19.614300,-2.459911,-3.788627,-1.902880,47.983978,20.664633,36.223141
0,83521.00,-8.969136,-3.681871,19.614300,-2.324088,-3.494609,-1.934572,-25.743229,59.367039,-73.631149
0,83545.00,-9.817326,-2.714565,19.614300,-1.975475,-3.107380,-2.032045,-25.743229,59.367039,-73.631149
0,83569.00,-10.031019,-1.965740,18.556009,-1.634585,-2.544113,-2.148960,-25.743229,59.367039,-73.631149
0,83593.00,-8.569284,-0.981074,15.058500,-1.070519,-1.245269,-2.207284,-25.743229,59.367039,-73.631149
0,83617.00,-7.839016,-0.791923,13.463881,-0.802867,-0.834337,-2.149493,-25.743229,59.367039,-73.631149
0,83641.00,-7.232653,-0.649460,11.827360,-0.582887,-0.601573,-2.041633,58.491417,0.000000,19.296440
0,83665.00,-7.258991,-0.590201,10.755302,-0.399925,-0.519014,-1.901282,58.491417,0.000000,19.296440
0,83689.00,-7.626520,-0.724283,10.089680,-0.239068,-0.507296,-1.707667,58.491417,0.000000,19.296440
0,83713.00,-9.960386,-0.711713,9.865212,-0.071020,-0.386919,-1.181419,58.491417,0.000000,19.296440
0,83737.00,-11.247335,-0.318445,10.171685,-0.014293,-0.183983,-0.819756,58.491417,0.000000,19.296440
0,83761.00,-12.401400,-0.341790,10.708612,0.072261,0.128144,-0.410955,58.491417,0.000000,19.296440
0,83785.00,-13.059240,-0.587208,11.295222,0.170000,0.496731,0.075879,9.631821,133.269363,-110.192825
0,83809.00,-13.525535,-0.469886,12.451680,0.253358,0.876237,0.625830,9.631821,133.269363,-110.192825
0,83833.00,-13.083183,-1.370750,14.299500,0.635261,1.775334,1.717742,9.631821,133.269363,-110.192825
0,83857.00,-11.911760,-1.644302,15.747467,0.820354,2.220621,2.124147,9.631821,133.269363,-110.192825
0,83881.00,-10.189045,-1.720920,16.606430,1.102387,2.558582,2.429084,9.631821,133.269363,-110.192825
0,83905.00,-9.178041,-2.849844,17.088886,1.409454,2.816646,2.568103,6.304464,19.613888,29.113926
0,83929.00,-5.685322,-4.540835,16.607628,1.636093,3.337302,2.663445,6.304464,19.613888,29.113926
0,83953.00,-3.957218,-5.396806,15.812114,1.670448,3.324518,2.655722,6.304464,19.613888,29.113926
0,83977.00,-3.031214,-6.364711,15.347016,1.635027,3.108000,2.665043,6.304464,19.613888,29.113926
0,84001.00,-2.268622,-6.490413,14.983678,1.561789,2.847539,2.765712,6.304464,19.613888,29.113926
0,84025.00,-1.380926,-5.918169,14.292316,1.508259,2.647532,2.829895,135.896225,-9.456697,-54.165443
0,84049.00,-0.145455,-5.383637,11.738172,1.483225,2.446461,2.310838,135.896225,-9.456697,-54.165443
0,84073.00,0.409429,-5.279484,10.318338,1.365511,2.425421,1.779529,135.896225,-9.456697,-54.165443
0,84097.00,1.643703,-4.906568,8.797942,1.222764,2.332476,1.330779,135.896225,-9.456697,-54.165443
0,84121.00,2.854632,-4.725198,7.264378,1.175092,2.015289,1.068187,135.896225,-9.456697,-54.165443
0,84145.00,3.361630,-5.032868,5.957676,1.124225,1.537244,0.855930,135.896225,-9.456697,-54.165443
0,84169.00,4.479780,-4.810196,4.143976,0.580666,0.669573,0.297723,-44.831745,52.186954,-116.117172
0,84193.00,4.850900,-4.490554,3.495713,0.236847,0.250119,-0.040503,-44.831745,52.186954,-116.117172
0,84217.00,4.974207,-4.161933,3.373003,-0.104310,-0.233253,-0.358490,-44.831745,52.186954,-116.117172
0,84241.00,4.373232,-4.126617,3.909931,-0.404719,-0.810901,-0.620016,-44.831745,52.186954,-116.117172
0,84265.00,3.662118,-4.172708,4.959243,-0.711520,-1.375233,-0.841062,-44.831745,52.186954,-116.117172
0,84289.00,2.001655,-4.487561,7.567859,-1.267063,-2.405892,-1.099659,52.712326,-95.792831,-69.230209
0,84313.00,1.310892,-4.603686,9.210364,-1.547765,-2.842125,-1.209383,52.712326,-95.792831,-69.230209
0,84337.00,0.630904,-4.862872,10.916321,-1.790649,-3.209913,-1.324433,52.712326,-95.792831,-69.230209
0,84361.00,-0.378303,-5.174732,12.913186,-2.022880,-3.494609,-1.467180,52.712326,-95.792831,-69.230209
0,84385.00,-1.599408,-5.226809,14.921425,-2.233007,-3.671446,-1.645082,52.712326,-95.792831,-69.230209
0,84409.00,-4.394781,-5.495572,18.212423,-2.393598,-3.758266,-1.889032,-8.756200,4.553224,-51.795708
0,84433.00,-5.433319,-5.083748,19.025894,-2.393598,-3.591816,-1.910870,-8.756200,4.553224,-51.795708
0,84457.00,-6.737627,-4.284044,19.366488,-2.307044,-3.359319,-1.886368,-8.756200,4.553224,-51.795708
0,84481.00,-7.760602,-3.608246,19.025295,-2.123016,-3.012836,-1.852812,-8.756200,4.553224,-51.795708
0,84505.00,-8.303514,-2.520026,18.142988,-1.890253,-2.584860,-1.764660,-8.756200,4.553224,-51.795708
0,84529.00,-8.363972,-0.542314,16.242493,-1.252682,-1.791758,-1.921256,-46.057613,-32.748188,-41.470417
0,84553.00,-8.514215,-0.751219,14.646078,-0.964257,-1.166971,-2.154553,-46.057613,-32.748188,-41.470417
0,84577.00,-8.875159,-1.293533,12.823400,-0.665979,-0.658300,-2.176657,-46.057613,-32.748188,-41.470417
0,84601.00,-8.750056,-1.462932,10.811568,-0.525628,-0.274798,-2.106082,-46.057613,-32.748188,-41.470417
0,84625.00,-8.953573,-1.155860,10.054962,-0.444400,-0.106484,-1.878911,-46.057613,-32.748188,-41.470417
0,84649.00,-9.741904,-0.936181,9.198393,-0.160237,-0.073194,-0.905245,32.923313,-40.278522,49.425968
0,84673.00,-10.309360,-0.395662,9.507859,-0.120555,-0.034578,-0.294306,32.923313,-40.278522,49.425968
0,84697.00,-10.711007,0.687769,10.601467,-0.087265,0.082337,0.316099,32.923313,-40.278522,49.425968
0,84721.00,-10.925299,1.848418,12.322387,0.045096,0.272223,0.849539,32.923313,-40.278522,49.425968
0,84745.00,-11.768101,2.095033,14.412632,0.352962,0.543337,1.281510,32.923313,-40.278522,49.425968
0,84769.00,-11.665145,0.849386,17.500113,1.103719,1.662148,1.776599,-110.503250,-55.864559,-8.971151
0,84793.00,-10.845089,-0.331015,18.335133,1.420640,2.377484,1.852767,-110.503250,-55.864559,-8.971151
0,84817.00,-9.674265,-1.821482,18.581747,1.704537,2.984960,1.906830,-110.503250,-55.864559,-8.971151
0,84841.00,-8.380133,-3.446030,18.499743,1.910669,3.437705,1.956898,-110.503250,-55.864559,-8.971151
0,84865.00,-6.926778,-4.798225,18.608086,2.010539,3.721069,2.042919,-110.503250,-55.864559,-8.971151
0,84889.00,-4.353479,-6.687945,17.492331,2.055280,3.819341,2.331877,70.049599,9.806944,-91.065651
0,84913.00,-2.514040,-6.813647,16.161686,1.998022,3.697633,2.490337,70.049599,9.806944,-91.065651
0,84937.00,-1.179204,-6.445519,14.687380,1.958606,3.475788,2.526290,70.049599,9.806944,-91.065651
0,84961.00,-0.624320,-6.234819,13.225646,1.898951,3.202277,2.343328,70.049599,9.806944,-91.065651
0,84985.00,-0.413021,-6.089962,11.881233,1.774046,2.964187,2.013624,70.049599,9.806944,-91.065651
0,85009.00,0.830232,-5.491382,8.988890,1.446206,2.559913,1.434378,6.129340,-7.530332,-90.557854
0,85033.00,1.460537,-5.153782,7.359552,1.255787,2.274418,1.174716,6.129340,-7.530332,-90.557854
0,85057.00,2.236298,-4.788647,6.040280,1.018762,1.922343,0.938223,6.129340,-7.530332,-90.557854
0,85081.00,2.903716,-4.400168,5.147197,0.765758,1.536978,0.735021,6.129340,-7.530332,-90.557854
0,85105.00,3.486734,-4.005105,4.377422,0.511156,1.121252,0.555255,6.129340,-7.530332,-90.557854
0,85129.00,3.792609,-3.460995,3.859051,-0.011364,0.127611,0.148584,6.129340,-7.530332,-90.557854
0,85153.00,3.677083,-3.229344,3.984155,-0.277418,-0.369342,-0.071663,67.772987,-168.994659,-168.420685
0,85177.00,3.588493,-2.865407,4.439675,-0.537612,-0.860170,-0.303894,67.772987,-168.994659,-168.420685
0,85201.00,3.145543,-2.615200,5.371067,-0.749603,-1.362184,-0.561159,67.772987,-168.994659,-168.420685
0,85225.00,2.821112,-2.695410,6.267142,-0.906999,-1.836766,-0.828012,67.772987,-168.994659,-168.420685
0,85249.00,1.421031,-3.733948,8.920651,-1.216463,-2.674343,-1.337749,67.772987,-168.994659,-168.420685
0,85273.00,0.605165,-4.483970,10.200418,-1.420464,-2.945990,-1.528967,17.162153,2.451736,-85.649109
0,85297.00,-0.083203,-4.956250,11.546626,-1.656690,-3.159845,-1.660529,17.162153,2.451736,-85.649109
0,85321.00,-0.723086,-5.425538,13.001178,-1.874806,-3.365977,-1.766791,17.162153,2.451736,-85.649109
0,85345.00,-1.516205,-5.912782,14.848997,-2.038060,-3.600072,-1.807804,17.162153,2.451736,-85.649109
0,85369.00,-3.973380,-6.215664,17.889788,-2.223952,-3.783300,-1.717255,17.162153,2.451736,-85.649109
0,85393.00,-4.967623,-6.195312,18.381224,-2.267895,-3.625372,-1.677041,6.304464,117.683334,-39.947014
0,85417.00,-5.283075,-5.038854,18.526678,-2.257242,-3.465847,-1.637359,6.304464,117.683334,-39.947014
0,85441.00,-6.282705,-3.761482,18.717625,-2.117157,-3.386750,-1.611526,6.304464,117.683334,-39.947014
0,85465.00,-7.172795,-2.512843,18.703857,-1.982399,-3.055980,-1.760399,6.304464,117.683334,-39.947014
0,85489.00,-8.309501,-1.186986,16.706394,-1.404751,-1.946224,-1.915930,6.304464,117.683334,-39.947014
0,85513.00,-8.554918,-0.527948,15.281173,-1.107804,-1.428497,-1.991032,6.304464,117.683334,-39.947014
0,85537.00,-8.829068,-0.195137,13.958308,-0.829233,-0.963236,-2.041100,-31.697445,-0.175124,-60.089790
0,85561.00,-9.020615,-0.283129,12.752168,-0.555722,-0.542184,-1.977183,-31.697445,-0.175124,-60.089790
0,85585.00,-8.811111,-0.371120,11.547225,-0.336541,-0.174129,-1.781172,-31.697445,-0.175124,-60.089790
0,85609.00,-8.914666,0.054471,10.148939,-0.110701,0.254113,-1.099659,-31.697445,-0.175124,-60.089790
0,85633.00,-9.738912,0.423795,10.730162,-0.019620,0.338004,-0.662627,-31.697445,-0.175124,-60.089790
0,85657.00,-11.146774,0.863752,11.915951,0.133781,0.477290,-0.196567,-1.400992,112.429611,-54.503979
0,85681.00,-12.537277,0.354958,13.424973,0.375067,0.810190,0.218360,-1.400992,112.429611,-54.503979
0,85705.00,-12.666571,-0.609954,14.481468,0.617418,1.382778,0.622634,-1.400992,112.429611,-54.503979
0,85729.00,-11.619055,-2.062111,15.835459,0.984141,2.487741,1.341698,-1.400992,112.429611,-54.503979
0,85753.00,-10.921109,-3.431664,16.434040,1.191604,2.886954,1.707622,-1.400992,112.429611,-54.503979
0,85777.00,-9.470149,-4.348092,16.413687,1.310649,3.278978,2.075410,-14.535293,6.129340,46.886963
0,85801.00,-7.822256,-5.099909,16.135347,1.359919,3.566337,2.394462,-14.535293,6.129340,46.886963
0,85825.00,-5.963063,-5.263921,15.460148,1.345005,3.666473,2.648531,-14.535293,6.129340,46.886963
0,85849.00,-3.602859,-5.871480,15.689404,1.349000,3.323453,2.953202,-14.535293,6.129340,46.886963
0,85873.00,-3.058748,-5.917571,15.961161,1.333020,3.123713,2.996079,-14.535293,6.129340,46.886963
0,85897.00,-2.005246,-5.505149,15.552928,1.347934,2.975106,2.970246,-36.776039,-2.451736,-63.644398
0,85921.00,-1.276175,-4.978996,14.853786,1.425700,2.825168,2.816846,-36.776039,-2.451736,-63.644398
0,85945.00,-0.675798,-4.883223,13.542893,1.526102,2.709585,2.501523,-36.776039,-2.451736,-63.644398
0,85969.00,0.393866,-5.244167,10.365027,1.401997,2.582551,1.569668,-36.776039,-2.451736,-63.644398
0,85993.00,1.247443,-5.187302,8.742873,1.196132,2.479218,1.212533,-36.776039,-2.451736,-63.644398
0,86017.00,2.331473,-4.752733,7.059663,0.971890,2.233405,1.020250,-36.776039,-2.451736,-63.644398
0,86041.00,3.180260,-4.538441,5.706871,0.778009,1.797172,0.915320,15.410913,-52.887451,-9.478952
0,86065.00,3.814756,-4.080526,4.661748,0.560958,1.263467,0.814651,15.410913,-52.887451,-9.478952
0,86089.00,3.993133,-3.117409,3.945845,0.078652,0.208839,0.374424,15.410913,-52.887451,-9.478952
0,86113.00,3.862044,-2.919878,3.984155,-0.154910,-0.232720,0.039126,15.410913,-52.887451,-9.478952
0,86137.00,3.635182,-2.658896,4.252319,-0.396463,-0.673746,-0.325466,15.410913,-52.887451,-9.478952
0,86161.00,3.014454,-2.912096,4.783260,-0.599399,-1.158182,-0.682601,73.552078,109.627625,-41.978218
0,86185.00,2.218940,-3.256280,5.673949,-0.799938,-1.641021,-0.943861,73.552078,109.627625,-41.978218
0,86209.00,1.024172,-3.908135,7.745637,-1.214066,-2.492180,-1.257586,73.552078,109.627625,-41.978218
0,86233.00,0.243024,-4.449851,9.119979,-1.438840,-2.862365,-1.399535,73.552078,109.627625,-41.978218
0,86257.00,-0.685375,-4.865266,10.746324,-1.692909,-3.168633,-1.540685,73.552078,109.627625,-41.978218
0,86281.00,-1.390504,-5.097515,12.485201,-1.925407,-3.420572,-1.640821,28.895460,54.463566,-66.521935
0,86305.00,-2.001655,-5.336947,14.160030,-2.075079,-3.646945,-1.647745,28.895460,54.463566,-66.521935
0,86329.00,-5.207056,-5.321983,18.161545,-2.234338,-3.933771,-1.469045,28.895460,54.463566,-66.521935
0,86353.00,-6.033696,-4.124821,18.278267,-2.264699,-3.720715,-1.275962,28.895460,54.463566,-66.521935
0,86377.00,-6.746605,-3.082093,19.008535,-2.093189,-3.468244,-1.117502,28.895460,54.463566,-66.521935
0,86401.00,-8.134715,-1.743666,19.093534,-1.910759,-3.098591,-1.287148,-78.280434,-90.539108,-152.509583
0,86425.00,-8.949982,-0.603968,17.501308,-1.421795,-1.651407,-2.097560,-78.280434,-90.539108,-152.509583
0,86449.00,-8.732099,-0.645270,15.462543,-1.068122,-0.999722,-2.205420,-78.280434,-90.539108,-152.509583
0,86473.00,-8.307106,-0.020950,13.284307,-0.831896,-0.560027,-2.216872,-78.280434,-90.539108,-152.509583
0,86497.00,-8.618368,-0.061654,11.887218,-0.566375,-0.370407,-2.147362,-78.280434,-90.539108,-152.509583
0,86521.00,-9.017023,-0.206510,10.928292,-0.352520,-0.254558,-1.945225,-78.280434,-90.539108,-152.509583
0,86545.00,-9.920281,0.125103,10.051371,-0.115761,-0.031116,-1.201127,1.576116,-10.332316,-3.893141
0,86569.00,-10.707416,0.291509,10.147742,-0.019886,0.087930,-0.770221,1.576116,-10.332316,-3.893141
0,86593.00,-11.450254,0.611151,10.681677,0.078386,0.242129,-0.324134,1.576116,-10.332316,-3.893141
0,86617.00,-12.592347,1.122339,12.337352,0.203290,0.444000,0.129675,1.576116,-10.332316,-3.893141
0,86641.00,-13.611132,0.665622,13.823627,0.449903,0.799271,0.610117,1.576116,-10.332316,-3.893141
0,86665.00,-12.880264,-1.185789,15.187794,0.764959,1.927669,1.675664,-43.956123,75.478447,-110.869896
0,86689.00,-11.520887,-1.713737,16.084469,0.890662,2.363103,2.189129,-43.956123,75.478447,-110.869896
0,86713.00,-10.421892,-2.481118,16.734528,1.152189,2.601459,2.665043,-43.956123,75.478447,-110.869896
0,86737.00,-8.941602,-3.619020,16.877588,1.386551,2.814249,2.957196,-43.956123,75.478447,-110.869896
0,86761.00,-7.794122,-4.249925,17.100260,1.539685,3.005201,3.092487,-43.956123,75.478447,-110.869896
0,86785.00,-4.895793,-5.160965,16.615410,1.759133,3.248617,3.019249,-88.787872,-113.305229,14.049162
0,86809.00,-3.768666,-5.646414,16.263443,1.830773,3.234502,2.902601,-88.787872,-113.305229,14.049162
0,86833.00,-2.575694,-5.570394,15.445184,1.832371,3.201212,2.731623,-88.787872,-113.305229,14.049162
0,86857.00,-1.725709,-5.445291,14.001407,1.854209,3.125045,2.520431,-88.787872,-113.305229,14.049162
0,86881.00,-0.846393,-5.471030,12.347528,1.832104,3.011326,2.244790,-88.787872,-113.305229,14.049162
0,86905.00,0.460309,-5.190894,9.330680,1.561789,2.624629,1.579522,89.313240,64.095383,-60.936127
0,86929.00,1.182197,-5.081354,7.991055,1.358587,2.361771,1.291364,89.313240,64.095383,-60.936127
0,86953.00,2.091442,-4.798823,6.552067,1.131949,2.038991,1.063127,89.313240,64.095383,-60.936127
0,86977.00,2.917483,-4.438478,5.265118,0.900250,1.632054,0.872442,89.313240,64.095383,-60.936127
0,87001.00,3.522050,-3.972183,4.328339,0.670682,1.138296,0.679094,89.313240,64.095383,-60.936127
0,87025.00,3.307160,-3.504691,3.711202,0.182251,0.104441,0.169357,-8.931324,-28.545212,-63.136597
0,87049.00,3.096459,-3.224555,3.939261,-0.097385,-0.311817,-0.132384,-8.931324,-28.545212,-63.136597
0,87073.00,2.724740,-3.186845,4.252917,-0.363972,-0.694785,-0.432527,-8.931324,-28.545212,-63.136597
0,87097.00,2.466153,-3.154521,4.620446,-0.640412,-1.063905,-0.717223,-8.931324,-28.545212,-63.136597
0,87121.00,2.160877,-3.116212,5.256139,-0.908597,-1.484158,-0.957976,-8.931324,-28.545212,-63.136597
0,87145.00,0.981673,-3.756694,7.460712,-1.355215,-2.377396,-1.329759,25.217857,-81.257538,-41.639687
0,87169.00,0.154434,-4.027253,9.140330,-1.593572,-2.774213,-1.513786,25.217857,-81.257538,-41.639687
0,87193.00,-1.002024,-4.358268,10.928890,-1.789051,-3.108978,-1.699412,25.217857,-81.257538,-41.639687
0,87217.00,-2.042957,-4.897589,12.466645,-1.948577,-3.327626,-1.877047,25.217857,-81.257538,-41.639687
0,87241.00,-3.125790,-5.316596,14.004998,-2.096384,-3.457058,-2.031779,25.217857,-81.257538,-41.639687
0,87265.00,-5.227407,-5.535078,16.474743,-2.334741,-3.548140,-2.132981,-30.821825,138.347961,-72.784813
0,87289.00,-6.349148,-5.669160,17.392368,-2.365634,-3.486886,-2.071994,-30.821825,138.347961,-72.784813
0,87313.00,-6.790302,-5.240576,17.723383,-2.395462,-3.284483,-1.875715,-30.821825,138.347961,-72.784813
0,87337.00,-6.710092,-3.325117,17.870634,-2.348590,-3.135610,-1.612857,-30.821825,138.347961,-72.784813
0,87361.00,-7.927007,-1.661661,18.497946,-2.166693,-3.087938,-1.485556,-30.821825,138.347961,-72.784813
0,87385.00,-11.669335,0.487843,18.555410,-1.553624,-2.078851,-1.816859,-30.821825,138.347961,-72.784813
0,87409.00,-11.911161,1.322265,16.613613,-1.142426,-1.198397,-1.809135,-50.260590,98.945061,-92.250519
0,87433.00,-10.785232,2.420063,14.146862,-0.806596,-0.417546,-1.781172,-50.260590,98.945061,-92.250519
0,87457.00,-10.277635,2.720550,12.426540,-0.422030,-0.018066,-1.684498,-50.260590,98.945061,-92.250519
0,87481.00,-10.560164,2.322494,11.434691,-0.063030,0.140927,-1.462653,-50.260590,98.945061,-92.250519
0,87505.00,-11.679511,1.839439,11.351489,0.392644,0.469300,-0.712962,-50.260590,98.945061,-92.250519
0,87529.00,-12.469039,1.339025,12.120067,0.572676,0.736952,-0.335053,-36.951164,24.692484,36.730942
0,87553.00,-13.015544,0.603968,13.275328,0.752975,1.095152,0.023946,-36.951164,24.692484,36.730942
0,87577.00,-12.979629,-0.290312,14.540130,0.956177,1.527923,0.388272,-36.951164,24.692484,36.730942
0,87601.00,-12.718049,-1.116353,15.695391,1.177223,1.993717,0.753930,-36.951164,24.692484,36.730942
0,87625.00,-11.216808,-3.908733,17.170893,1.618782,2.950871,1.412273,-36.951164,24.692484,36.730942
0,87649.00,-9.800566,-4.847907,17.059557,1.672845,3.390566,1.704426,-12.784052,107.000763,-80.063301
0,87673.00,-7.985668,-5.545852,16.604036,1.653670,3.691508,1.977671,-12.784052,107.000763,-80.063301
0,87697.00,-5.985211,-5.934331,15.834860,1.603868,3.786051,2.260237,-12.784052,107.000763,-80.063301
0,87721.00,-4.427104,-6.057040,15.573280,1.529032,3.661680,2.513241,-12.784052,107.000763,-80.063301
0,87745.00,-1.542543,-5.431523,13.806868,1.530896,3.096548,2.932695,-12.784052,107.000763,-80.063301
0,87769.00,-0.854774,-5.038854,12.906602,1.527967,2.771638,2.920977,25.042732,-13.834796,-94.281723
0,87793.00,-0.388479,-4.589919,11.868663,1.483225,2.525025,2.735618,25.042732,-13.834796,-94.281723
0,87817.00,-0.010176,-4.428900,10.757098,1.398801,2.359374,2.397392,25.042732,-13.834796,-94.281723
0,87841.00,0.454323,-4.286438,9.568914,1.246999,2.235269,2.004303,25.042732,-13.834796,-94.281723
0,87865.00,1.828066,-3.993732,7.151247,0.852845,1.854698,1.374988,25.042732,-13.834796,-94.281723
0,87889.00,2.671467,-3.566345,5.981619,0.654969,1.557218,1.167259,25.042732,-13.834796,-94.281723
0,87913.00,3.310153,-3.069523,4.906568,0.479464,1.143090,0.954202,-26.093477,20.139261,-57.720051
0,87937.00,3.410115,-2.915089,4.229573,0.312215,0.644805,0.681491,-26.093477,20.139261,-57.720051
0,87961.00,3.235929,-2.718755,3.943451,0.101290,0.174217,0.382679,-26.093477,20.139261,-57.720051
0,87985.00,2.858224,-2.455379,4.017675,-0.361841,-0.587458,-0.300964,-26.093477,20.139261,-57.720051
0,88009.00,2.469146,-2.565518,4.431893,-0.587681,-1.001586,-0.652241,-26.093477,20.139261,-57.720051
0,88033.00,1.998662,-2.897132,5.142409,-0.800471,-1.439683,-0.950786,69.874481,9.982068,-58.735653
0,88057.00,1.292336,-3.528635,6.079188,-1.010597,-1.865529,-1.172630,69.874481,9.982068,-58.735653
0,88081.00,0.751219,-3.904543,7.194943,-1.259074,-2.242105,-1.312981,69.874481,9.982068,-58.735653
0,88105.00,-0.642876,-4.424112,10.172284,-1.747239,-2.920423,-1.557463,69.874481,9.982068,-58.735653
0,88129.00,-1.830460,-4.630023,11.975808,-1.962425,-3.191271,-1.709265,69.874481,9.982068,-58.735653
0,88153.00,-3.119804,-5.044241,13.617716,-2.121951,-3.342274,-1.823517,124.338043,71.100349,33.853401
0,88177.00,-3.982359,-5.298040,14.738259,-2.260704,-3.359851,-1.844822,124.338043,71.100349,33.853401
0,88201.00,-4.166123,-5.107092,15.453564,-2.362172,-3.321768,-1.785433,124.338043,71.100349,33.853401
0,88225.00,-5.120261,-4.721008,17.196630,-2.415170,-3.380358,-1.492747,124.338043,71.100349,33.853401
0,88249.00,-6.395238,-3.149134,18.648190,-2.368564,-3.438416,-1.403796,124.338043,71.100349,33.853401
0,88273.00,-7.884508,-2.135138,19.237793,-2.164829,-3.291673,-1.494878,124.338043,71.100349,33.853401
0,88297.00,-8.752450,-1.352793,18.877447,-1.937924,-2.716954,-1.739093,-37.476536,49.384968,-0.677068
0,88321.00,-9.133148,-0.703333,17.813169,-1.617541,-1.940631,-1.889830,-37.476536,49.384968,-0.677068
0,88345.00,-8.274184,-0.396859,14.112742,-0.967986,-0.686529,-1.963335,-37.476536,49.384968,-0.677068
0,88369.00,-7.842009,-0.662031,12.527700,-0.708324,-0.360554,-1.796086,-37.476536,49.384968,-0.677068
0,88393.00,-7.163816,-0.776359,11.123429,-0.522432,-0.208218,-1.457060,-37.476536,49.384968,-0.677068
0,88417.00,-6.523335,-0.524357,10.031618,-0.401523,-0.239112,-0.989668,-29.771080,-44.831745,-51.457172
0,88441.00,-6.425766,-0.138272,9.718560,-0.312306,-0.365880,-0.511890,-29.771080,-44.831745,-51.457172
0,88465.00,-8.129926,0.838013,10.945651,-0.151182,-0.436721,0.122751,-29.771080,-44.831745,-51.457172
0,88489.00,-9.210963,1.251034,12.021899,-0.023082,-0.211148,0.262835,-29.771080,-44.831745,-51.457172
0,88513.00,-10.032216,1.404869,12.971249,0.184648,0.168092,0.332345,-29.771080,-44.831745,-51.457172
0,88537.00,-10.663719,1.196563,14.048096,0.471475,0.622168,0.415170,77.930183,42.905380,-115.947906
0,88561.00,-11.148570,0.387880,15.321278,0.799048,1.122051,0.556054,77.930183,42.905380,-115.947906
0,88585.00,-11.407157,-1.643703,17.482155,1.383621,2.323954,1.074846,77.930183,42.905380,-115.947906
0,88609.00,-10.087884,-2.734916,17.395361,1.593215,2.967649,1.335573,77.930183,42.905380,-115.947906
0,88633.00,-8.638122,-4.158940,17.210400,1.735430,3.444895,1.551292,77.930183,42.905380,-115.947906
0,88657.00,-7.156633,-5.536275,16.834490,1.769253,3.716275,1.790182,-103.148041,-16.636780,-44.517223
0,88681.00,-5.635639,-6.498195,16.290380,1.755404,3.746370,2.158236,-103.148041,-16.636780,-44.517223
0,88705.00,-2.599637,-5.973239,14.588016,1.731169,3.249949,2.943614,-103.148041,-16.636780,-44.517223
0,88729.00,-1.742469,-5.183112,13.814051,1.749279,2.900270,3.033897,-103.148041,-16.636780,-44.517223
0,88753.00,-1.373145,-4.777274,13.073008,1.781770,2.637945,2.819509,-103.148041,-16.636780,-44.517223
0,88777.00,-1.318674,-4.632418,12.652205,1.735164,2.537010,2.388070,-103.148041,-16.636780,-44.517223
0,88801.00,-1.073256,-4.814985,11.847114,1.643283,2.568435,1.888454,-38.527283,8.756200,-66.014137
0,88825.00,0.319642,-5.209450,9.090649,1.345005,2.596399,1.135300,-38.527283,8.756200,-66.014137
0,88849.00,1.196563,-4.954454,7.698948,1.127421,2.414769,0.940620,-38.527283,8.756200,-66.014137
0,88873.00,1.860988,-4.729987,6.409006,0.932741,2.073346,0.814651,-38.527283,8.756200,-66.014137
0,88897.00,2.213552,-4.585130,5.468636,0.716489,1.635516,0.721172,-38.527283,8.756200,-66.014137
0,88921.00,2.931849,-3.696237,4.242742,0.166005,0.805130,0.467902,12.784052,24.692484,-88.865181
0,88945.00,3.368814,-3.173078,3.771658,-0.082471,0.381414,0.242329,12.784052,24.692484,-88.865181
0,88969.00,3.915916,-2.771430,3.378391,-0.327486,-0.094233,-0.070331,12.784052,24.692484,-88.865181
0,88993.00,3.891973,-2.537385,3.663914,-0.555722,-0.687062,-0.423205,12.784052,24.692484,-88.865181
0,89017.00,2.963574,-3.059347,4.695868,-0.730162,-1.348069,-0.727343,12.784052,24.692484,-88.865181
0,89041.00,1.255224,-3.692646,7.131493,-1.171188,-2.318007,-1.103653,38.352158,-92.990845,-31.991467
0,89065.00,0.694952,-4.098484,8.385520,-1.402088,-2.651972,-1.292208,38.352158,-92.990845,-31.991467
0,89089.00,0.116723,-4.516891,9.692821,-1.640444,-2.957974,-1.490883,38.352158,-92.990845,-31.991467
0,89113.00,-0.576433,-5.208252,11.198252,-1.876670,-3.243203,-1.693819,38.352158,-92.990845,-31.991467
0,89137.00,-1.727505,-5.899015,13.095155,-2.127278,-3.498338,-1.844023,38.352158,-92.990845,-31.991467
0,89161.00,-4.312177,-6.201298,16.456785,-2.488141,-3.773713,-1.791292,4.027852,47.458607,74.308220
0,89185.00,-4.834738,-5.861903,18.114855,-2.494533,-3.803541,-1.594748,4.027852,47.458607,74.308220
0,89209.00,-5.324976,-5.141810,18.739174,-2.453520,-3.709530,-1.490350,4.027852,47.458607,74.308220
0,89233.00,-6.209679,-3.859051,19.003149,-2.384543,-3.468776,-1.554533,4.027852,47.458607,74.308220
0,89257.00,-7.845600,-2.863611,19.139626,-2.127544,-3.103651,-1.746284,4.027852,47.458607,74.308220
0,89281.00,-9.267230,-1.781377,17.547400,-1.463874,-1.722515,-2.204355,73.902328,87.562004,-58.904922
0,89305.00,-8.784175,-1.096002,15.538562,-1.189564,-0.929147,-2.323666,73.902328,87.562004,-58.904922
0,89329.00,-7.961126,-0.962518,13.188534,-0.901406,-0.415682,-2.373202,73.902328,87.562004,-58.904922
0,89353.00,-7.849790,-0.893681,11.441276,-0.658522,-0.233519,-2.299431,73.902328,87.562004,-58.904922
0,89377.00,-8.262811,-0.776958,10.549989,-0.467038,-0.210882,-2.067200,73.902328,87.562004,-58.904922
0,89401.00,-9.659899,-0.372916,9.491099,-0.211637,-0.139508,-1.285816,54.288441,12.258680,-123.903458
0,89425.00,-10.293797,0.268763,9.652716,-0.155709,-0.088108,-0.837600,54.288441,12.258680,-123.903458
0,89449.00,-11.025861,0.751818,10.636783,-0.069688,-0.007679,-0.366479,54.288441,12.258680,-123.903458
0,89473.00,-11.950069,1.066073,12.455272,0.094632,0.182740,0.114229,54.288441,12.258680,-123.903458
0,89497.00,-12.526503,0.791324,14.097179,0.405960,0.559050,0.588545,54.288441,12.258680,-123.903458
0,89521.00,-12.261930,-0.583616,16.908115,0.976418,1.786786,1.293761,-40.278522,4.903472,-145.231094
0,89545.00,-11.711834,-1.427017,18.623051,1.236612,2.462973,1.522263,-40.278522,4.903472,-145.231094
0,89569.00,-10.728366,-3.053361,19.583174,1.546343,3.101609,1.781659,-40.278522,4.903472,-145.231094
0,89593.00,-8.826674,-4.870653,19.315607,1.757535,3.697633,2.041588,-40.278522,4.903472,-145.231094
0,89617.00,-6.423372,-6.362317,17.896971,1.855807,4.055567,2.348921,-40.278522,4.903472,-145.231094
0,89641.00,-3.089276,-7.486452,15.018395,1.688824,3.928000,2.935891,-40.278522,4.903472,-145.231094
0,89665.00,-2.393126,-6.743014,14.213902,1.605199,3.537841,3.154007,-0.175124,62.869518,-73.969688
0,89689.00,-1.862185,-6.214467,13.338179,1.580698,3.182303,3.190759,-0.175124,62.869518,-73.969688
0,89713.00,-1.551522,-5.785285,12.382844,1.541016,2.950072,3.010194,-0.175124,62.869518,-73.969688
0,89737.00,-1.266597,-5.603316,11.244343,1.454995,2.826500,2.659451,-0.175124,62.869518,-73.969688
0,89761.00,0.383092,-4.793436,8.625551,1.178555,2.542336,1.939054,-0.175124,62.869518,-73.969688
0,89785.00,1.196563,-4.464815,7.378707,1.069097,2.232872,1.647700,104.899277,23.641741,-43.840157
0,89809.00,1.799933,-4.179891,6.287494,0.941796,1.853899,1.372858,104.899277,23.641741,-43.840157
0,89833.00,2.359606,-3.888382,5.395608,0.783868,1.442434,1.084699,104.899277,23.641741,-43.840157
0,89857.00,2.818717,-3.702223,4.531258,0.591851,1.036029,0.775768,104.899277,23.641741,-43.840157
0,89881.00,3.684864,-3.140754,3.754898,0.116736,0.168092,0.117691,104.899277,23.641741,-43.840157
0,89905.00,3.425679,-3.144944,3.952430,-0.107505,-0.328062,-0.251695,97.018700,-6.654712,117.809845
0,89929.00,3.026425,-3.143747,4.418725,-0.327220,-0.831141,-0.564888,97.018700,-6.654712,117.809845
0,89953.00,2.496083,-3.207795,5.077163,-0.537612,-1.315311,-0.819756,97.018700,-6.654712,117.809845
0,89977.00,1.981901,-3.441840,5.882854,-0.744277,-1.776578,-1.043199,97.018700,-6.654712,117.809845
0,90001.00,0.714706,-3.997922,8.368760,-1.180776,-2.613622,-1.451734,97.018700,-6.654712,117.809845
0,90025.00,0.174187,-4.516891,9.490500,-1.371195,-2.951582,-1.630701,21.190004,6.829836,-143.030624
0,90049.00,-0.295699,-5.178324,10.829526,-1.598898,-3.235746,-1.788363,21.190004,6.829836,-143.030624
0,90073.00,-0.981074,-5.565606,12.576784,-1.845511,-3.476233,-1.924718,21.190004,6.829836,-143.030624
0,90097.00,-2.389535,-5.765532,14.684387,-2.043387,-3.679169,-2.048824,21.190004,6.829836,-143.030624
0,90129.00,-5.107092,-6.202496,17.542612,-2.206108,-3.657065,-2.122328,21.190004,6.829836,-143.030624
0,90153.00,-5.815214,-6.043273,18.199255,-2.225017,-3.437351,-2.046693,21.190004,6.829836,-143.030624
0,90177.00,-6.401225,-5.467438,18.034645,-2.218892,-3.084476,-1.937502,18.212896,48.684475,-88.695915
0,90201.00,-7.980879,-3.583704,18.459637,-1.788518,-2.828010,-1.649610,18.212896,48.684475,-88.695915
0,90225.00,-9.027199,-2.194996,18.285450,-1.592773,-2.217338,-1.641886,18.212896,48.684475,-88.695915
0,90249.00,-9.240294,-0.973891,16.970367,-1.308609,-1.309186,-1.761997,18.212896,48.684475,-88.695915
0,90273.00,-8.674635,-0.477668,15.024980,-0.936027,-0.513688,-1.858405,18.212896,48.684475,-88.695915
0,90297.00,-7.873734,-0.055069,13.045473,-0.618840,0.002441,-1.881841,-31.347197,80.381920,-77.355026
0,90321.00,-8.042533,-0.420204,10.195629,-0.132273,0.315900,-1.595014,-31.347197,80.381920,-77.355026
0,90345.00,-8.158658,-0.462703,8.970334,-0.000977,0.317764,-1.197664,-31.347197,80.381920,-77.355026
0,90369.00,-8.152074,0.017359,8.244854,0.040569,0.259173,-0.778743,-31.347197,80.381920,-77.355026
0,90393.00,-8.563299,0.214292,8.206545,0.092235,0.165695,-0.391247,-31.347197,80.381920,-77.355026
0,90417.00,-8.955369,0.223869,8.482491,0.133514,0.130807,-0.029318,-63.044643,-16.461657,-79.216965
0,90441.00,-10.104645,0.265770,10.434463,0.308487,0.225351,0.644738,-63.044643,-16.461657,-79.216965
0,90465.00,-10.705620,-0.131688,12.027287,0.481861,0.421096,0.946213,-63.044643,-16.461657,-79.216965
0,90489.00,-10.708612,-0.605165,13.366312,0.669617,0.775036,1.213066,-63.044643,-16.461657,-79.216965
0,90513.00,-10.478159,-1.389306,14.813082,0.875749,1.198485,1.460743,-63.044643,-16.461657,-79.216965
0,90537.00,-9.858628,-1.737680,15.843240,1.082413,1.683187,1.672202,-2.451736,46.582985,5.416544
0,90561.00,-8.223305,-3.171880,16.589071,1.488019,2.561511,1.821075,-2.451736,46.582985,5.416544
0,90585.00,-7.291913,-4.471998,16.675268,1.603335,2.916516,1.826401,-2.451736,46.582985,5.416544
0,90609.00,-6.021125,-5.431523,16.687239,1.624108,3.174580,1.919613,-2.451736,46.582985,5.416544
0,90633.00,-4.749141,-6.374887,16.384357,1.637424,3.265129,2.117223,-2.451736,46.582985,5.416544
0,90657.00,-3.520853,-6.586784,15.716939,1.614254,3.203609,2.373156,-2.451736,46.582985,5.416544
0,90680.00,-1.292336,-5.686519,13.773347,1.577769,2.792943,2.665842,-36.600918,14.185044,-15.064764
0,90704.00,-1.054101,-5.163958,12.809631,1.546609,2.626493,2.491136,-36.600918,14.185044,-15.064764
0,90728.00,-0.876921,-5.056812,11.699265,1.484290,2.564973,2.132137,-36.600918,14.185044,-15.064764
0,90752.00,0.041901,-5.218429,10.120807,1.352728,2.583616,1.751565,-36.600918,14.185044,-15.064764
0,90776.00,1.441981,-5.318990,8.302916,1.175092,2.516237,1.489772,-36.600918,14.185044,-15.064764
0,90800.00,3.962007,-4.480378,5.247759,0.769753,1.724201,1.127843,44.656620,20.489508,-50.610836
0,90824.00,4.036830,-4.392387,4.576151,0.583329,1.107669,0.849006,44.656620,20.489508,-50.610836
0,90848.00,4.003908,-4.356472,4.251122,0.336717,0.572100,0.523563,44.656620,20.489508,-50.610836
0,90872.00,3.832714,-4.164328,4.166722,0.045629,0.154243,0.185603,44.656620,20.489508,-50.610836
0,90896.00,3.773454,-3.887185,4.134997,-0.259042,-0.218871,-0.177126,44.656620,20.489508,-50.610836
0,90920.00,2.876780,-3.891375,5.057410,-0.752799,-1.188809,-0.776346,84.059525,87.562004,-17.603769
0,90944.00,2.065703,-4.156546,6.158799,-0.981302,-1.707335,-0.965167,84.059525,87.562004,-17.603769
0,90968.00,1.322265,-4.337317,7.474480,-1.219392,-2.158481,-1.095930,84.059525,87.562004,-17.603769
0,90992.00,0.603370,-4.550412,8.769211,-1.444433,-2.520676,-1.238145,84.059525,87.562004,-17.603769
0,91016.00,-0.275347,-4.841921,10.107637,-1.668941,-2.817890,-1.429896,84.059525,87.562004,-17.603769
0,91040.00,-2.309924,-5.396806,13.381875,-2.110499,-3.219234,-1.804075,43.605877,37.301414,-140.660889
0,91064.00,-3.745321,-5.363285,15.019592,-2.247388,-3.283417,-1.897820,43.605877,37.301414,-140.660889
0,91088.00,-4.925124,-5.238182,16.235310,-2.280944,-3.282352,-1.930578,43.605877,37.301414,-140.660889
0,91112.00,-5.976232,-5.214837,17.132584,-2.222354,-3.249595,-1.905543,43.605877,37.301414,-140.660889
0,91136.00,-7.124310,-5.431523,17.826937,-2.140061,-2.968627,-2.007011,43.605877,37.301414,-140.660889
0,91160.00,-8.498652,-3.363426,16.595655,-1.823673,-2.552901,-1.860535,-3.852728,67.247620,-35.884605
0,91184.00,-8.632734,-2.710973,16.103024,-1.605556,-2.261014,-1.683965,-3.852728,67.247620,-35.884605
0,91208.00,-8.640515,-1.647295,15.347016,-1.381847,-1.882041,-1.447739,-3.852728,67.247620,-35.884605
0,91232.00,-8.163446,-0.888893,14.188763,-1.146687,-1.448738,-1.299399,-3.852728,67.247620,-35.884605
0,91256.00,-7.989858,-0.445344,13.119697,-0.914189,-1.087075,-1.175293,-3.852728,67.247620,-35.884605
0,91280.00,-7.630710,0.441154,11.355081,-0.539477,-0.572811,-0.865297,35.199924,77.229683,-123.057121
0,91304.00,-7.675603,0.937378,10.958221,-0.358379,-0.411687,-0.642387,35.199924,77.229683,-123.057121
0,91328.00,-7.825248,1.260611,10.976178,-0.164764,-0.256422,-0.402699,35.199924,77.229683,-123.057121
0,91352.00,-8.036548,1.723315,11.412544,0.029916,-0.082515,-0.178990,35.199924,77.229683,-123.057121
0,91376.00,-8.153870,2.102815,11.977604,0.231786,0.150249,-0.018665,35.199924,77.229683,-123.057121
0,91400.00,-8.827273,1.901692,13.103535,0.690390,0.812320,0.165096,-35.199924,21.190004,88.526649
0,91424.00,-8.942799,1.425221,13.605744,0.975352,1.137231,0.347259,-35.199924,21.190004,88.526649
0,91448.00,-9.177443,0.501611,14.171404,1.225960,1.454951,0.564310,-35.199924,21.190004,88.526649
0,91472.00,-9.374376,-0.227461,14.974100,1.378561,1.813951,0.765115,-35.199924,21.190004,88.526649
0,91496.00,-9.685040,-0.026936,16.038977,1.540217,2.183603,0.893481,-35.199924,21.190004,88.526649
0,91520.00,-11.214414,-3.286209,18.212423,2.015066,3.114658,0.647135,-35.199924,21.190004,88.526649
0,91544.00,-9.766446,-4.816781,17.650955,2.047291,3.792709,0.658853,-4.903472,29.070585,-139.814560
0,91568.00,-7.749827,-6.228833,16.555552,1.976183,4.283271,0.848473,-4.903472,29.070585,-139.814560
0,91592.00,-5.732610,-7.113536,14.591607,1.858736,4.335203,1.255677,-4.903472,29.070585,-139.814560
0,91616.00,-4.058379,-7.836621,13.220259,1.709331,3.973541,1.795774,-4.903472,29.070585,-139.814560
0,91640.00,-1.944789,-6.860935,12.056617,1.305589,2.894944,2.779294,-4.903472,29.070585,-139.814560
0,91664.00,-1.211528,-5.790672,11.778276,1.205187,2.425421,3.022179,5.603968,-46.933231,-76.170158
0,91688.00,-0.869738,-5.194485,11.456839,1.155917,2.112495,2.932695,5.603968,-46.933231,-76.170158
0,91712.00,-0.618933,-4.471399,10.760690,1.065901,1.986260,2.568902,5.603968,-46.933231,-76.170158
0,91736.00,0.029929,-4.022464,9.814932,0.950585,1.991320,2.083933,5.603968,-46.933231,-76.170158
0,91760.00,2.238693,-3.767468,6.983644,0.693586,1.915951,1.226914,5.603968,-46.933231,-76.170158
0,91784.00,3.022235,-3.553775,5.698491,0.532196,1.631788,0.937691,20.314384,55.339184,-41.301151
0,91808.00,3.565747,-3.250294,4.765902,0.354826,1.204876,0.699867,20.314384,55.339184,-41.301151
0,91832.00,3.610042,-3.104241,4.266086,0.157483,0.742545,0.442335,20.314384,55.339184,-41.301151
0,91856.00,3.535818,-3.031812,3.978169,-0.082471,0.322291,0.158438,20.314384,55.339184,-41.301151
0,91880.00,3.757293,-2.685234,3.953627,-0.559184,-0.631401,-0.420010,20.314384,55.339184,-41.301151
0,91904.00,3.061143,-2.992905,4.753331,-0.753864,-1.251661,-0.649311,54.463566,-6.829836,-72.615547
0,91928.00,2.266826,-3.229943,5.924754,-0.977307,-1.819189,-0.823751,54.463566,-6.829836,-72.615547
0,91952.00,1.453953,-3.699829,7.285927,-1.201815,-2.278858,-0.992864,54.463566,-6.829836,-72.615547
0,91976.00,0.940371,-3.852467,8.642910,-1.456417,-2.630667,-1.179288,54.463566,-6.829836,-72.615547
0,92000.00,-0.390275,-4.743155,11.800425,-1.890519,-3.271699,-1.543348,54.463566,-6.829836,-72.615547
0,92024.00,-1.282160,-5.272899,13.765566,-2.098781,-3.497006,-1.650941,54.463566,-6.829836,-72.615547
0,92048.00,-2.364993,-5.302230,15.730108,-2.250850,-3.579566,-1.712728,-17.512400,57.790920,-27.082722
0,92072.00,-3.630992,-5.530888,17.339094,-2.301185,-3.573174,-1.757469,-17.512400,57.790920,-27.082722
0,92096.00,-6.307247,-5.106494,19.225222,-2.313968,-3.154785,-1.826713,-17.512400,57.790920,-27.082722
0,92120.00,-7.375115,-4.422915,19.495182,-2.152844,-2.892992,-1.903945,-17.512400,57.790920,-27.082722
0,92144.00,-8.002428,-3.296385,19.143217,-1.925673,-2.635194,-2.074923,-17.512400,57.790920,-27.082722
0,92168.00,-8.564496,-2.551152,18.633226,-1.580522,-2.276195,-2.243770,27.844717,-17.687525,-104.437744
0,92192.00,-8.966144,-1.905283,17.375008,-1.294761,-1.705204,-2.379860,27.844717,-17.687525,-104.437744
0,92216.00,-9.221738,-1.523987,13.808064,-0.740282,-0.559228,-2.396904,27.844717,-17.687525,-104.437744
0,92240.00,-8.802133,-1.275576,12.117074,-0.510714,-0.292376,-2.203289,27.844717,-17.687525,-104.437744
0,92264.00,-8.614777,-1.327652,10.614635,-0.285141,-0.234318,-1.825381,27.844717,-17.687525,-104.437744
0,92288.00,-8.539355,-1.271386,9.507859,-0.153313,-0.271070,-1.340146,-58.841667,12.608929,-11.171623
0,92312.00,-8.553721,-0.336402,9.003256,-0.153313,-0.319008,-0.881276,-58.841667,12.608929,-11.171623
0,92336.00,-9.555147,0.232848,8.614178,-0.007103,-0.049758,-0.345973,-58.841667,12.608929,-11.171623
0,92360.00,-9.715567,0.818260,8.458547,-0.035599,0.232009,-0.103089,-58.841667,12.608929,-11.171623
0,92384.00,-10.384182,1.596415,9.431840,0.060276,0.502590,0.150182,-58.841667,12.608929,-11.171623
0,92408.00,-11.513704,0.399852,9.193006,0.381725,0.701531,0.404518,-58.841667,12.608929,-11.171623
0,92432.00,-12.295451,0.308868,9.280398,0.401166,1.168923,0.852468,-47.458607,57.615799,-91.911987
0,92456.00,-11.507120,-0.138871,9.459973,0.412884,2.002505,1.927603,-47.458607,57.615799,-91.911987
0,92480.00,-12.872483,0.242425,10.470976,0.381725,2.034197,2.463971,-47.458607,57.615799,-91.911987
0,92504.00,-15.229095,1.036144,12.190101,0.384654,2.019816,2.964121,-47.458607,57.615799,-91.911987
0,92528.00,-18.098692,2.473336,15.156069,0.506362,2.179874,3.350285,-47.458607,57.615799,-91.911987
0,92552.00,-19.614300,3.053361,19.148005,0.998788,2.824369,3.461873,-18.563145,-27.669592,-66.691200
0,92576.00,-19.614300,0.353163,19.614300,2.855839,5.442829,2.806992,-18.563145,-27.669592,-66.691200
0,92600.00,-19.614300,-2.570307,19.614300,3.436151,6.802926,2.051708,-18.563145,-27.669592,-66.691200
0,92624.00,-15.964153,-5.272301,18.592522,3.406056,6.160828,1.368330,-18.563145,-27.669592,-66.691200
0,92648.00,-6.962693,-3.415503,9.118782,2.724543,2.521297,0.741945,-18.563145,-27.669592,-66.691200
0,92672.00,6.137849,-0.548300,0.811077,1.813995,-3.385152,-0.076723,139.223587,-21.890501,-2.200471
1,92696.00,-0.079611,-15.577470,19.614300,2.169266,-7.261175,-0.341179,139.223587,-21.890501,-2.200471
0,92720.00,9.014628,-9.713771,14.438371,1.065901,-2.808036,-0.096164,139.223587,-21.890501,-2.200471
0,92744.00,12.983220,-9.185225,-1.758631,2.196963,-0.737663,1.382179,139.223587,-21.890501,-2.200471
0,92768.00,11.841128,-1.984296,2.059118,2.436385,-0.355227,1.877268,139.223587,-21.890501,-2.200471
0,92792.00,10.722979,-5.483600,-2.490097,2.975949,-0.078254,1.539841,46.933231,-44.831745,-177.391830
0,92816.00,6.650234,-8.846428,-3.025228,2.339977,1.207007,1.392832,46.933231,-44.831745,-177.391830
0,92840.00,4.145173,-7.926409,2.329078,1.562855,1.954301,1.691377,46.933231,-44.831745,-177.391830
0,92864.00,4.193059,-8.078448,3.174275,1.011572,2.812651,2.200847,46.933231,-44.831745,-177.391830
0,92888.00,4.382211,-5.024488,4.636608,0.491981,2.919446,2.639743,46.933231,-44.831745,-177.391830
0,92912.00,3.276033,-3.215577,5.715849,0.637658,2.670702,3.003803,46.933231,-44.831745,-177.391830
0,92936.00,2.735515,-1.673632,4.127215,-0.796476,1.783324,2.749733,-15.936284,3.677604,-7.278481
0,92960.00,-1.999859,-0.690762,9.825706,-1.583452,1.002473,2.593669,-15.936284,3.677604,-7.278481
0,92984.00,-1.759229,1.611978,7.338602,-2.149648,0.884760,2.729226,-15.936284,3.677604,-7.278481
0,93008.00,-3.352053,2.333268,8.924842,-2.625829,0.497264,2.693273,-15.936284,3.677604,-7.278481
0,93032.00,-3.566345,1.886727,11.325151,-2.345394,0.217894,2.991552,-15.936284,3.677604,-7.278481
0,93056.00,-2.065703,5.330962,12.837765,-3.406413,0.515640,3.713013,97.894318,25.392981,12.356492
0,93080.00,-0.060457,7.830636,11.665145,-3.482847,0.228280,3.736716,97.894318,25.392981,12.356492
0,93104.00,-0.976884,7.597189,16.165874,-3.200814,-0.191174,3.488771,97.894318,25.392981,12.356492
0,93128.00,-3.050967,9.800566,18.532663,-2.831162,0.532418,3.609947,97.894318,25.392981,12.356492
0,93152.00,-1.600007,13.495007,14.368936,-2.782159,1.230709,3.314864,97.894318,25.392981,12.356492
0,93176.00,-1.335434,11.998554,15.821093,-1.771207,0.546267,1.829597,63.219765,37.301414,-94.958794
0,93200.00,-1.690392,10.596080,15.341629,-1.279580,1.222187,1.566473,63.219765,37.301414,-94.958794
0,93224.00,-0.478266,11.551414,13.001178,-0.918717,1.680791,1.527590,63.219765,37.301414,-94.958794
0,93248.00,0.469287,10.221967,9.082867,-0.388740,1.402752,1.466602,63.219765,37.301414,-94.958794
0,93272.00,-0.270559,7.661237,8.315486,-0.395131,0.515107,1.306810,63.219765,37.301414,-94.958794
0,93296.00,-0.054471,7.050086,9.952006,-0.815917,-0.116338,2.164894,118.734077,-51.486458,-51.118637
0,93320.00,1.671238,7.194943,9.018819,-0.785024,-0.279060,2.593936,118.734077,-51.486458,-51.118637
0,93344.00,1.835249,6.047463,8.466329,-0.962127,-0.685730,2.743341,118.734077,-51.486458,-51.118637
0,93368.00,1.770004,5.341137,8.732697,-1.256144,-1.304126,3.065589,118.734077,-51.486458,-51.118637
0,93392.00,0.202919,4.212812,11.281455,-1.485979,-1.671115,3.590240,118.734077,-51.486458,-51.118637
0,93416.00,2.051935,5.792468,10.644565,-1.974410,-1.406925,4.271486,-102.797791,34.149181,-159.618790
0,93440.00,2.335064,5.644020,11.251526,-1.891850,-1.474304,3.947375,-102.797791,34.149181,-159.618790
0,93464.00,3.793207,5.188499,10.779844,-1.399957,-1.481495,3.655754,-102.797791,34.149181,-159.618790
0,93488.00,3.894367,3.383778,10.922306,-1.062263,-1.734233,3.257339,-102.797791,34.149181,-159.618790
0,93512.00,3.201809,1.598211,10.435061,-0.945082,-1.941696,3.084497,-102.797791,34.149181,-159.618790
0,93536.00,3.537613,0.938575,9.931655,-1.353085,-3.079683,3.479983,45.006870,54.813812,-3.893141
0,93560.00,4.206827,0.011972,9.229519,-1.398892,-3.499936,3.632052,45.006870,54.813812,-3.893141
0,93584.00,4.874245,0.590799,9.458776,-1.428187,-3.821118,3.429915,45.006870,54.813812,-3.893141
0,93608.00,6.100138,-0.057464,8.587840,-1.366933,-4.148958,2.914851,45.006870,54.813812,-3.893141
0,93632.00,5.576380,-1.789158,9.344447,-1.272390,-4.471738,2.405647,45.006870,54.813812,-3.893141
0,93656.00,6.992024,-1.290540,6.595763,-0.947213,-4.269335,1.705492,7.180084,70.224724,-99.021202
0,93680.00,5.890635,-2.098625,6.775338,-0.812721,-4.612888,1.116391,7.180084,70.224724,-99.021202
0,93704.00,3.906339,-4.832344,8.647698,-0.287005,-3.932440,0.830097,7.180084,70.224724,-99.021202
0,93728.00,8.048519,-3.780637,5.211844,0.179854,-2.671680,1.198951,7.180084,70.224724,-99.021202
0,93752.00,7.205717,-3.774651,5.979225,-0.110968,-2.341976,1.047415,7.180084,70.224724,-99.021202
0,93776.00,7.227865,-3.236527,5.600323,-0.190065,-2.112408,0.808792,7.180084,70.224724,-99.021202
0,93800.00,6.398232,-3.006073,4.941884,-0.074482,-1.639423,0.652195,12.608929,33.623810,-141.845764
0,93824.00,7.612752,-4.296015,3.244309,0.087441,-1.135013,0.500926,12.608929,33.623810,-141.845764
0,93848.00,8.478899,-3.548388,2.915688,-0.003907,-1.033012,0.435943,12.608929,33.623810,-141.845764
0,93872.00,8.141299,-4.051196,2.736113,-0.092592,-1.133947,0.369896,12.608929,33.623810,-141.845764
0,93896.00,6.956109,-4.079329,3.784827,-0.273956,-1.283353,0.483615,12.608929,33.623810,-141.845764
0,93920.00,7.151247,-3.838700,2.776218,-0.294196,-0.863632,0.570435,13.134300,-41.854637,-41.808952
0,93944.00,7.391277,-3.608246,2.557138,-0.306180,-0.618618,0.592007,13.134300,-41.854637,-41.808952
0,93968.00,7.835424,-3.434657,2.564321,-0.241464,-0.553103,0.598931,13.134300,-41.854637,-41.808952
0,93992.00,8.199362,-4.729388,2.172250,-0.154378,-0.582132,0.591474,13.134300,-41.854637,-41.808952
0,94016.00,7.202126,-4.088308,2.396119,-0.549863,-0.567484,0.244992,13.134300,-41.854637,-41.808952
0,94040.00,7.061459,-4.150560,2.192003,-0.491539,-0.413551,0.177347,10.682565,65.321251,-10.325288
0,94064.00,7.484656,-4.496540,1.728702,-0.401257,-0.263879,0.160036,10.682565,65.321251,-10.325288
0,94088.00,7.258392,-4.063167,1.891516,-0.388207,-0.238845,0.261770,10.682565,65.321251,-10.325288
0,94112.00,8.210734,-4.339712,1.992676,-0.306180,-0.197299,0.259107,10.682565,65.321251,-10.325288
0,94136.00,7.986267,-3.698033,1.786764,-0.385810,0.029872,-0.205622,10.682565,65.321251,-10.325288
0,94160.00,7.967112,-4.173306,1.819087,-0.290201,0.157439,-0.390714,27.494469,159.187714,-42.824554
0,94184.00,9.412086,-5.028678,0.961920,-0.242530,0.201382,-0.305758,27.494469,159.187714,-42.824554
0,94208.00,9.373178,-4.252917,1.450960,-0.292598,-0.123529,0.069753,27.494469,159.187714,-42.824554
0,94232.00,8.620763,-4.149961,1.621556,-0.270760,-0.271336,0.189065,27.494469,159.187714,-42.824554
0,94256.00,8.092216,-4.237953,1.271386,-0.229480,-0.051622,0.014625,27.494469,159.187714,-42.824554
0,94280.00,7.937183,-3.826129,1.081636,-0.210838,0.027741,0.013293,27.494469,159.187714,-42.824554
0,94304.00,8.329253,-3.799193,1.096600,-0.102445,0.096186,-0.081250,114.005730,60.768028,-77.016495
0,94328.00,8.423231,-4.758718,0.871534,-0.019087,0.125214,-0.171799,114.005730,60.768028,-77.016495
0,94352.00,8.631536,-4.601890,0.444746,-0.052111,0.131073,-0.140107,114.005730,60.768028,-77.016495
0,94376.00,8.144891,-4.803612,0.946955,0.029916,0.123084,-0.004017,114.005730,60.768028,-77.016495
