-0.253200,0.694354,-10.050773
-0.276544,0.686572,-10.026231
-0.263974,0.685375,-10.039999
-0.226264,0.625517,-10.032217
-0.173588,0.648263,-10.077111
-0.505801,0.861956,-9.133747
0.065844,0.951145,-9.536592
-0.239432,0.443548,-10.546997
-0.248411,0.523160,-10.010668
-0.044295,0.688368,-10.306965
-0.078414,0.727276,-10.150735
-0.061055,0.852978,-10.091476
-0.064647,0.638686,-10.049575
-0.296298,0.447140,-10.162109
-0.305875,0.419007,-9.993309
-0.275946,0.501611,-10.145947
-0.222074,0.738050,-10.011865
-0.131089,0.769775,-10.039400
-0.117322,0.657840,-10.133975
-0.152040,0.577631,-10.098061
-0.168800,0.599778,-10.087286
-0.089189,0.733262,-10.102849
-0.149645,0.884703,-10.021442
-0.193940,0.803296,-10.046583
-0.243024,0.658439,-10.067533
-0.323832,0.532138,-10.064540
-0.310663,0.483055,-10.053167
-0.126899,0.632700,-10.066934
-0.075421,0.703931,-10.093272
-0.038908,0.703931,-10.094470
-0.056267,0.644073,-10.101653
-0.129293,0.604567,-10.077111
-0.180173,0.568652,-10.080103
-0.174786,0.843401,-9.868206
-0.263974,0.860759,-10.080702
-0.223869,0.863154,-10.018449
-0.213095,0.684777,-10.002287
-0.205313,0.572243,-10.091476
-0.138272,0.536927,-9.955598
-0.040105,0.663228,-10.110033
-0.015563,0.805690,-10.097462
-0.045492,0.777557,-10.075315
-0.138272,0.640482,-10.063343
-0.436964,1.248640,-9.934648
-0.534533,0.870337,-9.719758
-0.334607,0.559075,-10.019048
-0.354360,0.415415,-10.160912
-0.039506,0.442950,-10.057956
0.426788,0.036513,-10.453020
0.520765,1.058890,-10.175277
0.372916,1.551522,-11.040227
-0.165208,1.081037,-10.324923
-0.644073,0.367529,-9.694019
-1.084030,0.016760,-10.178271
-0.553687,0.699142,-9.879579
-0.225066,1.145684,-9.952606
0.131688,1.192972,-10.130983
0.398056,0.941568,-10.162708
0.294502,0.526751,-10.156722
0.110139,0.195137,-10.220769
0.012570,0.920617,-10.149538
-0.192743,1.173817,-10.169292
-0.468090,0.943962,-9.852044
-0.679988,0.690762,-9.834685
-0.673404,0.423197,-9.967570
-0.105350,0.362740,-10.191439
0.337600,1.069664,-10.124399
0.578229,1.432404,-10.112426
0.342987,1.005616,-10.169891
0.013767,0.380099,-10.171088
-0.426190,-0.019753,-10.046583
-0.461506,0.715304,-9.970563
-0.267566,1.391102,-9.913698
-0.140667,1.501241,-9.917289
-0.423197,0.164011,-10.132180
-0.447140,0.079013,-10.328515
-0.058661,1.130719,-9.915493
0.049682,1.218112,-10.347669
0.080808,0.715304,-10.146546
-0.138272,0.164011,-10.026231
-0.129293,0.625517,-10.151933
-0.146652,0.872731,-9.974154
-0.246615,0.718896,-10.208798
-0.310663,0.614743,-9.909507
-0.419605,0.192144,-10.138166
-0.424992,0.275347,-10.053167
-0.312459,0.644073,-9.847854
0.129892,0.830232,-10.116018
0.120913,0.590799,-10.098659
-0.022147,0.536328,-10.153130
-0.170596,0.538723,-9.928064
-0.211299,0.735656,-10.123201
-0.280734,0.823647,-9.963978
-0.289115,0.779951,-10.047182
-0.360346,0.741642,-9.959789
-0.372317,0.578229,-10.017252
-0.225665,0.414218,-10.095067
-0.051478,0.462703,-10.095067
0.101759,0.706924,-10.147743
0.061654,0.709318,-10.080702
-0.073027,0.624918,-10.099258
-0.237637,0.538723,-10.116617
-0.294502,0.631503,-10.053766
-0.324431,0.944561,-10.044188
-0.310663,0.924209,-9.964577
-0.262777,0.706924,-10.069928
-0.181370,0.547702,-10.114222
-0.104153,0.482456,-10.085491
-0.004789,0.574638,-10.161510
0.006584,0.630306,-10.098659
-0.098167,0.558476,-10.129187
-0.174187,0.520167,-10.082497
-0.261580,0.562067,-10.048977
-0.326825,0.666221,-10.052569
-0.241228,0.858365,-9.971161
-0.214891,0.848189,-10.031020
-0.192743,0.696150,-10.022640
-0.102956,0.539321,-10.157320
-0.056865,0.556082,-10.140560
-0.055069,0.664425,-10.060949
-0.110139,0.614743,-10.086688
-0.239432,0.485449,-10.073519
-0.303481,0.466893,-10.093272
-0.256791,0.578229,-10.051371
-0.202919,0.748226,-10.071125
-0.155032,0.799106,-10.048378
-0.110737,0.723086,-10.053167
-0.135279,0.672206,-10.110033
-0.137075,0.651855,-10.061547
-0.128096,0.687171,-10.081300
-0.147849,0.703931,-10.053766
-0.232249,0.574039,-10.070526
-0.223271,0.499815,-10.118412
-0.204715,0.506998,-10.101054
-0.149047,0.598581,-10.093871
-0.083801,0.721290,-10.059752
-0.102357,0.724283,-10.064540
-0.162215,0.675199,-10.095067
-0.201123,0.683579,-10.094470
-0.227461,0.732064,-10.063941
-0.246017,0.747628,-10.014858
-0.236439,0.594989,-10.051371
-0.210102,0.534533,-10.129187
-0.135279,0.530941,-10.111828
-0.083203,0.599179,-10.199221
-0.034119,0.654249,-10.095666
-0.037112,0.669213,-10.111229
-0.191546,0.660235,-10.069928
-0.243024,0.669213,-10.089680
-0.265770,0.726079,-10.040596
-0.275946,0.776958,-10.033414
-0.260383,0.767979,-9.998098
-0.185560,0.589602,-10.065138
-0.103554,0.545307,-10.131581
-0.061654,0.582419,-10.133975
-0.046689,0.639284,-10.063941
-0.087991,0.645270,-10.113624
-0.141265,0.620130,-10.072920
-0.259186,0.624918,-10.088483
-0.258587,0.688967,-10.033414
-0.246615,0.744036,-10.026829
-0.220876,0.777557,-10.034611
-0.175983,0.743438,-10.047780
-0.117920,0.596785,-10.130384
-0.052675,0.614743,-10.111828
-0.094576,0.620130,-10.070526
-0.116723,0.652453,-10.076512
-0.168201,0.620728,-10.059752
-0.195137,0.613545,-10.081899
-0.226264,0.636291,-10.049575
-0.187954,0.744036,-10.041794
-0.153237,0.769176,-10.046583
-0.146054,0.731466,-10.066336
-0.141864,0.663228,-10.045984
-0.144857,0.656045,-10.115420
-0.151441,0.705128,-10.073519
-0.184363,0.696748,-10.075913
-0.216686,0.616538,-10.063343
-0.218482,0.554286,-10.061547
-0.172990,0.608757,-10.085491
-0.125103,0.693157,-10.087884
-0.119716,0.717699,-10.069329
-0.107146,0.706325,-10.080103
-0.141864,0.666221,-10.059153
-0.185560,0.651256,-10.101054
-0.218482,0.696150,-10.037006
-0.227461,0.684777,-10.054365
-0.240630,0.650059,-10.028027
-0.165208,0.669213,-10.023238
-0.173588,0.588405,-10.119609
-0.108942,0.618334,-10.142954
-0.090984,0.661432,-10.089680
-0.109540,0.710516,-10.090279
-0.130491,0.673404,-10.101653
-0.165208,0.646467,-10.096265
-0.192144,0.664425,-10.074117
-0.256193,0.701537,-10.038801
-0.249608,0.685974,-10.057956
-0.211299,0.657840,-10.045984
-0.180173,0.626116,-10.059752
-0.133484,0.599778,-10.098659
-0.072428,0.615940,-10.110033
-0.038908,0.723086,-10.074117
-0.152040,0.619531,-9.956795
-0.157427,0.657840,-10.161510
-0.216088,0.644073,-10.102849
-0.240031,0.681185,-9.992711
-0.205912,0.732064,-10.096863
-0.205912,0.723684,-10.020245
-0.201722,0.688967,-10.067533
-0.161617,0.629109,-10.107039
-0.150244,0.606362,-10.081300
-0.122709,0.647066,-10.083096
-0.141265,0.641679,-10.048977
-0.181969,0.630306,-10.078907
-0.172391,0.636890,-10.087286
-0.209503,0.606362,-10.053766
-0.164011,0.678791,-10.008872
-0.150244,0.715304,-10.010668
-0.150244,0.695551,-10.087286
-0.158624,0.666221,-10.124997
-0.171793,0.620130,-10.046583
-0.161617,0.617735,-10.063941
-0.155032,0.662030,-10.048378
-0.149047,0.651855,-10.087286
-0.155631,0.626714,-10.105243
-0.177180,0.620130,-10.084293
-0.178377,0.645869,-10.053167
-0.159223,0.699741,-10.069928
-0.177779,0.703333,-10.054365
-0.173588,0.675798,-10.095067
-0.181370,0.646467,-10.093871
-0.183166,0.651855,-10.102849
-0.170596,0.638686,-10.063941
-0.167004,0.637489,-10.059153
-0.155631,0.626714,-10.074716
-0.149645,0.632101,-10.093871
-0.155631,0.641080,-10.071723
-0.151441,0.664425,-10.065737
-0.175384,0.705727,-10.077709
-0.189152,0.674601,-10.070526
-0.194539,0.659038,-10.078308
-0.203518,0.651256,-10.046583
-0.172990,0.665622,-10.069928
-0.172990,0.675798,-10.045386
-0.158025,0.615940,-10.061547
-0.153835,0.606362,-10.119011
-0.165208,0.636890,-10.089680
-0.152040,0.665023,-10.081899
-0.164610,0.670411,-10.053766
-0.182567,0.670411,-10.066336
-0.196933,0.662629,-10.090878
-0.183764,0.666221,-10.060350
-0.191546,0.671009,-10.075913
-0.172391,0.678192,-10.060350
-0.159821,0.671608,-10.084293
-0.146054,0.619531,-10.104046
-0.141265,0.623123,-10.071723
-0.165208,0.637489,-10.075315
-0.172391,0.666819,-10.041195
-0.158025,0.668016,-10.050174
-0.182567,0.651256,-10.094470
-0.185560,0.666221,-10.078907
-0.181969,0.688967,-10.085491
-0.173588,0.683579,-10.068132
-0.175983,0.675798,-10.071723
-0.152040,0.644672,-10.095666
-0.162814,0.633897,-10.075913
-0.153237,0.624320,-10.055562
-0.161018,0.645270,-10.074117
-0.146054,0.651256,-10.069928
-0.176581,0.653052,-10.069928
-0.177180,0.665622,-10.067533
-0.172990,0.682382,-10.070526
-0.165807,0.682981,-10.075913
-0.175384,0.691361,-10.034611
-0.175983,0.669812,-10.053167
-0.180771,0.663228,-10.090279
-0.174187,0.650657,-10.086688
-0.171194,0.644073,-10.053167
-0.175384,0.642277,-10.065138
-0.158025,0.640482,-10.068132
-0.147849,0.637489,-10.070526
-0.158624,0.675798,-10.081300
-0.158025,0.678791,-10.056160
-0.170596,0.675199,-10.043590
-0.190947,0.674601,-10.042991
-0.177180,0.648263,-10.054963
-0.168201,0.660235,-10.079504
-0.164610,0.642277,-10.075315
-0.161018,0.641080,-10.056160
-0.167004,0.639284,-10.069329
-0.160420,0.629109,-10.078308
-0.167603,0.637489,-10.092075
-0.165208,0.680587,-10.072920
-0.162814,0.663228,-10.055562
-0.171793,0.667418,-10.054963
-0.179574,0.651256,-10.072920
-0.183166,0.664425,-10.097462
-0.169997,0.665023,-10.047780
-0.165208,0.648263,-10.080103
-0.159821,0.638087,-10.066336
-0.152040,0.633897,-10.067533
-0.161617,0.600975,-10.119011
-0.177779,0.651256,-10.103448
-0.165208,0.655446,-10.076512
-0.169398,0.661432,-10.062745
-0.190947,0.651855,-10.085491
-0.170596,0.681784,-10.074716
-0.189750,0.688967,-10.095666
-0.176581,0.669213,-10.029823
-0.174786,0.648862,-10.068132
-0.163413,0.647066,-10.074716
-0.165208,0.641679,-10.085491
-0.161018,0.649460,-10.090878
-0.173588,0.658439,-10.045984
-0.169398,0.638087,-10.056758
-0.169997,0.665622,-10.068730
-0.176581,0.674601,-10.059153
-0.187356,0.684777,-10.080103
-0.182567,0.677594,-10.066336
-0.175983,0.655446,-10.079504
-0.173588,0.650657,-10.057956
-0.159223,0.654848,-10.077111
-0.167603,0.658439,-10.105842
-0.159821,0.635693,-10.062745
-0.168800,0.626714,-10.072920
-0.181969,0.641080,-10.037604
-0.159223,0.663228,-10.067533
-0.164011,0.682382,-10.095666
-0.196335,0.678791,-10.064540
-0.181370,0.664425,-10.029224
-0.169997,0.660235,-10.035210
-0.177180,0.666221,-10.038203
-0.169997,0.668615,-10.134574
-0.150842,0.650059,-10.059153
-0.150244,0.642876,-10.073519
-0.162215,0.626714,-10.049575
-0.157427,0.640482,-10.071723
-0.149047,0.679988,-10.104645
-0.151441,0.676396,-10.062146
-0.172990,0.673404,-10.071723
-0.201722,0.663826,-10.037006
-0.184363,0.674002,-10.062745
-0.180771,0.668016,-10.097462
-0.150842,0.678192,-10.074716
-0.174786,0.653052,-10.074117
-0.172990,0.625517,-10.040596
-0.159223,0.638087,-10.027428
-0.158025,0.662030,-10.105842
-0.163413,0.676995,-10.084293
-0.177180,0.668615,-10.063941
-0.186757,0.666221,-10.055562
-0.186159,0.669213,-10.068132
-0.176581,0.696150,-10.090878
-0.174187,0.676396,-10.075315
-0.164610,0.660833,-10.036407
-0.168201,0.636291,-10.070526
-0.163413,0.646467,-10.086089
-0.157427,0.668016,-10.117216
-0.149645,0.676995,-10.109434
-0.161617,0.650657,-10.068730
-0.169997,0.645270,-10.092674
-0.180173,0.659636,-10.070526
-0.170596,0.683579,-10.059752
-0.177180,0.671009,-10.089680
-0.165807,0.658439,-10.093871
-0.176581,0.645270,-10.067533
-0.161617,0.644672,-10.066934
-0.156230,0.654848,-10.051970
-0.151441,0.656643,-10.094470
-0.165208,0.642876,-10.048977
-0.184962,0.627911,-10.073519
-0.190349,0.640482,-10.081300
-0.170596,0.664425,-10.075315
-0.159821,0.686572,-10.092075
-0.169997,0.664425,-10.060949
-0.171194,0.654249,-10.069329
-0.178976,0.657242,-10.076512
-0.162215,0.643475,-10.047780
-0.172391,0.653052,-10.126792
-0.170596,0.630306,-10.068730
-0.174187,0.631503,-10.067533
-0.156828,0.648263,-10.093871
-0.161617,0.660833,-10.047182
-0.169997,0.681185,-10.039400
-0.189750,0.664425,-10.074716
-0.177779,0.665023,-10.075315
-0.172990,0.663826,-10.054365
-0.169398,0.657840,-10.041195
-0.172990,0.673404,-10.055562
-0.168800,0.649460,-10.068132
-0.164011,0.638087,-10.075315
-0.162215,0.628510,-10.075913
-0.153835,0.676396,-10.083695
-0.286720,1.009806,-9.776024
-0.073625,0.714706,-10.180665
-0.415415,0.431577,-10.142355
-0.042499,0.603968,-10.107638
0.073625,0.622524,-10.242918
-0.232249,0.490238,-10.044188
-0.244221,0.465097,-10.108237
-0.110139,0.754811,-10.116018
-0.325628,0.809880,-10.002886
-0.223271,0.794915,-10.040596
-0.138272,0.853576,-10.067533
-0.322635,0.863154,-10.019646
-0.153237,0.565060,-10.129785
-0.195137,0.476470,-10.092674
-0.211898,0.533934,-10.069928
-0.019155,0.647066,-10.091476
0.014366,0.615940,-10.116018
-0.138871,0.465696,-10.153130
-0.087991,0.669213,-10.099258
-0.196933,0.862555,-10.029823
-0.286122,0.867344,-10.004682
-0.278340,0.784740,-10.023837
-0.284326,0.721290,-10.052569
-0.217883,0.691361,-10.085491
-0.098766,0.629707,-10.096863
-0.102956,0.555483,-10.105842
-0.090386,0.543511,-10.071723
-0.031725,0.571645,-10.168095
-0.061654,0.528547,-10.141757
-0.189152,0.626116,-10.076512
-0.193342,0.769176,-10.044787
-0.253798,0.858964,-10.020844
-0.283129,0.800303,-10.066934
-0.266369,0.692558,-10.067533
-0.187954,0.718896,-10.048378
-0.120913,0.714107,-10.068132
-0.083801,0.623123,-10.085491
-0.124505,0.506399,-10.121405
-0.144258,0.465696,-10.124997
-0.098766,0.565060,-10.123800
-0.179574,0.655446,-10.055562
-0.181370,0.696748,-10.014260
-0.203518,0.750620,-10.083695
-0.250805,0.756008,-10.060350
-0.243622,0.739247,-10.023238
-0.204116,0.690164,-10.068730
-0.167603,0.680587,-10.074716
-0.143659,0.633897,-10.097462
-0.119118,0.575835,-10.102251
-0.114329,0.518970,-10.087884
-0.112533,0.633299,-10.077111
-0.144857,0.664425,-10.078308
-0.178377,0.665023,-10.063941
-0.210700,0.672805,-10.081300
-0.225066,0.699741,-10.039999
-0.219679,0.742839,-10.040596
-0.216088,0.668016,-10.056758
-0.208905,0.645270,-10.052569
-0.171194,0.663228,-10.118412
-0.130491,0.645270,-10.082497
-0.124505,0.611750,-10.103448
-0.137075,0.599778,-10.086688
-0.150842,0.643475,-10.066336
-0.167603,0.653650,-10.108237
-0.203518,0.677594,-10.060949
-0.223271,0.702734,-10.040596
-0.223869,0.714706,-10.035210
-0.218482,0.659038,-10.065138
-0.210700,0.647066,-10.124399
-0.177180,0.633299,-10.097462
-0.141265,0.631503,-10.078308
-0.137075,0.614144,-10.076512
-0.139469,0.597384,-10.062146
-0.157427,0.663826,-10.112426
-0.144258,0.688967,-10.061547
-0.175384,0.695551,-10.062745
-0.188553,0.695551,-10.047780
-0.196335,0.687171,-10.043590
-0.190947,0.696748,-10.101054
-0.205313,0.664425,-10.084293
-0.180173,0.638686,-10.080702
-0.167603,0.611151,-10.096265
-0.145455,0.606961,-10.050773
-0.128096,0.608158,-10.108835
-0.140667,0.614743,-10.089082
-0.143061,0.654249,-10.074117
-0.166406,0.698544,-10.086688
-0.195137,0.703931,-10.071723
-0.207109,0.700340,-10.051371
-0.226862,0.691960,-10.078308
-0.192743,0.682382,-10.048977
-0.185560,0.636291,-10.053766
-0.145455,0.621327,-10.067533
-0.128096,0.619531,-10.084892
-0.124505,0.611151,-10.131581
-0.154434,0.622524,-10.076512
-0.172990,0.633897,-10.077111
-0.188553,0.677594,-10.049575
-0.205912,0.697347,-10.047182
-0.192144,0.703333,-10.086688
-0.195137,0.696748,-10.070526
-0.170596,0.697945,-10.045386
-0.155631,0.669812,-10.055562
-0.149047,0.640482,-10.053167
-0.143061,0.616538,-10.066934
-0.147849,0.608757,-10.106441
-0.168800,0.617137,-10.056160
-0.179574,0.626116,-10.069928
-0.186757,0.653650,-10.070526
-0.177779,0.686572,-10.060350
-0.193342,0.684178,-10.061547
-0.181370,0.693755,-10.065737
-0.179574,0.687171,-10.066934
-0.184962,0.673404,-10.097462
-0.161617,0.665622,-10.069928
-0.161617,0.632101,-10.105842
-0.165807,0.615341,-10.088483
-0.161617,0.615341,-10.097462
-0.159223,0.638087,-10.080702
-0.177180,0.636291,-10.047780
-0.173588,0.657840,-10.110033
-0.168800,0.694952,-10.073519
-0.174786,0.696150,-10.079504
-0.193940,0.699741,-10.071125
-0.186757,0.669812,-10.077111
-0.165208,0.663228,-10.078907
-0.164610,0.644073,-10.078907
-0.166406,0.638087,-10.080702
-0.137674,0.633299,-10.081899
-0.146652,0.633897,-10.080103
-0.164011,0.632101,-10.123201
-0.165807,0.625517,-10.111229
-0.192743,0.718297,-10.075913
-0.184962,0.708720,-10.049575
-0.189152,0.657840,-10.060949
-0.192743,0.615940,-10.101054
-0.174786,0.620130,-10.096265
-0.134082,0.680587,-10.086089
-0.150244,0.675199,-10.089082
-0.129293,0.627911,-10.065138
-0.140068,0.638686,-10.042991
-0.164011,0.662030,-10.085491
-0.168201,0.706325,-10.062146
-0.177180,0.697347,-10.051970
-0.212496,0.682981,-10.060949
-0.197532,0.654848,-10.041195
-0.180771,0.654249,-10.100455
-0.161018,0.665622,-10.069928
-0.125103,0.630306,-10.085491
-0.141864,0.596187,-10.067533
-0.147849,0.617137,-10.062146
-0.149645,0.657242,-10.103448
-0.180173,0.688368,-10.079504
-0.180173,0.696748,-10.042991
-0.195736,0.642876,-10.060949
-0.207109,0.667418,-10.045386
-0.165807,0.700938,-10.109434
-0.171793,0.717699,-10.080103
-0.155631,0.671608,-10.066336
-0.168201,0.628510,-10.079504
-0.147849,0.639284,-10.064540
-0.128695,0.681185,-10.123201
-0.138871,0.683579,-10.091476
-0.164610,0.668615,-10.069329
-0.203518,0.654848,-10.072920
-0.195736,0.647066,-10.061547
-0.181370,0.688967,-10.089082
-0.164610,0.698544,-10.096265
-0.155631,0.678791,-10.084892
-0.156828,0.662629,-10.080103
-0.164610,0.657840,-10.059752
-0.155631,0.669213,-10.095666
-0.156230,0.662030,-10.098061
-0.164011,0.638686,-10.091476
-0.177779,0.633897,-10.074117
-0.182567,0.689565,-10.060350
-0.168201,0.678791,-10.078907
-0.161018,0.676396,-10.084892
-0.170596,0.690762,-10.068132
-0.152040,0.665622,-10.060350
-0.156828,0.651855,-10.077111
-0.151441,0.655446,-10.068132
-0.156230,0.658439,-10.097462
-0.170596,0.657242,-10.095067
-0.181370,0.660235,-10.091476
-0.161617,0.659636,-10.059153
-0.196335,0.651855,-10.061547
-0.179574,0.657840,-10.092674
-0.168800,0.675199,-10.074716
-0.167004,0.701537,-10.050773
-0.161018,0.690164,-10.071125
-0.159821,0.668016,-10.046583
-0.150244,0.674002,-10.097462
-0.159223,0.688368,-10.081899
-0.178377,0.671608,-10.075913
-0.156828,0.632101,-10.066934
-0.162215,0.639284,-10.078907
-0.172990,0.703333,-10.107039
-0.175384,0.687769,-10.071125
-0.161018,0.649460,-10.078308
-0.162814,0.648263,-10.069928
-0.159223,0.685375,-10.061547
-0.165208,0.676995,-10.053167
-0.169398,0.656643,-10.098061
-0.168800,0.641080,-10.066934
-0.181370,0.622524,-10.066934
-0.177779,0.684178,-10.079504
-0.159223,0.697945,-10.079504
-0.171793,0.675798,-10.083695
-0.165807,0.657840,-10.083695
-0.159223,0.663826,-10.054365
-0.149047,0.702734,-10.074117
-0.169398,0.711114,-10.065138
-0.201123,0.639284,-10.099857
-0.203518,0.622524,-10.063941
-0.179574,0.658439,-10.071125
-0.147849,0.653650,-10.066336
-0.128695,0.670411,-10.046583
-0.140068,0.673404,-10.057357
-0.161018,0.665023,-10.077709
-0.171194,0.675798,-10.048977
-0.191546,0.697945,-10.051371
-0.197532,0.710516,-10.066336
-0.207708,0.673404,-10.060350
-0.191546,0.643475,-10.065737
-0.172391,0.662629,-10.062146
-0.142462,0.675798,-10.038801
-0.128096,0.629707,-10.054365
-0.140068,0.603370,-10.074117
-0.140068,0.607560,-10.116018
-0.155032,0.697347,-10.066336
-0.174187,0.713508,-10.062745
-0.186757,0.692558,-10.066336
-0.198729,0.663826,-10.050174
-0.180771,0.681185,-10.079504
-0.183166,0.699142,-10.062146
-0.146652,0.662030,-10.066336
-0.157427,0.626116,-10.066336
-0.158624,0.639883,-10.051970
-0.135279,0.647066,-10.124997
-0.162215,0.639883,-10.099857
-0.163413,0.640482,-10.057956
-0.170596,0.663228,-10.054963
-0.172990,0.706325,-10.074716
-0.171194,0.712910,-10.116617
-0.178976,0.696748,-10.090878
-0.181370,0.663228,-10.090279
-0.153835,0.675199,-10.042991
-0.152638,0.718297,-10.078907
-0.129293,0.717699,-10.092674
-0.146652,0.634496,-10.070526
-0.175384,0.636291,-10.080103
-0.187954,0.700340,-10.071723
-0.184363,0.672805,-10.073519
-0.174187,0.648862,-10.074117
-0.179574,0.643475,-10.090279
-0.168800,0.690164,-10.077709
-0.161617,0.696150,-10.069329
-0.159821,0.660235,-10.062745
-0.153237,0.671608,-10.093871
-0.152040,0.676396,-10.106441
-0.165807,0.685974,-10.072321
-0.183166,0.608158,-10.060949
-0.180771,0.614743,-10.047780
-0.144258,0.670411,-10.073519
-0.142462,0.721889,-10.085491
-0.145455,0.697347,-10.081300
-0.180771,0.630306,-10.069329
-0.179574,0.659636,-10.053167
-0.159223,0.700340,-10.060350
-0.155032,0.667418,-10.107039
-0.159223,0.632700,-10.087884
-0.153237,0.650059,-10.094470
-0.168800,0.648263,-10.049575
-0.155032,0.647066,-10.078907
-0.154434,0.651256,-10.098061
-0.174786,0.686572,-10.066336
-0.168800,0.699142,-10.077709
-0.157427,0.666819,-10.054365
-0.167004,0.669213,-10.072920
-0.169997,0.672206,-10.113025
-0.162814,0.674002,-10.093272
-0.150842,0.669812,-10.077111
-0.161018,0.674601,-10.050174
-0.182567,0.646467,-10.063343
-0.177180,0.668615,-10.106441
-0.159223,0.666819,-10.093871
-0.145455,0.681185,-10.062745
-0.153835,0.663826,-10.054963
-0.173588,0.681185,-10.064540
-0.164610,0.685974,-10.104645
-0.179574,0.650059,-10.081300
-0.156828,0.671608,-10.054365
-0.162814,0.676396,-10.054365
-0.156230,0.685974,-10.054365
-0.178377,0.612348,-10.077709
-0.178377,0.632101,-10.082497
-0.165807,0.674601,-10.062146
-0.138871,0.708720,-10.066336
-0.167603,0.715304,-10.080103
-0.189750,0.667418,-10.054365
-0.196933,0.653650,-10.078907
-0.184363,0.662030,-10.071723
-0.168201,0.672805,-10.070526
-0.156828,0.660235,-10.062745
-0.150244,0.659636,-10.059153
-0.166406,0.640482,-10.078308
-0.158624,0.641080,-10.085491
-0.169398,0.642876,-10.068730
-0.167603,0.668615,-10.047182
-0.174786,0.675798,-10.061547
-0.167004,0.690164,-10.095067
-0.175384,0.678192,-10.081300
-0.174786,0.672805,-10.067533
-0.171194,0.680587,-10.056758
-0.162814,0.697347,-10.051970
-0.146652,0.652453,-10.104046
-0.156828,0.667418,-10.084293
-0.168800,0.645270,-10.062146
-0.181969,0.648862,-10.069329
-0.172391,0.645270,-10.041794
-0.180173,0.697945,-10.054365
-0.164610,0.696150,-10.087286
-0.177779,0.664425,-10.059752
-0.160420,0.657242,-10.071125
-0.153237,0.693755,-10.044188
-0.144258,0.716501,-10.067533
-0.174786,0.608158,-10.090279
-0.165807,0.596785,-10.084892
-0.170596,0.634496,-10.072920
-0.152638,0.720093,-10.051371
-0.149645,0.738649,-10.065138
-0.164610,0.687171,-10.080103
-0.187356,0.602771,-10.069928
-0.181969,0.644073,-10.079504
-0.153237,0.708720,-10.077709
-0.141864,0.745233,-10.074716
-0.152638,0.669213,-10.084293
-0.192144,0.609355,-10.067533
-0.173588,0.655446,-10.060949
-0.162215,0.687769,-10.087884
-0.146652,0.694354,-10.050773
-0.153835,0.711713,-10.038801
-0.146054,0.686572,-10.092075
-0.198130,0.651855,-10.075315
-0.201123,0.645270,-10.069329
-0.188553,0.672206,-10.067533
-0.170596,0.690164,-10.078308
-0.167004,0.650657,-10.078308
-0.149645,0.648862,-10.064540
-0.152638,0.694354,-10.074117
-0.119716,0.708720,-10.072920
-0.143061,0.685375,-10.064540
-0.178377,0.635094,-10.099857
-0.176581,0.658439,-10.059153
-0.173588,0.703931,-10.058554
-0.163413,0.717699,-10.041794
-0.176581,0.672805,-10.042392
-0.174187,0.617735,-10.098061
-0.175384,0.630306,-10.095067
-0.164610,0.691361,-10.081899
-0.145455,0.704530,-10.057357
-0.138272,0.705727,-10.048378
-0.152638,0.688368,-10.090878
-0.158025,0.680587,-10.077111
-0.174187,0.666819,-10.086688
-0.168201,0.650657,-10.056758
-0.174187,0.609355,-10.064540
-0.159223,0.629707,-10.107638
-0.165807,0.627911,-10.093871
-0.163413,0.642277,-10.077111
-0.164011,0.654848,-10.058554
-0.171793,0.662629,-10.074716
-0.185560,0.678791,-10.068132
-0.180771,0.692558,-10.089082
-0.162215,0.716501,-10.067533
-0.155631,0.719494,-10.062745
-0.161018,0.706924,-10.072920
-0.143061,0.691361,-10.090878
-0.136476,0.686572,-10.090279
-0.154434,0.661432,-10.081300
-0.145455,0.644672,-10.072920
-0.169997,0.629707,-10.081899
-0.186757,0.657242,-10.084293
-0.179574,0.690164,-10.069329
-0.185560,0.701537,-10.042991
-0.175983,0.684777,-10.054963
-0.161018,0.693157,-10.039400
-0.146054,0.690762,-10.059752
-0.158025,0.695551,-10.095666
-0.140068,0.668016,-10.092075
-0.153835,0.682981,-10.071125
-0.161617,0.653052,-10.070526
-0.169398,0.651256,-10.093871
-0.158025,0.659636,-10.114222
-0.164011,0.664425,-10.072920
-0.160420,0.677594,-10.061547
-0.159821,0.696150,-10.053766
-0.169997,0.686572,-10.086688
-0.161617,0.684178,-10.108237
-0.164011,0.689565,-10.077111
-0.147849,0.693157,-10.075913
-0.158025,0.675798,-10.073519
-0.158025,0.668615,-10.047780
-0.144258,0.665622,-10.082497
-0.167603,0.683579,-10.079504
-0.177779,0.668615,-10.066934
-0.178976,0.666221,-10.078308
-0.165807,0.681185,-10.068132
-0.163413,0.705727,-10.078907
-0.143659,0.678791,-10.087884
-0.141864,0.653650,-10.073519
-0.155032,0.663228,-10.072321
-0.142462,0.697945,-10.059153
-0.171194,0.661432,-10.079504
-0.162814,0.660235,-10.071125
-0.155032,0.675199,-10.083096
-0.180173,0.677594,-10.072321
-0.175384,0.671009,-10.081300
-0.162215,0.665023,-10.057956
-0.162814,0.679988,-10.100455
-0.161617,0.672805,-10.066934
-0.175384,0.708720,-10.060949
-0.161617,0.722487,-10.051371
-0.146652,0.699142,-10.069928
-0.171194,0.661432,-10.079504
-0.173588,0.654848,-10.087884
-0.165807,0.667418,-10.064540
-0.160420,0.681185,-10.052569
-0.158025,0.715304,-10.044787
-0.182567,0.690164,-10.105243
-0.179574,0.659636,-10.086688
-0.171793,0.649460,-10.074716
-0.170596,0.659636,-10.063343
-0.150244,0.685974,-10.057956
-0.141864,0.681784,-10.073519
-0.161018,0.688368,-10.097462
-0.168800,0.664425,-10.075913
-0.180173,0.668016,-10.053766
-0.174187,0.691960,-10.063941
-0.172391,0.681784,-10.059153
-0.161617,0.664425,-10.079504
-0.149645,0.701537,-10.076512
-0.136476,0.685974,-10.059752
-0.167603,0.654249,-10.078308
-0.176581,0.660235,-10.059752
-0.155032,0.709917,-10.081300
-0.161617,0.681185,-10.058554
-0.174187,0.672805,-10.069928
-0.175384,0.690762,-10.056758
-0.167004,0.685375,-10.051371
-0.177180,0.669213,-10.102849
-0.156230,0.684777,-10.079504
-0.146652,0.678791,-10.079504
-0.151441,0.666819,-10.092075
-0.145455,0.679988,-10.057357
-0.148448,0.700938,-10.092674
-0.143061,0.679988,-10.089082
-0.161617,0.648862,-10.057956
-0.144857,0.695551,-10.066336
-0.143659,0.747029,-10.045984
-0.150244,0.719494,-10.069329
-0.167603,0.662030,-10.105842
-0.168201,0.666221,-10.071125
-0.144258,0.697945,-10.057956
-0.140667,0.703931,-10.064540
-0.152040,0.651855,-10.068730
-0.164610,0.660235,-10.080702
-0.174187,0.682981,-10.063941
-0.163413,0.669213,-10.084293
-0.165208,0.687769,-10.057956
-0.162814,0.669812,-10.050773
-0.141864,0.699142,-10.085491
-0.135279,0.696150,-10.077111
-0.161018,0.663826,-10.068730
-0.173588,0.661432,-10.066934
-0.177779,0.668615,-10.065138
-0.152638,0.666819,-10.102251
-0.138871,0.679389,-10.067533
-0.164011,0.666221,-10.055562
-0.159223,0.668615,-10.045386
-0.153835,0.646467,-10.074117
-0.161018,0.678192,-10.098061
-0.161617,0.709917,-10.065138
-0.153237,0.705727,-10.065737
-0.170596,0.640482,-10.062745
-0.154434,0.674002,-10.063941
-0.154434,0.710516,-10.108237
-0.164610,0.708121,-10.092674
-0.160420,0.661432,-10.069928
-0.190349,0.648862,-10.081899
-0.176581,0.691361,-10.060350
-0.161617,0.721290,-10.092674
-0.166406,0.730269,-10.074716
-0.166406,0.675199,-10.059153
-0.163413,0.659636,-10.083096
-0.153835,0.691361,-10.058554
-0.144258,0.671608,-10.081300
-0.159821,0.657840,-10.099258
-0.145455,0.667418,-10.081899
-0.146652,0.648263,-10.084293
-0.145455,0.661432,-10.065737
-0.172391,0.651855,-10.090279
-0.161018,0.673404,-10.104046
-0.168800,0.711713,-10.077709
-0.164610,0.702734,-10.066934
-0.161617,0.670411,-10.069928
-0.163413,0.656045,-10.050174
-0.158025,0.671009,-10.094470
-0.151441,0.696150,-10.065737
-0.172990,0.689565,-10.100455
-0.173588,0.676995,-10.070526
-0.163413,0.675199,-10.048378
-0.150244,0.679389,-10.108237
-0.171194,0.674002,-10.075315
-0.168201,0.669213,-10.090878
-0.143659,0.672206,-10.041195
-0.154434,0.707523,-10.069928
-0.165807,0.672805,-10.116617
-0.162215,0.658439,-10.084892
-0.147251,0.656045,-10.054365
-0.147849,0.668016,-10.091476
-0.146652,0.698544,-10.059752
-0.166406,0.673404,-10.101054
-0.195736,0.643475,-10.059752
-0.189152,0.613545,-10.059153
-0.196335,0.662030,-10.057357
-0.150244,0.730269,-10.075913
-0.144857,0.683579,-10.110630
-0.143659,0.642277,-10.101054
-0.171194,0.659636,-10.095666
-0.161018,0.700938,-10.077709
-0.157427,0.709917,-10.070526
-0.148448,0.668016,-10.066336
-0.168800,0.681185,-10.080103
-0.166406,0.685974,-10.048378
-0.183764,0.650657,-10.045984
-0.168201,0.660833,-10.059752
-0.163413,0.659636,-10.037006
-0.150842,0.712311,-10.104645
-0.151441,0.696748,-10.089082
-0.165807,0.675798,-10.072321
-0.168201,0.644073,-10.052569
-0.171793,0.647066,-10.060350
-0.175384,0.723684,-10.096265
-0.165807,0.699142,-10.075315
-0.162814,0.674601,-10.092674
-0.142462,0.642277,-10.065737
-0.157427,0.634496,-10.089680
-0.155032,0.682382,-10.040596
-0.161018,0.710516,-10.072920
-0.180771,0.648263,-10.075315
-0.187954,0.647665,-10.060949
-0.164011,0.681185,-10.070526
-0.168201,0.711713,-10.035808
-0.156828,0.665622,-10.076512
-0.165208,0.661432,-10.062146
-0.162215,0.677594,-10.045386
-0.143061,0.677594,-10.060350
-0.149645,0.682981,-10.056160
-0.156828,0.648263,-10.112426
-0.149047,0.687171,-10.035808
-0.162215,0.677594,-10.069329
-0.165807,0.651855,-10.064540
-0.183764,0.648862,-10.060949
-0.158624,0.701537,-10.080702
-0.175384,0.674002,-10.070526
-0.166406,0.641080,-10.092075
-0.169398,0.666819,-10.063941
-0.155631,0.697347,-10.062745
-0.145455,0.685375,-10.114821
-0.167004,0.676396,-10.071723
-0.167603,0.660235,-10.061547
-0.165208,0.662030,-10.055562
-0.169398,0.679988,-10.066934
-0.179574,0.678192,-10.051371
-0.161018,0.642277,-10.075315
-0.128096,0.723086,-10.056160
-0.177180,0.703931,-10.050174
-0.200525,0.637489,-10.063941
-0.172990,0.635094,-10.099258
-0.150244,0.670411,-10.077111
-0.149645,0.675199,-10.058554
-0.180771,0.650059,-10.083096
-0.210700,0.629707,-10.029823
-0.067041,0.462703,-10.059752
-0.022147,0.490836,-10.089680
-0.034119,0.552490,-10.074117
-0.184363,0.502808,-10.077111
-0.074224,0.153237,-10.032815
-0.184363,0.372916,-10.060949
-0.192743,0.499815,-10.100455
-0.180173,0.644073,-10.075913
-0.165807,0.820654,-10.040596
-0.176581,0.886498,-10.050773
-0.151441,0.627911,-10.038801
-0.126301,0.570448,-10.141757
-0.122111,0.840408,-10.060350
-0.088590,0.691361,-10.039400
-0.119716,0.769176,-10.093272
-0.210700,0.484252,-10.092075
-0.219081,0.632101,-10.107039
-0.045492,0.718297,-10.059153
-0.073027,1.027165,-10.071125
-0.180771,0.451330,-10.016654
-0.095773,0.765585,-10.073519
-0.145455,0.383092,-10.148342
-0.116723,0.656045,-10.063343
-0.274150,0.385486,-10.099258
-0.076618,0.717699,-10.049575
-0.037711,0.861358,-10.044787
-0.035316,0.847591,-10.087884
-0.106547,0.991250,-10.084293
-0.158624,0.851781,-10.058554
-0.083801,0.891886,-10.055562
-0.078414,0.575236,-10.072920
-0.113132,0.562067,-10.105842
-0.134681,0.544110,-10.114222
-0.086794,0.637489,-10.051371
-0.071231,0.605165,-10.034611
-0.096970,0.592595,-10.056160
-0.054471,0.464499,-10.051371
-0.050879,0.691960,-10.087286
-0.023943,0.513582,-10.048378
-0.008380,0.707523,-10.054365
-0.098167,0.803894,-10.059752
-0.195137,0.731466,-10.066934
-0.132286,0.804493,-10.055562
-0.190947,0.780550,-10.062146
-0.128695,0.826640,-10.077709
-0.105949,0.679988,-10.040596
-0.114928,0.662030,-10.051970
0.023345,0.687769,-10.102849
-0.062851,0.820654,-10.107039
-0.106547,0.663228,-10.090279
-0.134082,0.580025,-10.098061
-0.133484,0.647665,-10.116018
-0.083801,0.794915,-10.058554
-0.082006,0.775162,-10.060350
-0.135279,0.696150,-10.062745
-0.117920,0.650657,-10.095067
-0.129293,0.578229,-10.039999
-0.027535,0.603370,-10.121405
-0.141265,0.674002,-10.070526
-0.070034,0.705727,-10.096863
-0.071830,0.674601,-10.039400
-0.099364,0.708720,-10.045984
-0.110139,0.718297,-10.053766
-0.117920,0.797310,-10.051371
-0.102357,0.578828,-10.086688
-0.122709,0.757205,-10.101054
-0.099963,0.665023,-10.045386
-0.090984,0.535730,-10.102849
-0.017957,0.787134,-10.085491
-0.141265,0.720691,-10.057357
-0.058661,0.716501,-10.125596
-0.223271,0.680587,-10.090878
-0.100562,0.611750,-10.086089
-0.174786,0.861358,-10.102251
-0.121512,0.803894,-10.075913
-0.146652,0.712910,-10.090279
-0.112533,0.783542,-10.020245
-0.078414,0.823049,-10.050773
-0.065245,0.888893,-10.062745
-0.125702,0.559673,-10.071125
-0.122111,0.745233,-10.074117
-0.066442,0.751818,-10.037006
-0.108942,0.960124,-10.064540
-0.117920,0.822450,-10.054365
-0.149047,0.848189,-10.044787
-0.161617,0.728473,-10.071723
-0.076618,0.711114,-10.080103
-0.098167,0.685974,-10.089082
-0.107146,0.638087,-10.112426
-0.143061,0.585412,-10.084293
-0.197532,0.752416,-10.089680
-0.026936,0.744635,-10.089680
-0.092181,0.790127,-10.039400
-0.137075,0.676995,-10.041794
-0.108942,0.747029,-10.074716
-0.142462,0.648263,-10.077111
-0.097569,0.711114,-10.089082
-0.029330,0.674601,-10.006478
-0.061654,0.604567,-10.076512
-0.192144,0.718297,-10.084892
-0.071830,0.835020,-10.078308
-0.131089,0.572842,-10.038801
-0.070034,0.368127,-10.061547
-0.140068,0.715903,-10.082497
-0.045492,0.708121,-10.138764
-0.105949,0.744635,-10.109434
-0.143061,0.717699,-9.993907
-0.050281,0.845795,-10.047780
-0.068837,0.850583,-10.067533
-0.080808,0.957729,-10.135172
-0.001796,0.962518,-10.067533
-0.126301,0.861956,-10.056758
-0.105350,0.669812,-10.056160
-0.113132,0.696150,-10.061547
-0.110737,0.627313,-10.123800
-0.171793,0.630904,-10.101653
-0.150842,0.644672,-10.077709
-0.144258,0.785937,-10.102251
-0.123906,0.626116,-10.043590
-0.128695,0.622524,-10.075913
-0.143659,0.580025,-10.076512
-0.082604,0.796711,-10.072920
-0.165208,0.707523,-10.007675
-0.083801,0.595588,-10.029823
-0.118519,0.467492,-10.129785
-0.167603,0.442351,-10.074716
-0.073625,0.781148,-10.107039
-0.140068,0.620130,-10.099258
-0.127498,0.842203,-10.088483
-0.113132,0.796113,-10.077111
-0.216686,0.806288,-10.075315
-0.103554,0.966110,-10.058554
-0.232848,0.717100,-10.064540
-0.139469,0.866745,-10.104046
-0.064048,0.833823,-10.093272
-0.065245,0.809880,-10.103448
-0.082006,0.631503,-10.105243
-0.150842,0.307671,-10.044188
-0.211898,0.587208,-10.039999
-0.174187,0.491435,-10.050174
-0.222074,0.639284,-10.039400
-0.119118,0.832626,-10.049575
-0.135878,0.808084,-10.105243
-0.059858,0.888294,-10.054963
-0.212496,1.223499,-10.043590
-0.111336,1.539550,-10.098659
-0.057464,1.434798,-10.034012
-0.092181,1.346208,-10.062146
-0.092780,0.815866,-10.048977
-0.119716,0.721889,-10.084293
-0.111336,0.685974,-10.098659
-0.108343,0.750620,-10.108237
-0.320839,1.235471,-10.069329
-0.404042,0.703931,-10.124399
-0.187356,0.589004,-10.052569
-0.083801,0.621327,-10.110033
-0.253798,0.756008,-10.054963
-0.252003,0.729670,-10.089082
-0.031126,0.532737,-10.075315
-0.007183,0.512385,-10.001689
-0.092181,1.044524,-10.017850
-0.175384,0.663826,-10.080103
-0.257988,0.605764,-10.077111
-0.295699,0.554286,-10.084293
-0.234045,0.502209,-10.049575
-0.192743,0.598581,-10.041794
-0.217883,0.767381,-10.099258
-0.276544,0.836816,-10.096265
-0.237637,0.816464,-10.047182
-0.082006,0.536328,-10.032217
-0.049084,0.208905,-10.078308
-0.189750,0.822450,-10.070526
-0.253798,0.884104,-10.029224
-0.178377,0.646467,-10.065138
-0.154434,0.511188,-10.087286
-0.211299,0.595588,-10.035210
-0.131688,0.768578,-10.074716
-0.155631,1.160648,-9.925669
-0.287917,0.964912,-10.268656
-0.072428,0.493829,-10.026231
-0.085597,0.340593,-10.051970
-0.116723,0.351966,-10.076512
-0.211898,0.650059,-10.067533
-0.155032,0.704530,-10.063941
-0.127498,0.753015,-10.048378
-0.164610,0.718297,-10.077111
-0.099364,0.769775,-10.054365
-0.126899,0.672805,-10.098061
-0.119118,0.706325,-10.075315
-0.068238,0.714107,-10.055562
-0.100562,0.675798,-10.101653
-0.113730,0.697945,-10.044787
-0.113132,0.681784,-10.087286
-0.138272,0.635693,-10.090279
-0.122111,0.583616,-10.041195
-0.144857,0.614144,-10.058554
-0.163413,0.629707,-10.090878
-0.119716,0.726079,-10.099258
-0.106547,0.712910,-10.077709
-0.116125,0.659636,-10.066336
-0.122111,0.647066,-10.048977
-0.132286,0.687769,-10.065138
-0.143061,0.696748,-10.078907
-0.144857,0.705128,-10.102251
-0.131688,0.694952,-10.047182
-0.121512,0.675798,-10.059153
-0.125103,0.678791,-10.065138
-0.112533,0.685974,-10.081300
-0.094576,0.693157,-10.077709
-0.122111,0.698544,-10.080103
-0.121512,0.697347,-10.064540
-0.145455,0.676995,-10.054365
-0.137075,0.697347,-10.057956
-0.142462,0.708121,-10.113025
-0.137674,0.711114,-10.080103
-0.106547,0.672805,-10.065138
-0.108942,0.668016,-10.041195
-0.105350,0.687171,-10.065737
-0.105350,0.708121,-10.114821
-0.120315,0.718896,-10.068132
-0.129293,0.676396,-10.041195
-0.155631,0.684777,-10.051371
-0.140667,0.693755,-10.054365
-0.141265,0.705727,-10.097462
-0.137674,0.700340,-10.074716
-0.120913,0.689565,-10.069329
-0.111336,0.650657,-10.045984
-0.122709,0.679988,-10.082497
-0.128695,0.684178,-10.085491
-0.130491,0.690164,-10.053766
-0.120913,0.682981,-10.074716
-0.141265,0.674601,-10.057956
-0.132885,0.695551,-10.058554
-0.135279,0.700938,-10.094470
-0.120913,0.705128,-10.102849
-0.126301,0.684178,-10.085491
-0.117920,0.673404,-10.069928
-0.114329,0.688967,-10.034012
-0.119716,0.701537,-10.106441
-0.134681,0.701537,-10.060949
-0.129293,0.685974,-10.059153
-0.126899,0.674002,-10.048977
-0.119118,0.689565,-10.058554
-0.120913,0.691361,-10.095666
-0.119716,0.684777,-10.081899
-0.120913,0.688368,-10.057956
-0.126301,0.671608,-10.061547
-0.119118,0.681185,-10.052569
-0.134681,0.702734,-10.091476
-0.128695,0.687769,-10.083096
-0.143659,0.678192,-10.068730
-0.136476,0.679389,-10.073519
-0.123308,0.676995,-10.072321
-0.115526,0.682981,-10.083695
-0.104752,0.678192,-10.093272
-0.138272,0.685974,-10.058554
-0.136476,0.674002,-10.046583
-0.137674,0.691960,-10.066336
-0.131688,0.685974,-10.051371
-0.132286,0.687769,-10.101653
-0.116723,0.683579,-10.098061
-0.146054,0.676995,-10.076512
-0.124505,0.676396,-10.060350
-0.128695,0.688967,-10.065138
-0.115526,0.683579,-10.101054
-0.134681,0.669812,-10.068132
-0.125103,0.686572,-10.070526
-0.123308,0.718297,-10.065138
-0.138272,0.723684,-10.086688
-0.165208,0.656643,-10.076512
-0.154434,0.645869,-10.065737
-0.138871,0.596785,-10.041195
-0.146652,0.641080,-10.056758
-0.135878,0.685375,-10.072920
-0.104153,0.647066,-10.113025
-0.129892,0.643475,-10.074716
-0.165208,0.709917,-10.068730
-0.154434,0.741642,-10.053167
-0.173588,0.764986,-10.094470
-0.183764,0.720093,-10.058554
-0.142462,0.643475,-10.077709
-0.125702,0.670411,-10.077709
-0.108942,0.700938,-10.083096
-0.122111,0.680587,-10.060949
-0.122111,0.659038,-10.055562
-0.135279,0.624918,-10.098659
-0.142462,0.655446,-10.074117
-0.156230,0.730867,-10.092075
-0.157427,0.745832,-10.072321
-0.156828,0.736254,-10.066934
-0.176581,0.697347,-10.080702
-0.162215,0.687171,-10.062745
-0.161018,0.717100,-10.058554
-0.131089,0.725480,-10.073519
-0.105350,0.679988,-10.069329
-0.105350,0.630306,-10.083096
-0.103554,0.647066,-10.090279
-0.118519,0.696748,-10.069329
-0.123308,0.708121,-10.078308
-0.157427,0.688368,-10.057956
-0.161018,0.671608,-10.045386
-0.140068,0.683579,-10.096265
-0.148448,0.730269,-10.117216
-0.163413,0.714107,-10.021442
-0.134082,0.731466,-10.074716
-0.116723,0.668016,-10.068132
-0.135878,0.653052,-10.096265
-0.129293,0.690762,-10.068132
-0.140667,0.720093,-10.066934
-0.131688,0.694354,-10.051371
-0.140068,0.654249,-10.063343
-0.155032,0.665023,-10.071125
-0.134681,0.700938,-10.062745
-0.147251,0.725480,-10.048378
-0.130491,0.672805,-10.063941
-0.151441,0.656643,-10.064540
-0.149047,0.659636,-10.099857
-0.153237,0.691960,-10.074716
-0.140068,0.692558,-10.053167
-0.141864,0.666819,-10.061547
-0.134082,0.669213,-10.046583
-0.149645,0.663228,-10.090878
-0.168201,0.706325,-10.050773
-0.156828,0.679389,-10.051371
-0.147251,0.665622,-10.050773
-0.142462,0.664425,-10.053167
-0.147849,0.694952,-10.100455
-0.149645,0.715304,-10.096863
-0.157427,0.700938,-10.080702
-0.134082,0.651256,-10.069329
-0.158624,0.678192,-10.050773
-0.158025,0.688967,-10.086089
-0.156828,0.690164,-10.072321
-0.147251,0.668615,-10.079504
-0.141265,0.700938,-10.069928
-0.143061,0.720093,-10.062745
-0.161617,0.718297,-10.073519
-0.164610,0.695551,-10.077111
-0.160420,0.641080,-10.103448
-0.137075,0.625517,-10.064540
-0.138871,0.723086,-10.056758
-0.146652,0.702135,-10.066934
-0.129293,0.662629,-10.078907
-0.141864,0.641679,-10.070526
-0.155032,0.647665,-10.066336
-0.167004,0.712311,-10.054365
-0.157427,0.693755,-10.068132
-0.149645,0.666819,-10.089082
-0.153835,0.672206,-10.090878
-0.146652,0.673404,-10.065138
-0.126301,0.697347,-10.059752
-0.129293,0.687171,-10.049575
-0.150244,0.650059,-10.112426
-0.149645,0.639284,-10.056160
-0.156230,0.644672,-10.065138
-0.160420,0.712910,-10.072920
-0.141265,0.716501,-10.054365
-0.139469,0.676396,-10.078907
-0.138871,0.671608,-10.084892
-0.132286,0.672805,-10.078308
-0.142462,0.706325,-10.052569
-0.152040,0.665622,-10.072321
-0.146054,0.672805,-10.108835
-0.132286,0.681185,-10.068132
-0.137075,0.707523,-10.057956
-0.145455,0.685974,-10.061547
-0.155631,0.683579,-10.070526
-0.144857,0.681784,-10.093871
-0.144857,0.670411,-10.089082
-0.126899,0.687171,-10.092075
-0.122709,0.708720,-10.069329
-0.129892,0.705128,-10.062745
-0.161018,0.683579,-10.117216
-0.158624,0.679988,-10.112426
-0.163413,0.709318,-10.063941
-0.155032,0.701537,-10.054365
-0.144857,0.670411,-10.048378
-0.153835,0.661432,-10.069928
-0.128096,0.687769,-10.111828
-0.119118,0.705727,-10.090878
-0.141265,0.709917,-10.073519
-0.150842,0.669213,-10.060350
-0.157427,0.663228,-10.048378
-0.159223,0.695551,-10.094470
-0.141864,0.695551,-10.095067
-0.138871,0.701537,-10.064540
-0.140667,0.671608,-10.064540
-0.120913,0.662030,-10.085491
-0.121512,0.679988,-10.062745
-0.152638,0.678192,-10.089680
-0.140068,0.667418,-10.070526
-0.137674,0.656643,-10.060949
-0.160420,0.679988,-10.062146
-0.158025,0.687171,-10.072321
-0.146054,0.712910,-10.084892
-0.148448,0.676995,-10.083695
-0.132885,0.657840,-10.083096
-0.137674,0.669812,-10.072920
-0.145455,0.699142,-10.062745
-0.153835,0.671009,-10.062146
-0.144857,0.656045,-10.048977
-0.135878,0.669213,-10.078907
-0.143659,0.705128,-10.061547
-0.159821,0.725480,-10.053766
-0.143659,0.681784,-10.090878
-0.138272,0.646467,-10.081899
-0.144258,0.680587,-10.046583
-0.144857,0.695551,-10.048378
-0.149047,0.696150,-10.069928
-0.150842,0.679389,-10.100455
-0.140068,0.678192,-10.057956
-0.141265,0.708720,-10.045984
-0.159223,0.707523,-10.043590
-0.174187,0.690762,-10.074117
-0.158025,0.671608,-10.075913
-0.172391,0.684178,-10.095067
-0.145455,0.664425,-10.068132
-0.121512,0.625517,-10.063941
-0.092181,0.633897,-10.074117
-0.098766,0.691960,-10.059153
-0.131089,0.756606,-10.112426
-0.191546,0.647066,-10.055562
-0.181969,0.623721,-10.054963
-0.175384,0.672206,-10.038801
-0.161617,0.729670,-10.046583
-0.138871,0.767381,-10.113624
-0.113132,0.688368,-10.085491
-0.104153,0.631503,-10.074117
-0.134681,0.665023,-10.068730
-0.152638,0.702135,-10.054365
-0.153835,0.701537,-10.097462
-0.143061,0.666221,-10.072920
-0.161018,0.675798,-10.060350
-0.165208,0.744036,-10.048977
-0.152638,0.718297,-10.059153
-0.147251,0.687769,-10.107638
-0.135878,0.641080,-10.093871
-0.146054,0.676396,-10.048977
-0.136476,0.682382,-10.059153
-0.138272,0.664425,-10.051970
-0.133484,0.657840,-10.096863
-0.141265,0.669213,-10.097462
-0.157427,0.682981,-10.071125
-0.171194,0.665622,-10.072321
-0.161018,0.665622,-10.063941
-0.141864,0.682382,-10.092674
-0.141265,0.687171,-10.065737
-0.138272,0.714107,-10.082497
-0.124505,0.665622,-10.078907
-0.121512,0.676995,-10.057357
-0.132885,0.693157,-10.081300
-0.139469,0.681784,-10.084892
-0.162215,0.671608,-10.052569
-0.148448,0.664425,-10.055562
-0.148448,0.675798,-10.061547
-0.152638,0.691960,-10.086688
-0.141864,0.681784,-10.087286
-0.132286,0.685375,-10.071125
-0.131089,0.675199,-10.065138
-0.148448,0.672805,-10.033414
-0.153835,0.675199,-10.057357
-0.148448,0.682382,-10.084293
-0.147849,0.668016,-10.081899
-0.144857,0.679988,-10.095067
-0.150244,0.692558,-10.071125
-0.152638,0.685375,-10.057357
-0.153237,0.655446,-10.096863
-0.162814,0.646467,-10.083096
-0.134082,0.681185,-10.056160
-0.151441,0.684777,-10.069928
-0.149645,0.682981,-10.073519
-0.156230,0.680587,-10.098061
-0.151441,0.664425,-10.067533
-0.141265,0.682981,-10.075913
-0.135279,0.696748,-10.084892
-0.137674,0.693755,-10.038203
-0.164610,0.657242,-10.094470
-0.149645,0.648263,-10.096265
-0.156230,0.649460,-10.059752
-0.155032,0.679389,-10.060949
-0.135878,0.703333,-10.041195
-0.151441,0.672805,-10.107638
-0.132885,0.656045,-10.062745
-0.124505,0.672805,-10.095666
-0.152638,0.711713,-10.066336
-0.136476,0.733262,-10.045984
-0.175983,0.647066,-10.074117
-0.161018,0.647066,-10.055562
-0.159223,0.650657,-10.071125
-0.153237,0.694952,-10.055562
-0.138871,0.696748,-10.040596
-0.123308,0.694354,-10.062146
-0.157427,0.648862,-10.078308
-0.153237,0.671608,-10.067533
-0.150842,0.684777,-10.061547
-0.151441,0.703333,-10.059153
-0.152040,0.700340,-10.045386
-0.146652,0.674002,-10.082497
-0.139469,0.674601,-10.071723
-0.131688,0.678791,-10.070526
-0.150244,0.698544,-10.072920
-0.145455,0.678791,-10.098061
-0.162215,0.667418,-10.067533
-0.147251,0.672206,-10.075315
-0.164610,0.696150,-10.070526
-0.168201,0.690164,-10.062146
-0.164011,0.688967,-10.065737
-0.148448,0.684777,-10.051970
-0.129892,0.662030,-10.069928
-0.123906,0.691361,-10.080103
-0.137674,0.705128,-10.095067
-0.155631,0.681185,-10.052569
-0.169997,0.655446,-10.037604
-0.173588,0.667418,-10.066934
-0.164011,0.695551,-10.086688
-0.158025,0.702734,-10.062146
-0.137674,0.681185,-10.053167
-0.146652,0.678791,-10.067533
-0.132885,0.674601,-10.110630
-0.143659,0.711713,-10.081899
-0.168201,0.702734,-10.056758
-0.155032,0.679389,-10.049575
-0.165208,0.662629,-10.068730
-0.165208,0.651855,-10.094470
-0.149047,0.671608,-10.086089
-0.127498,0.678791,-10.056758
-0.135878,0.686572,-10.073519
-0.141864,0.685375,-10.061547
-0.142462,0.669812,-10.098061
-0.164011,0.668615,-10.078308
-0.185560,0.683579,-10.063343
-0.152040,0.695551,-10.069928
-0.147251,0.696748,-10.071723
-0.146652,0.669213,-10.108237
-0.128695,0.658439,-10.081300
-0.135279,0.693157,-10.081300
-0.146652,0.675798,-10.080702
-0.144258,0.679389,-10.048977
-0.139469,0.682382,-10.090878
-0.172990,0.665622,-10.102251
-0.158025,0.674002,-10.063941
-0.140068,0.696150,-10.072920
-0.163413,0.709917,-10.055562
-0.159223,0.694952,-10.064540
-0.138871,0.659038,-10.083695
-0.141265,0.665023,-10.066934
-0.149047,0.700340,-10.061547
-0.146054,0.704530,-10.059153
-0.150244,0.666221,-10.054963
-0.164610,0.643475,-10.099857
-0.169997,0.639883,-10.061547
-0.139469,0.697347,-10.063941
-0.141265,0.700938,-10.085491
-0.147849,0.672805,-10.074117
-0.145455,0.659636,-10.093272
-0.147849,0.672805,-10.104046
-0.154434,0.688967,-10.075315
-0.159223,0.686572,-10.018449
-0.171194,0.669213,-10.069329
-0.161617,0.654249,-10.071723
-0.165208,0.653650,-10.077111
-0.152040,0.664425,-10.087884
-0.132885,0.695551,-10.060949
-0.144258,0.680587,-10.048977
-0.144258,0.651256,-10.111229
-0.169398,0.644672,-10.068132
-0.157427,0.675798,-10.062745
-0.172391,0.687171,-10.056160
-0.146652,0.676396,-10.059752
-0.135878,0.671009,-10.099857
-0.148448,0.674002,-10.077709
-0.153835,0.689565,-10.063941
-0.147251,0.689565,-10.046583
-0.159223,0.668016,-10.060949
-0.152638,0.660833,-10.075913
-0.137674,0.665622,-10.096265
-0.148448,0.686572,-10.075315
-0.154434,0.691960,-10.071723
-0.156828,0.687769,-10.051371
-0.152638,0.659038,-10.060949
-0.162215,0.693755,-10.093272
-0.151441,0.704530,-10.080103
-0.137674,0.699142,-10.077709
-0.155631,0.662629,-10.052569
-0.158624,0.672805,-10.090279
-0.151441,0.664425,-10.089082
-0.158624,0.661432,-10.057956
-0.161018,0.676995,-10.070526
-0.153237,0.689565,-10.073519
-0.138272,0.680587,-10.046583
-0.133484,0.690762,-10.111828
-0.148448,0.678791,-10.077709
-0.139469,0.694354,-10.071125
-0.148448,0.687769,-10.068132
-0.162814,0.670411,-10.058554
-0.157427,0.660235,-10.105842
-0.169398,0.657242,-10.086089
-0.153237,0.675798,-10.072321
-0.148448,0.656643,-10.082497
-0.149645,0.691960,-10.045386
-0.161617,0.689565,-10.093272
-0.155631,0.671608,-10.054963
-0.149645,0.662629,-10.061547
-0.148448,0.673404,-10.065138
-0.152638,0.692558,-10.049575
-0.144258,0.680587,-10.047780
-0.140667,0.663228,-10.062745
-0.156828,0.660235,-10.062745
-0.152040,0.661432,-10.050174
-0.149645,0.669812,-10.071723
-0.175983,0.674002,-10.038801
-0.142462,0.684178,-10.074716
-0.159223,0.675798,-10.068730
-0.158025,0.669812,-10.062745
-0.164610,0.688967,-10.059752
-0.155032,0.676995,-10.057956
-0.153237,0.682382,-10.094470
-0.141864,0.678791,-10.069928
-0.144258,0.696748,-10.068730
-0.156828,0.683579,-10.086688
-0.155631,0.662030,-10.056758
-0.147849,0.672805,-10.055562
-0.164610,0.684777,-10.060350
-0.151441,0.687769,-10.062745
-0.152040,0.675199,-10.066934
-0.143061,0.651855,-10.068132
-0.141265,0.685375,-10.065737
-0.150244,0.715304,-10.086688
-0.152638,0.656045,-10.065138
-0.178377,0.636890,-10.051970
-0.166406,0.636291,-10.060949
-0.144258,0.669213,-10.060949
-0.146054,0.712910,-10.090279
-0.136476,0.685974,-10.079504
-0.149645,0.656045,-10.069329
-0.164610,0.671009,-10.066336
-0.141864,0.674601,-10.054963
-0.155032,0.691960,-10.111229
-0.146054,0.682981,-10.072321
-0.152040,0.691361,-10.069928
-0.152040,0.676995,-10.057357
-0.157427,0.665023,-10.059752
-0.159821,0.657242,-10.109434
-0.163413,0.672206,-10.074716
-0.153835,0.684777,-10.065138
-0.172990,0.685375,-10.077111
-0.156828,0.675199,-10.066336
-0.147849,0.686572,-10.077709
-0.134082,0.682981,-10.103448
-0.154434,0.705128,-10.050773
-0.139469,0.676995,-10.045984
-0.150842,0.665622,-10.084892
-0.158025,0.667418,-10.108237
-0.169398,0.679389,-10.090279
-0.158624,0.696150,-10.075315
-0.162814,0.691361,-10.064540
-0.139469,0.672805,-10.046583
-0.136476,0.659038,-10.096863
-0.147251,0.669812,-10.082497
-0.151441,0.671608,-10.065737
-0.161018,0.666819,-10.060350
-0.164610,0.660235,-10.060949
-0.147849,0.674002,-10.081899
-0.158025,0.679389,-10.078308
-0.143659,0.688967,-10.086688
-0.146054,0.696748,-10.071723
-0.150842,0.672805,-10.053167
-0.151441,0.684777,-10.063941
-0.169398,0.665023,-10.077709
-0.169398,0.655446,-10.065138
-0.151441,0.681185,-10.077709
-0.135279,0.676396,-10.073519
-0.138871,0.657242,-10.045386
-0.149645,0.666221,-10.083096
-0.153835,0.665023,-10.064540
-0.152040,0.679389,-10.089082
-0.169997,0.695551,-10.058554
-0.160420,0.683579,-10.060350
-0.165807,0.670411,-10.104046
-0.151441,0.672805,-10.070526
-0.149047,0.667418,-10.092075
-0.135878,0.669812,-10.060949
-0.139469,0.663826,-10.086089
-0.150842,0.684777,-10.106441
-0.154434,0.671009,-10.081899
-0.159223,0.660235,-10.066934
-0.145455,0.691960,-10.066336
-0.152638,0.684777,-10.069329
-0.150842,0.693157,-10.105842
-0.130491,0.676995,-10.080702
-0.134681,0.668615,-10.068730
-0.126899,0.662629,-10.053766
-0.145455,0.680587,-10.046583
-0.135878,0.696150,-10.108237
-0.149645,0.686572,-10.077111
-0.154434,0.693157,-10.053766
-0.153237,0.671608,-10.055562
-0.144857,0.679389,-10.079504
-0.145455,0.697347,-10.075913
-0.126301,0.703333,-10.103448
-0.140068,0.691361,-10.062745
-0.157427,0.677594,-10.064540
-0.164610,0.659636,-10.045386
-0.158624,0.676995,-10.099258
-0.129293,0.683579,-10.098061
-0.148448,0.696748,-10.098659
-0.137075,0.694354,-10.062745
-0.133484,0.668016,-10.070526
-0.155032,0.681784,-10.051371
-0.149047,0.691960,-10.104645
-0.161018,0.678791,-10.075315
-0.170596,0.672206,-10.056160
-0.149047,0.659636,-10.069329
-0.141864,0.677594,-10.071125
-0.150842,0.683579,-10.108237
-0.138871,0.683579,-10.090279
-0.149047,0.673404,-10.073519
-0.160420,0.669812,-10.058554
-0.173588,0.664425,-10.062146
-0.157427,0.677594,-10.043590
-0.136476,0.700340,-10.095666
-0.146054,0.688368,-10.078907
-0.144857,0.668016,-10.076512
-0.149047,0.665622,-10.048378
-0.156828,0.671608,-10.045386
-0.165208,0.670411,-10.062745
-0.160420,0.673404,-10.065737
-0.156828,0.690164,-10.045984
-0.161617,0.676396,-10.053766
-0.135279,0.663826,-10.037006
-0.151441,0.694354,-10.073519
-0.139469,0.693157,-10.069928
-0.146054,0.683579,-10.066934
-0.145455,0.660235,-10.078308
-0.167603,0.660235,-10.066934
-0.179574,0.668016,-10.114222
-0.157427,0.694354,-10.078308
-0.165208,0.686572,-10.059153
-0.155631,0.669812,-10.074716
-0.151441,0.660833,-10.064540
-0.144258,0.665622,-10.102251
-0.144857,0.679988,-10.065737
-0.163413,0.679988,-10.066934
-0.161018,0.663826,-10.080702
-0.161018,0.660833,-10.045984
-0.152040,0.677594,-10.084293
-0.131089,0.690164,-10.084293
-0.171194,0.723684,-10.087884
-0.155032,0.691960,-10.060350
-0.175384,0.651256,-10.051371
-0.142462,0.621327,-10.054365
-0.122111,0.676396,-10.093871
-0.167004,0.688967,-10.054963
-0.141265,0.666819,-10.093272
-0.167004,0.660833,-10.056758
-0.176581,0.662629,-10.060350
-0.169997,0.685974,-10.096863
-0.147251,0.703333,-10.096265
-0.150244,0.694354,-10.071723
-0.138871,0.678192,-10.053766
-0.150244,0.664425,-10.043590
-0.159223,0.678192,-10.095666
-0.168800,0.687769,-10.081300
-0.161617,0.696748,-10.057357
-0.161617,0.689565,-10.053766
-0.161018,0.672805,-10.063343
-0.152040,0.679389,-10.120208
-0.162814,0.675798,-10.072321
-0.144258,0.704530,-10.077111
-0.164011,0.668016,-10.061547
-0.150244,0.663826,-10.075315
-0.135279,0.644672,-10.132180
-0.155032,0.662030,-10.075913
-0.150244,0.682382,-10.056758
-0.158624,0.680587,-10.073519
-0.147849,0.654249,-10.069928
-0.135878,0.660235,-10.095666
-0.134082,0.675798,-10.104046
-0.190349,0.707523,-10.050174
-0.146054,0.677594,-10.054365
-0.171194,0.654848,-10.075913
-0.170596,0.651855,-10.096265
-0.153835,0.663826,-10.086688
-0.149047,0.672206,-10.072321
-0.139469,0.682382,-10.073519
-0.132286,0.679988,-10.053766
-0.136476,0.681185,-10.094470
-0.158025,0.693157,-10.093871
-0.167004,0.700340,-10.077709
-0.167004,0.690164,-10.079504
-0.175983,0.648263,-10.050174
-0.179574,0.668615,-10.063941
-0.157427,0.668615,-10.100455
-0.138272,0.669812,-10.068132
-0.126301,0.693157,-10.078907
-0.128096,0.671608,-10.072321
-0.159821,0.672206,-10.078907
-0.182567,0.683579,-10.100455
-0.176581,0.687171,-10.065737
-0.175384,0.672805,-10.048378
-0.163413,0.686572,-10.053766
-0.128096,0.671608,-10.056758
-0.130491,0.672805,-10.123800
-0.147251,0.669812,-10.074716
-0.136476,0.678192,-10.080103
-0.140667,0.668016,-10.059752
-0.164011,0.681784,-10.051371
-0.166406,0.694354,-10.108237
-0.171194,0.684178,-10.065737
-0.161018,0.664425,-10.059153
-0.159821,0.678791,-10.068132
-0.147849,0.675798,-10.072920
-0.137075,0.682981,-10.100455
-0.144857,0.671608,-10.069329
-0.151441,0.652453,-10.060949
-0.147849,0.664425,-10.054963
-0.143061,0.688368,-10.073519
-0.149645,0.684777,-10.102849
-0.162215,0.685375,-10.076512
-0.161617,0.688967,-10.063941
-0.169997,0.676995,-10.069928
-0.158624,0.689565,-10.069928
-0.168201,0.672206,-10.057357
-0.146054,0.662030,-10.087884
-0.152638,0.676396,-10.068132
-0.149047,0.674002,-10.069329
-0.141864,0.697945,-10.065737
-0.148448,0.701537,-10.056758
-0.172990,0.684178,-10.075315
-0.173588,0.670411,-10.072920
-0.156828,0.674601,-10.060949
-0.147849,0.674601,-10.053766
-0.136476,0.671608,-10.085491
-0.145455,0.675798,-10.064540
-0.140068,0.681185,-10.080103
-0.150244,0.677594,-10.091476
-0.166406,0.674002,-10.062745
-0.156828,0.679389,-10.056758
-0.169398,0.681784,-10.056160
-0.149047,0.675199,-10.069928
-0.162814,0.681185,-10.081899
-0.156230,0.681185,-10.068730
-0.154434,0.669812,-10.057357
-0.152040,0.678791,-10.075913
-0.151441,0.663826,-10.092075
-0.158025,0.665023,-10.066934
-0.158624,0.665622,-10.047780
-0.159223,0.681784,-10.067533
-0.143659,0.684777,-10.071125
-0.170596,0.697347,-10.113624
-0.152040,0.667418,-10.067533
-0.159821,0.651256,-10.065138
-0.120315,0.674002,-10.068730
-0.151441,0.700938,-10.058554
-0.144258,0.694354,-10.108237
-0.155032,0.639883,-10.067533
-0.160420,0.642876,-10.079504
-0.171793,0.671608,-10.061547
-0.175983,0.679389,-10.051970
-0.159821,0.682981,-10.089680
-0.140667,0.678791,-10.077111
-0.141265,0.672805,-10.075913
-0.155032,0.682981,-10.068730
-0.145455,0.693157,-10.082497
-0.137674,0.669812,-10.097462
-0.156828,0.678192,-10.081899
-0.159223,0.669213,-10.084892
-0.158624,0.669812,-10.054365
-0.144258,0.665622,-10.045386
-0.141265,0.678192,-10.086688
-0.143659,0.683579,-10.080103
-0.148448,0.679988,-10.066336
-0.157427,0.672206,-10.065737
-0.144258,0.671009,-10.064540
-0.166406,0.678192,-10.111828
-0.164610,0.672805,-10.091476
-0.145455,0.681784,-10.060949
-0.140667,0.672206,-10.074716
-0.161617,0.690762,-10.051970
-0.150842,0.672805,-10.078308
-0.161018,0.668615,-10.074117
-0.149645,0.674601,-10.053167
-0.158025,0.689565,-10.060949
-0.165208,0.688368,-10.052569
-0.167004,0.687171,-10.071723
-0.167603,0.665622,-10.100455
-0.164011,0.658439,-10.074716
-0.159223,0.674601,-10.070526
-0.144857,0.686572,-10.050174
-0.143659,0.675199,-10.045984
-0.147849,0.676396,-10.090878
-0.147849,0.667418,-10.091476
-0.154434,0.667418,-10.050773
-0.178976,0.675798,-10.067533
-0.167603,0.682382,-10.048378
-0.155032,0.679389,-10.109434
-0.141265,0.681185,-10.104046
-0.149047,0.674002,-10.062146
-0.132286,0.674601,-10.072920
-0.126899,0.702135,-10.076512
-0.143061,0.692558,-10.105243
-0.158025,0.666221,-10.089680
-0.165807,0.665622,-10.077709
-0.172990,0.662030,-10.062745
-0.143659,0.679389,-10.074716
-0.132885,0.700340,-10.084293
-0.135279,0.712910,-10.101054
-0.141864,0.691361,-10.077111
-0.146652,0.652453,-10.077709
-0.154434,0.662629,-10.073519
-0.156828,0.705128,-10.090279
-0.155032,0.694952,-10.104645
-0.141864,0.660833,-10.090279
-0.150244,0.653052,-10.080103
-0.152040,0.659038,-10.061547
-0.151441,0.685974,-10.079504
-0.162814,0.688368,-10.100455
-0.159223,0.676995,-10.059153
-0.158025,0.664425,-10.066336
-0.172990,0.686572,-10.072920
-0.149645,0.678791,-10.060949
-0.156828,0.687171,-10.128588
-0.143061,0.675798,-10.093871
-0.155032,0.656643,-10.047780
-0.162215,0.668615,-10.077111
-0.155032,0.651256,-10.066934
-0.146054,0.692558,-10.107039
-0.149047,0.703333,-10.054963
-0.160420,0.680587,-10.056758
-0.162215,0.668615,-10.054963
-0.175384,0.647665,-10.053766
-0.149645,0.665023,-10.110630
-0.138871,0.672206,-10.075315
-0.135279,0.674002,-10.080702
-0.132885,0.675199,-10.070526
-0.144857,0.687171,-10.044188
-0.147251,0.686572,-10.045386
-0.171194,0.682981,-10.106441
-0.155631,0.668016,-10.081300
-0.166406,0.678791,-10.063343
-0.183764,0.671009,-10.084892
-0.168800,0.656643,-10.075913
-0.134082,0.668615,-10.088483
-0.140667,0.690164,-10.059153
-0.150842,0.694952,-10.070526
-0.161018,0.674002,-10.044188
-0.155032,0.662030,-10.059752
-0.172391,0.673404,-10.092674
-0.168201,0.685974,-10.060949
-0.154434,0.677594,-10.062745
-0.146054,0.679389,-10.043590
-0.144258,0.670411,-10.065138
-0.146054,0.682981,-10.084293
-0.147251,0.674601,-10.065138
-0.152040,0.666819,-10.085491
-0.156828,0.670411,-10.059752
-0.159223,0.679389,-10.075913
-0.175384,0.702135,-10.096265
-0.155631,0.671009,-10.069329
-0.155032,0.683579,-10.063343
-0.155631,0.689565,-10.063941
-0.157427,0.686572,-10.050174
-0.135878,0.683579,-10.062745
-0.145455,0.678791,-10.091476
-0.159223,0.653052,-10.045984
-0.168201,0.679389,-10.053766
-0.159223,0.687769,-10.059752
-0.164610,0.701537,-10.069329
-0.190349,0.694354,-10.110630
-0.154434,0.662629,-10.058554
-0.169997,0.681784,-10.065138
-0.151441,0.686572,-10.060949
-0.146054,0.672206,-10.060350
-0.159223,0.666221,-10.107638
-0.141265,0.667418,-10.074716
-0.128695,0.694354,-10.083695
-0.143061,0.703931,-10.051371
-0.171194,0.699741,-10.042392
-0.180771,0.687769,-10.105243
-0.177779,0.668016,-10.079504
-0.162215,0.663826,-10.060350
-0.142462,0.674601,-10.073519
-0.138871,0.693157,-10.065138
-0.129293,0.687769,-10.115420
-0.149047,0.657242,-10.104046
-0.162215,0.648862,-10.083096
-0.181370,0.685375,-10.070526
-0.166406,0.698544,-10.072920
-0.181969,0.703931,-10.077111
-0.154434,0.698544,-10.093272
-0.156230,0.691361,-10.051371
-0.138871,0.659038,-10.059153
-0.146652,0.686572,-10.071125
-0.151441,0.669213,-10.073519
-0.165208,0.688368,-10.099258
-0.161617,0.700340,-10.098061
-0.169997,0.657840,-10.047182
-0.164610,0.665622,-10.071125
-0.153835,0.706325,-10.099857
-0.177779,0.716501,-10.078907
-0.161018,0.696748,-10.077709
-0.154434,0.654848,-10.047780
-0.152040,0.663228,-10.083695
-0.145455,0.700938,-10.054963
-0.162215,0.706924,-10.087286
-0.173588,0.675798,-10.063343
-0.162215,0.639284,-10.060949
-0.171793,0.718297,-10.054963
-0.180173,0.745832,-10.038801
-0.145455,0.669213,-10.096265
-0.092780,0.567455,-10.105842
-0.067041,0.653052,-10.054365
-0.160420,0.723086,-10.057357
-0.091583,0.687171,-10.068730
-0.127498,0.638087,-10.101653
-0.200525,0.651855,-10.059752
-0.213693,0.650059,-10.029224
-0.177779,0.676995,-10.051371
-0.176581,0.713508,-10.061547
-0.176581,0.699741,-10.093272
-0.149047,0.641679,-10.074716
-0.145455,0.671608,-10.068132
-0.149645,0.726079,-10.062745
-0.168201,0.746430,-10.054365
-0.146054,0.618933,-10.097462
-0.093977,0.521364,-10.080103
-0.051478,0.593194,-10.091476
-0.097569,0.727874,-10.082497
-0.193342,0.758402,-10.037604
-0.140667,0.589004,-10.107039
-0.219679,0.611151,-10.059752
-0.244221,0.710516,-10.046583
-0.227461,0.808683,-10.072920
-0.225066,0.802098,-10.038801
-0.143061,0.593792,-10.101054
-0.093379,0.603370,-10.097462
-0.104153,0.688368,-10.090279
-0.063450,0.752416,-10.085491
-0.087991,0.723086,-10.095666
-0.157427,0.652453,-10.048977
-0.241228,0.566258,-10.065138
-0.226264,0.690164,-10.063343
-0.245418,0.781747,-10.030421
-0.205912,0.728473,-10.072920
-0.138272,0.675199,-10.080702
-0.108343,0.637489,-10.117216
-0.088590,0.688368,-10.080702
-0.089189,0.738050,-10.099258
-0.170596,0.717699,-10.086089
-0.225665,0.635094,-10.030421
-0.201123,0.575236,-10.051371
-0.193940,0.697945,-10.072920
-0.154434,0.806288,-10.054365
-0.113132,0.773367,-10.104046
-0.104153,0.656045,-10.075913
-0.135279,0.547702,-10.039400
-0.133484,0.721889,-10.100455
-0.153237,0.779951,-10.068730
-0.168201,0.727276,-10.077111
-0.175983,0.630306,-10.057357
-0.192743,0.603370,-10.057357
-0.189750,0.625517,-10.085491
-0.146652,0.762592,-10.082497
-0.149047,0.749423,-10.083695
-0.131089,0.679389,-10.068132
-0.125103,0.582419,-10.074716
-0.134082,0.607560,-10.094470
-0.150842,0.754811,-10.099258
-0.163413,0.755409,-10.071125
-0.175983,0.671608,-10.057357
-0.183166,0.631503,-10.051970
-0.175384,0.635693,-10.108237
-0.153835,0.739247,-10.063343
-0.128096,0.714706,-10.045984
-0.125103,0.652453,-10.074716
-0.143659,0.636291,-10.053766
-0.149645,0.650059,-10.075913
-0.160420,0.681185,-10.095067
-0.180771,0.684777,-10.050773
-0.167603,0.672805,-10.063343
-0.139469,0.675798,-10.064540
-0.146652,0.681185,-10.069329
-0.157427,0.691960,-10.095666
-0.144857,0.675199,-10.073519
-0.153835,0.664425,-10.059752
-0.145455,0.677594,-10.075913
-0.170596,0.716501,-10.055562
-0.177180,0.705727,-10.087286
-0.185560,0.657242,-10.090878
-0.124505,0.616538,-10.057357
-0.138272,0.706325,-10.096265
-0.141864,0.763191,-10.069928
-0.199926,0.716501,-10.083695
-0.244221,0.648263,-10.057357
-0.203518,0.686572,-10.072321
-0.167004,0.714706,-10.069329
-0.097569,0.727276,-10.051970
-0.067640,0.656643,-10.110033
-0.079611,0.638087,-10.098061
-0.086196,0.626116,-10.080103
-0.175384,0.669213,-10.057357
-0.217285,0.691361,-10.053167
-0.216686,0.711713,-10.084892
-0.221475,0.704530,-10.057956
-0.193342,0.645270,-10.080103
-0.125103,0.736853,-10.091476
-0.134082,0.752416,-10.052569
-0.110139,0.678791,-10.121405
-0.132885,0.588405,-10.090878
-0.134681,0.571046,-10.057956
-0.173588,0.729072,-10.068730
-0.173588,0.715903,-10.083096
-0.175983,0.651256,-10.097462
-0.168800,0.634496,-10.101653
-0.178377,0.682382,-10.066934
-0.171793,0.734459,-10.048378
-0.140667,0.693157,-10.058554
-0.137075,0.633897,-10.096265
-0.131089,0.626116,-10.082497
-0.162814,0.657242,-10.071723
-0.164610,0.689565,-10.055562
-0.162215,0.650059,-10.078308
-0.163413,0.653650,-10.062146
-0.169398,0.689565,-10.092075
-0.175983,0.726079,-10.065138
-0.164610,0.724283,-10.060949
-0.155631,0.705727,-10.071723
-0.134681,0.638686,-10.076512
-0.151441,0.668016,-10.063343
-0.146652,0.690164,-10.057357
-0.155032,0.663826,-10.062745
-0.165208,0.641679,-10.047780
-0.180771,0.665023,-10.032815
-0.164011,0.703931,-10.095067
-0.153237,0.711114,-10.072321
-0.134082,0.720691,-10.063343
-0.146652,0.684777,-10.060949
-0.144258,0.693157,-10.065737
-0.158624,0.660235,-10.096265
-0.164610,0.654848,-10.068132
-0.164610,0.676396,-10.050174
-0.146054,0.663228,-10.060949
-0.147849,0.667418,-10.044787
-0.144857,0.670411,-10.092674
-0.140667,0.699142,-10.087286
-0.161018,0.676396,-10.069329
-0.170596,0.667418,-10.074716
-0.159821,0.666221,-10.065138
-0.160420,0.690762,-10.122004
-0.168800,0.693157,-10.081899
-0.144857,0.671009,-10.054365
-0.137075,0.674002,-10.105243
-0.155631,0.669213,-10.042392
-0.146054,0.666819,-10.047780
-0.160420,0.663826,-10.074716
-0.178377,0.681185,-10.065737
-0.168201,0.678791,-10.075913
-0.169398,0.684777,-10.075315
-0.155032,0.681185,-10.069928
-0.169398,0.684178,-10.078308
-0.137075,0.675798,-10.058554
-0.148448,0.671608,-10.060350
-0.147849,0.675199,-10.066336
-0.156230,0.675199,-10.045386
-0.158025,0.678791,-10.057357
-0.173588,0.681784,-10.052569
-0.177180,0.678192,-10.042991
-0.164610,0.665023,-10.071125
-0.162215,0.676995,-10.075913
-0.175983,0.683579,-10.066934
-0.162215,0.657242,-10.044787
-0.140068,0.661432,-10.075913
-0.137674,0.683579,-10.088483
-0.157427,0.690762,-10.065737
-0.156230,0.692558,-10.063941
-0.162814,0.691361,-10.103448
-0.173588,0.669812,-10.065737
-0.167603,0.663826,-10.075315
-0.159821,0.674002,-10.059752
-0.165807,0.674002,-10.041195
-0.141265,0.672206,-10.121405
-0.147849,0.660235,-10.091476
-0.150244,0.679988,-10.063941
-0.159821,0.691960,-10.067533
-0.165807,0.681784,-10.045984
-0.168201,0.684178,-10.101653
-0.167603,0.674601,-10.036407
-0.169398,0.677594,-10.039999
-0.141864,0.699741,-10.071125
-0.145455,0.669213,-10.035210
-0.122111,0.680587,-10.109434
-0.144258,0.655446,-10.062745
-0.165208,0.672206,-10.076512
-0.168800,0.683579,-10.056160
-0.189750,0.693755,-10.066336
-0.186757,0.674601,-10.091476
-0.184363,0.679389,-10.088483
-0.164610,0.676995,-10.055562
-0.145455,0.688368,-10.080103
-0.132885,0.691960,-10.060949
-0.129892,0.668016,-10.077709
-0.138272,0.666819,-10.078907
-0.167004,0.667418,-10.068730
-0.168800,0.686572,-10.052569
-0.163413,0.689565,-10.051371
-0.162215,0.675199,-10.077111
-0.165208,0.674002,-10.079504
-0.158624,0.673404,-10.059153
-0.146652,0.674002,-10.055562
-0.144258,0.679389,-10.075913
-0.139469,0.655446,-10.053766
-0.130491,0.684777,-10.094470
-0.153835,0.685375,-10.080103
-0.171194,0.705727,-10.071125
-0.178976,0.674002,-10.056160
-0.195736,0.663826,-10.064540
-0.174786,0.684777,-10.084293
-0.165208,0.684178,-10.046583
-0.146054,0.681784,-10.062745
-0.139469,0.662030,-10.085491
-0.138272,0.653052,-10.078907
-0.162814,0.671009,-10.095067
-0.175384,0.663826,-10.084892
-0.190947,0.666819,-10.077111
-0.187356,0.675199,-10.064540
-0.149047,0.699142,-10.070526
-0.168201,0.693157,-10.107039
-0.143659,0.684777,-10.090279
-0.155631,0.687171,-10.079504
-0.165208,0.661432,-10.090878
-0.143659,0.646467,-10.063941
-0.162814,0.682981,-10.108237
-0.173588,0.692558,-10.078907
-0.178377,0.675798,-10.083695
-0.187356,0.667418,-10.047182
-0.158624,0.672805,-10.044188
-0.149047,0.690164,-10.105243
-0.146652,0.689565,-10.078907
-0.147251,0.675798,-10.083096
-0.144258,0.668016,-10.084892
-0.141864,0.660235,-10.066336
-0.162215,0.650657,-10.097462
-0.178976,0.653052,-10.089680
-0.183166,0.676396,-10.090878
-0.164011,0.679988,-10.060949
-0.155032,0.691960,-10.051371
-0.153835,0.697945,-10.073519
-0.143659,0.691960,-10.088483
-0.167004,0.686572,-10.063941
-0.175983,0.684178,-10.056160
-0.175384,0.661432,-10.062146
-0.161018,0.648862,-10.044188
-0.146054,0.666221,-10.089082
-0.155032,0.690762,-10.075913
-0.156828,0.685375,-10.056758
-0.155032,0.694952,-10.044188
-0.169997,0.694952,-10.055562
-0.184962,0.696748,-10.080702
-0.167603,0.665622,-10.072920
-0.156828,0.672206,-10.072321
-0.149645,0.678791,-10.070526
-0.139469,0.664425,-10.083695
-0.118519,0.680587,-10.110033
-0.141265,0.692558,-10.052569
-0.164610,0.677594,-10.072920
