1.261809,2.094435,-9.789193,0.013259,0.038188,-0.483540
1.456347,2.500871,-9.540184,-0.069301,-0.010948,-0.584342
1.586838,2.755867,-9.628174,-0.160648,0.009958,-0.607246
1.928029,2.831886,-9.771834,-0.193273,0.071211,-0.605648
2.053133,2.874984,-10.443442,-0.169703,0.099974,-0.457973
1.817890,2.924068,-10.563158,-0.106319,0.097178,-0.383137
1.753842,2.701396,-10.455413,-0.000057,0.149376,-0.372751
1.409060,2.573898,-10.119609,0.072515,0.246850,-0.381540
1.455150,2.654108,-9.787397,0.211268,0.656317,-0.542663
1.823876,2.469745,-9.655111,0.271190,0.693335,-0.591666
1.993873,2.282988,-9.497684,0.277049,0.577752,-0.551718
1.610183,1.993873,-9.313920,0.307276,0.427681,-0.451715
1.647295,1.971127,-9.214555,0.353616,0.508509,-0.477149
1.777785,1.923241,-9.060121,0.505019,0.589470,-0.489266
2.121969,1.686801,-9.112198,0.458147,0.311432,-0.504713
1.976514,1.383919,-9.067304,0.445763,0.215956,-0.477415
1.601204,1.415045,-9.260047,0.454951,0.242455,-0.414963
1.866375,1.637717,-9.516240,0.553090,0.429945,-0.541864
2.388936,1.454552,-9.476135,0.583983,0.362033,-0.607512
2.630165,1.320469,-9.118184,0.560946,0.226875,-0.589003
2.506857,0.893681,-8.784175,0.523928,0.113956,-0.498188
1.673034,1.159451,-9.042762,0.209270,0.299315,-0.392459
2.194398,1.280963,-9.312723,0.234304,0.305307,-0.522822
2.748085,1.294731,-8.886533,0.299420,0.069613,-0.603517
2.870196,0.879914,-8.264607,0.228312,-0.118675,-0.357970
2.506258,0.949948,-8.891322,-0.001123,-0.087116,-0.183531
2.377563,1.082234,-9.592859,-0.125228,-0.023332,-0.103768
2.348832,0.759001,-10.299184,-0.005916,-0.204031,-0.071410
2.132744,0.834422,-10.324324,0.001008,-0.239717,-0.059159
2.389535,0.945159,-10.497314,-0.014971,-0.118275,-0.062754
2.390732,1.022975,-10.232742,-0.016303,0.076405,0.045904
2.322494,1.075650,-9.767644,0.015789,0.141520,0.017275
2.388936,1.217514,-9.215752,0.070518,0.156034,-0.061955
2.871991,1.316878,-9.017024,0.072382,0.066284,-0.117350
1.412651,2.087252,-9.618597,-0.215510,-0.123868,0.138717
2.333268,1.186387,-10.390168,-0.055985,0.154570,0.105294
2.487702,1.090016,-10.642170,0.128709,0.288129,-0.027067
2.846252,0.725480,-9.005052,0.356812,0.042715,-0.129734
2.898927,0.961919,-9.168464,0.196221,0.135794,-0.010289
2.581680,1.027165,-9.297160,0.072249,0.151107,0.056424
2.177637,1.485678,-9.626379,-0.055851,-0.081923,-0.053566
2.518829,1.447967,-9.562331,-0.028287,-0.117343,-0.152504
2.692417,1.398884,-9.598844,-0.067037,-0.102962,-0.137723
2.224327,1.568282,-9.786799,-0.088742,-0.021734,-0.007227
2.176440,1.558106,-9.735321,-0.012707,-0.011082,-0.075271
2.330874,1.518600,-9.575500,0.048946,-0.074466,-0.169016
2.575694,1.443179,-9.402509,0.042021,-0.180861,-0.224943
2.530800,1.617366,-9.743103,-0.088076,-0.209623,-0.112689
2.329677,1.772398,-10.105842,-0.085013,-0.143443,-0.031994
2.214749,1.859192,-10.448230,-0.052123,-0.161020,-0.029731
1.877748,1.688597,-10.184256,0.052008,-0.326005,-0.093248
1.709547,1.698174,-9.811939,0.034165,-0.157025,-0.096044
1.877748,1.770004,-10.014260,-0.062243,0.122478,-0.100305
2.302142,2.312917,-10.418301,-0.128956,0.289061,-0.107363
2.309924,2.438020,-10.301578,-0.163844,0.161494,-0.108295
2.357212,2.420063,-10.209397,-0.142139,0.154170,-0.085658
2.363796,2.699001,-10.082497,-0.084481,0.304641,-0.013885
2.616397,2.849844,-9.985527,-0.088609,0.297450,-0.020143
2.799563,2.845055,-9.848452,-0.076092,0.286531,0.009818
2.803753,2.817520,-9.906515,-0.115773,0.385070,0.169743
2.688227,2.954596,-9.774229,-0.111779,0.405976,0.189850
2.803154,3.148536,-9.649125,-0.134682,0.382273,0.162153
3.049770,3.329307,-9.445608,-0.207388,0.351646,0.125001
3.485537,3.826129,-9.716765,-0.306858,0.480812,0.218080
3.373003,4.007499,-9.521627,-0.179024,0.489867,0.325807
3.285611,3.918909,-9.020016,-0.140408,0.452981,0.371214
3.056354,3.741729,-8.659670,-0.183286,0.486005,0.464826
3.093466,3.665111,-8.577665,-0.169171,0.472023,0.453374
3.202408,3.687258,-8.164046,-0.123363,0.456710,0.415956
3.022235,3.326314,-7.582224,-0.076624,0.510506,0.422747
2.966567,3.507086,-7.843804,-0.139609,0.568831,0.351773
3.419094,3.275435,-7.893486,-0.156254,0.696132,0.235258
3.386172,2.885759,-7.525360,-0.099528,0.879759,0.235258
2.470344,2.980933,-5.792468,-0.086611,0.956326,0.004358
3.649548,2.977940,-6.157003,-0.294741,1.058726,-0.285398
4.980193,2.736113,-6.559848,-0.354663,1.002533,-0.272082
4.303797,2.019612,-4.645586,-0.384757,0.655118,0.475612
3.569338,2.214749,-4.563581,-0.585296,0.461370,0.617161
3.469974,1.610781,-4.798823,-0.730840,0.208366,0.549516
3.323920,0.949349,-4.556997,-0.673847,0.633280,0.768963
3.538810,0.767381,-4.659953,-0.654805,1.095079,0.773091
3.021636,-0.009577,-4.135596,-0.692090,1.138489,0.660438
1.397088,0.069435,-6.730444,-0.941899,1.235563,0.299042
2.322494,0.553089,-6.661008,-0.825517,0.567898,-0.229870
4.094294,0.524955,-5.573986,-0.543084,-0.110952,-0.546125
5.138817,0.252003,-4.850301,-0.551606,-0.670890,-0.410302
2.849844,-0.061055,-8.382528,-1.076257,-0.846128,0.393053
2.645129,-0.060457,-8.441787,-0.705806,-0.879685,0.362426
3.249097,-0.307072,-7.326631,-0.184750,-0.891403,0.312224
3.422686,-0.736254,-7.817467,-0.478235,-1.201666,0.397447
2.623580,-0.621926,-9.069699,-0.573045,-1.197804,0.375609
2.481717,-0.378902,-9.324694,-0.306192,-1.239217,0.237388
2.410485,-0.512984,-8.121546,-0.115773,-1.487427,0.042309
2.397915,-0.776359,-8.957165,-0.418313,-1.426573,-0.117217
2.029788,-0.967905,-10.325521,-0.540155,-1.237220,-0.234930
1.981303,-0.035316,-10.766077,0.035763,-1.163449,-0.403245
2.443407,0.184363,-10.117814,0.171719,-1.396080,-0.418025
2.047147,-0.392669,-11.261103,-0.128424,-1.418184,-0.501117
1.742469,0.309466,-13.300469,0.129374,-0.890604,-0.857587
2.411683,1.078044,-12.187108,0.505552,-0.762770,-1.004596
2.669072,1.194169,-12.217636,0.462008,-0.738668,-1.046674
2.008239,0.846992,-13.577013,0.307409,-0.836008,-0.976233
1.136107,0.920617,-14.420413,0.857360,-0.857447,-0.813111
1.398285,1.339624,-13.442931,1.067221,-0.771825,-0.814842
1.518600,1.216915,-12.986213,1.021147,-0.655443,-0.902462
-0.164610,0.793718,-15.770214,0.816880,-0.596054,-0.798996
-0.243622,0.597982,-16.484918,0.961625,-0.714034,-1.040282
0.348973,0.276544,-16.103023,1.182804,-0.744527,-1.372783
0.890688,1.557507,-16.148515,1.219290,-0.341052,-1.612205
1.242654,1.403074,-16.725547,1.222619,-0.245710,-1.575053
0.920019,1.007412,-17.173885,1.368828,-0.311624,-1.315125
-0.495026,0.589004,-15.906091,1.700796,-0.604310,-0.788610
-1.006214,0.699142,-16.222740,1.430615,-0.573017,-0.915112
-0.581821,0.656643,-16.885370,1.222086,-0.314953,-1.214855
0.617137,0.422000,-16.618402,1.501323,-0.102030,-1.346950
-0.059858,0.673404,-15.783981,1.578289,-0.220276,-1.267853
-0.827239,1.000229,-15.222512,1.451654,-0.164216,-1.408071
-0.580624,1.306104,-14.950158,1.285071,-0.003225,-1.687574
0.753613,2.087252,-13.609935,0.958562,0.190523,-1.932588
0.618334,1.838841,-13.732046,0.607286,0.180935,-1.862945
0.212496,1.601204,-14.725689,0.453220,0.254173,-1.704485
-0.259784,2.834879,-13.446522,0.557484,0.222215,-1.658678
0.802098,3.149134,-12.305028,0.390368,0.112491,-1.843904
1.345610,2.880970,-11.446064,0.135633,0.021942,-1.805820
-0.275946,2.176440,-13.840988,-0.235884,0.165089,-1.320718
-0.253200,2.373373,-12.918574,-0.011376,0.300380,-1.361198
0.403444,2.706184,-11.445466,0.214197,0.740607,-1.351344
1.293533,2.594848,-10.228551,-0.033614,0.666570,-1.126570
0.699741,1.992077,-10.830125,-0.405663,0.157899,-0.938016
-0.270559,1.978310,-10.895969,-0.636829,0.065352,-0.832819
-0.149047,1.886128,-10.722979,-0.451470,0.636076,-0.764774
0.679988,2.418267,-8.457949,-0.143870,0.744069,-0.515232
0.961321,1.853207,-7.973098,-0.421376,0.134329,-0.408571
0.029929,1.131318,-7.792326,-0.800083,-0.066742,-0.152238
-0.009577,1.367159,-9.153500,-0.721385,1.397752,0.086784
0.958927,1.542543,-8.590834,-0.530833,1.329840,0.048168
1.647295,1.625147,-7.850987,-0.458261,0.887616,0.133524
1.421031,0.839809,-6.955510,-0.758138,0.184930,0.503842
0.711114,1.011003,-7.476874,-0.792892,0.726758,0.760441
1.166036,1.689195,-7.964718,-0.740161,1.111857,0.715300
2.707381,1.667048,-8.173623,-0.751879,0.476551,0.684407
2.454182,1.437193,-7.998239,-0.736832,0.020078,0.843666
1.594620,1.285153,-7.700145,-0.681304,0.146047,0.982419
1.619161,1.522191,-8.013203,-0.602340,0.690273,0.969236
2.879174,1.261809,-7.499022,-0.363851,0.734082,0.927158
2.410485,1.010405,-6.786112,-0.430297,0.393725,1.009051
1.923839,0.964314,-6.137250,-0.625910,0.409704,1.004391
2.882167,1.629337,-7.053079,-1.070132,0.937551,0.761107
3.371208,1.673034,-6.966883,-0.960674,0.716638,0.778951
3.135367,1.205542,-6.336578,-0.881843,0.339396,0.874959
2.843858,0.824246,-6.264748,-0.988638,0.262296,0.917037
3.093466,0.632700,-6.107321,-0.995296,0.387067,0.892003
2.933645,0.527350,-5.771517,-0.977319,0.393326,0.911977
3.174873,0.372317,-6.178552,-1.207686,0.055765,0.821295
3.298779,0.347776,-6.324007,-1.155221,0.067616,0.859512
3.056953,0.489639,-6.507772,-0.996095,0.120614,0.970834
2.855830,0.450133,-6.610728,-0.871856,0.098642,0.987612
2.868400,-0.071830,-5.639231,-0.554935,-0.022533,0.904920
2.798964,0.082604,-5.376454,-0.583964,0.057363,0.858713
3.112022,0.110139,-6.004365,-0.635231,0.514368,0.813173
2.800760,-0.147849,-5.087938,-0.303662,0.954063,0.760042
2.882167,-0.134082,-5.478213,-0.368778,0.630750,0.698655
3.064734,0.234644,-5.706272,-0.730440,-0.123069,0.551779
3.809967,0.083203,-6.587383,-0.996095,-0.381133,0.484933
3.061143,-0.080808,-7.438565,-0.728842,-0.289786,0.739002
2.233305,-0.323832,-6.726852,-0.385556,-0.685937,0.780149
1.594620,-0.584215,-5.620076,-0.818060,-1.381166,0.363491
1.879544,-0.527350,-6.607136,-1.110080,-1.104992,0.194378
2.242284,-0.650657,-7.710919,-1.173996,-0.907515,0.165349
2.057323,-0.924808,-8.137708,-1.070132,-0.873160,0.212754
1.131916,-1.408461,-9.486311,-1.111544,-1.514858,0.087717
1.017588,-1.202549,-10.017850,-1.101691,-1.454803,-0.135060
1.366560,-1.088819,-10.560165,-0.832041,-0.969967,-0.285265
1.749053,-0.797908,-9.699406,-0.244806,-0.820828,-0.307236
1.894509,-1.486875,-10.764880,-0.523776,-1.030022,-0.375414
1.493459,-1.811306,-12.028484,-0.649213,-1.019902,-0.393258
1.221704,-0.590201,-11.461030,0.091157,-0.706177,-0.580348
1.721519,-0.562067,-11.289835,0.198484,-0.646521,-0.703920
1.469516,-0.339994,-11.880036,0.154142,-0.602845,-0.760380
1.570078,0.080210,-13.070613,0.239631,-0.985414,-1.030162
1.173219,0.185560,-12.765935,0.400355,-1.059984,-1.048672
0.914033,0.845196,-12.906602,0.500891,-0.869431,-1.058126
1.032552,1.328850,-12.977235,0.517403,-0.668227,-1.380506
1.957958,0.966708,-13.162795,0.475457,-0.711104,-1.514199
1.652682,0.937976,-14.130102,0.553356,-0.654112,-1.275976
0.423197,1.249238,-14.823259,0.666276,-0.615362,-1.029097
0.376507,1.545536,-13.928978,1.123148,-0.420682,-1.301010
0.496224,1.485678,-13.672187,1.107036,-0.328935,-1.310464
0.205912,1.375539,-14.373724,0.944181,-0.301637,-1.191020
-0.945758,0.985863,-15.333250,1.044051,-0.260890,-1.056794
-0.915230,1.328251,-15.022586,1.196253,-0.251835,-1.187291
-0.429781,1.638915,-14.746640,1.105704,-0.271809,-1.374514
0.236439,1.242055,-15.794755,0.898241,-0.031721,-1.326044
0.329220,1.215718,-16.225133,0.949241,0.006895,-1.169980
0.484851,1.658668,-16.245487,1.063892,0.018080,-1.079964
1.113959,1.939402,-15.147090,1.206240,0.262829,-0.999003
1.239661,2.055527,-14.763999,1.156571,0.311565,-0.941611
0.747029,1.751448,-14.313267,1.028604,0.239393,-0.870237
0.128695,1.471312,-14.599987,0.841648,0.338197,-0.855856
0.694952,1.751448,-14.556291,0.965486,0.616236,-0.922436
0.884104,2.408690,-13.577611,0.950173,0.420623,-0.940412
1.413250,2.501470,-12.855124,0.733788,0.319821,-1.021507
1.243851,1.982500,-13.410009,0.377851,0.416096,-0.713374
0.351367,1.999260,-13.310046,0.345493,0.389730,-0.547723
0.380697,2.697206,-13.473459,0.271323,0.393326,-0.610974
1.878347,1.981303,-12.076970,0.340300,0.765508,-0.773696
1.386912,1.850812,-11.837537,0.299420,0.858187,-0.560240
0.453126,2.148307,-11.829755,0.123515,0.747398,-0.511903
1.684407,2.321895,-11.143781,-0.139609,0.600523,-0.917243
2.192602,2.029189,-10.816956,-0.099528,0.890146,-0.740007
1.556310,1.826869,-10.718790,0.004204,1.070178,-0.317889
0.065844,1.541944,-10.319536,0.063726,0.379477,-0.076204
0.081407,1.058890,-8.764422,-0.060112,-0.238253,-0.293254
0.172990,1.082234,-7.245223,-0.280759,0.190123,-0.362365
0.859562,1.040334,-7.617541,-0.351999,1.313062,-0.195914
0.870935,0.437563,-8.411858,-0.633100,0.838213,0.188252
0.653650,0.402246,-7.864755,-0.733902,0.331406,0.197707
1.035545,0.095174,-7.888100,-0.752012,0.510640,0.179730
1.590430,0.102956,-9.448600,-0.897423,0.878827,0.336992
1.705956,0.215489,-9.912501,-0.781441,0.802527,0.440990
1.706554,0.247214,-9.587471,-0.618719,0.633413,0.505040
2.186616,0.417211,-8.177214,-0.403665,0.335934,0.543923
2.438619,0.521364,-7.599584,-0.492883,0.544196,0.596122
2.444604,0.778155,-7.912641,-0.615523,0.933556,0.768431
2.527807,1.191775,-8.487878,-0.712996,0.995875,0.865505
2.652312,0.922413,-7.241632,-0.603938,0.413566,0.980688
2.682241,0.759599,-6.580200,-0.660798,0.592000,1.070438
2.710374,0.795514,-6.886075,-0.766127,0.886950,1.178031
2.873787,1.163641,-7.499022,-0.762266,0.842874,1.236222
2.907906,0.984067,-7.042903,-0.644552,0.662975,1.275504
2.654108,0.810479,-6.066019,-0.619518,0.498522,1.261389
3.069523,0.753015,-6.309043,-1.060811,0.657915,1.179762
3.417299,0.733860,-7.201527,-1.164276,0.760182,1.202266
3.188641,0.723086,-7.288321,-0.892896,0.659513,1.264852
2.834281,0.438760,-5.113078,-0.544815,0.190789,1.110519
3.135966,0.193342,-4.761711,-0.709268,0.259633,1.047801
3.079100,0.010176,-4.902378,-0.864399,0.329409,1.088415
2.646925,-0.194539,-4.971215,-0.931246,0.200243,1.108389
2.530202,-0.297495,-4.810795,-0.999557,-0.193511,0.800656
3.088678,-0.392669,-5.037657,-1.053886,-0.233858,0.712770
3.225753,-0.816464,-5.157972,-1.064672,-0.247973,0.758177
2.561328,-0.621327,-6.039083,-1.120999,-0.208957,0.787473
2.415873,-0.891886,-6.650833,-1.092236,-0.402572,0.672689
1.966937,-0.874527,-6.496997,-0.957345,-0.526145,0.609171
2.651714,-0.858964,-5.350715,-0.779976,0.007028,0.334196
2.620587,-0.934385,-5.838558,-0.878781,0.186128,0.323809
2.400908,-0.568053,-6.969876,-0.965201,0.102637,0.364556
2.749881,-1.214521,-7.283533,-0.670385,-0.386992,0.129262
2.905512,-1.559902,-7.137479,-0.489021,-0.288854,0.186521
2.599038,-1.588035,-7.506803,-0.556134,-0.119607,0.278535
2.471541,-1.696378,-9.081071,-0.731772,-0.233193,0.047902
3.124593,-1.685604,-8.677029,-0.618186,-0.529607,-0.240923
3.003081,-1.647295,-8.040140,-0.521113,-0.702848,-0.218019
2.500272,-0.975687,-8.439393,-0.610064,-0.773423,-0.083660
3.373003,-1.248041,-10.236931,-0.824052,-0.940672,-0.276743
2.864808,-1.435397,-11.010896,-0.616722,-0.901390,-0.150906
2.502667,-0.663228,-11.511310,-0.272370,-0.809110,-0.012553
3.422686,-0.674002,-10.809175,0.132570,-0.920032,-0.090452
2.781605,-0.616538,-10.509884,0.182505,-0.958516,-0.025736
2.117779,-0.328621,-10.475167,0.166127,-0.904453,-0.113888
3.125790,-0.046091,-11.240153,-0.048394,-0.892468,-0.589269
3.262266,-0.285523,-12.032674,-0.091938,-0.944134,-0.590201
2.518829,0.102357,-12.091934,0.036162,-0.960513,-0.465297
2.144117,0.365733,-11.760320,0.188764,-0.990740,-0.706583
2.012429,0.318445,-12.431329,0.126711,-0.896862,-0.831088
1.960951,0.365733,-13.054451,0.210735,-0.696323,-0.908587
1.798137,0.575236,-13.006566,0.384909,-0.684472,-0.951598
1.578458,1.125931,-12.068589,0.486643,-0.776086,-1.070643
1.336033,0.936181,-12.702486,0.317796,-0.763569,-1.156398
1.188183,0.771571,-13.633279,0.286370,-0.636002,-1.182098
0.931991,1.086424,-14.006794,0.544434,-0.433066,-1.146677
1.101389,0.824845,-13.670990,0.683054,-0.415356,-1.171179
0.602172,0.612348,-13.782326,0.690378,-0.456768,-1.124040
0.531540,1.350997,-14.935194,0.710485,-0.257960,-1.306869
1.379729,1.104980,-14.853188,0.852833,-0.257295,-1.318188
1.708948,0.976884,-14.734668,0.941651,-0.285924,-1.110991
0.891886,1.012799,-15.288356,0.888520,-0.228399,-0.849730
0.797310,1.079840,-15.482894,0.932463,-0.141845,-0.914846
1.235471,1.492861,-15.561907,1.016886,-0.039312,-0.991413
1.953170,1.542543,-14.784950,1.086396,0.114622,-0.904592
1.548529,1.397088,-15.013607,1.022878,0.171614,-0.724826
1.675428,1.709547,-15.285363,1.000774,0.157899,-0.615102
1.728103,1.537754,-14.370731,1.171219,0.120481,-0.515232
0.356156,1.497649,-13.726059,0.885857,0.009292,-0.428012
0.665622,1.887924,-14.309676,0.646568,0.117684,-0.711244
1.537156,1.948979,-13.852959,0.626994,0.264160,-0.937217
1.281562,1.675428,-12.652206,0.499826,0.443527,-0.747197
0.764388,2.275805,-13.706905,0.216461,0.452715,-0.767571
1.035545,2.657699,-13.262160,0.267461,0.599591,-0.979295
2.303339,2.441612,-10.884596,0.540972,0.838213,-0.905525
1.992077,2.494885,-11.080332,0.376386,0.540867,-0.650789
1.629936,2.402704,-11.438882,0.162132,0.046577,-0.541731
0.681784,1.628739,-10.168095,0.109001,0.501318,-0.477415
0.963117,1.425221,-10.119609,0.035630,0.858986,-0.452381
1.406066,1.148677,-10.244713,-0.114841,0.744602,-0.378876
1.374342,1.117551,-11.173710,-0.189944,0.503049,-0.185927
-0.386683,0.959525,-9.462966,-0.161048,-0.022001,-0.048773
-0.364536,1.028961,-8.817696,0.015522,0.723429,-0.060757
0.495026,1.099593,-8.612382,-0.021496,1.118249,-0.165421
1.679019,0.656643,-8.578863,-0.432295,0.414631,-0.109893
1.225295,0.536328,-8.587841,-0.679973,-0.072868,0.075199
0.597384,0.385486,-8.627347,-0.728709,0.221016,0.289321
1.290540,0.881111,-10.605059,-0.528570,0.929961,0.414092
1.060685,0.807486,-9.963380,-0.310853,0.506112,0.454040
0.912237,0.686572,-8.619565,-0.091006,0.238061,0.505839
1.494657,0.663228,-7.494233,-0.341213,0.804124,0.616362
1.435397,0.363937,-8.035949,-0.591421,1.110526,0.799724
1.175613,0.402845,-8.067674,-0.727511,1.087356,0.888941
1.066073,0.547702,-7.676800,-0.727644,0.874566,0.845530
1.510220,0.608757,-6.426963,-0.786101,0.753657,0.618093
2.404500,0.289713,-6.358127,-0.758004,1.045277,0.658041
2.374571,0.195736,-6.088765,-0.713529,1.113722,0.878421
2.035175,0.420204,-5.568000,-0.839632,0.663774,0.868035
2.260840,0.275946,-5.003538,-0.869060,0.466430,0.741000
2.843259,0.310065,-4.858681,-0.984776,0.487603,0.697723
2.844457,0.226862,-5.858312,-1.259485,0.677489,0.978158
2.293164,0.224468,-6.265347,-1.231522,0.397454,1.002526
1.999260,-0.003591,-5.953486,-1.134714,0.080133,0.838074
2.836675,0.046091,-5.708068,-1.114607,0.043115,0.540727
2.942624,-0.099364,-5.821199,-1.136312,0.042449,0.578678
2.530800,-0.242425,-6.389852,-1.076523,0.017148,0.679214
2.110596,-0.378303,-6.324007,-0.909807,-0.123336,0.633140
2.582877,-0.189152,-4.718614,-0.718323,-0.354768,0.217148
3.130578,-0.229855,-4.941286,-0.855211,-0.265018,0.198772
3.170084,-0.539920,-5.638034,-0.937771,-0.229730,0.376274
0.899069,-0.494428,-6.112709,-0.835237,-0.384729,0.619425
0.911040,-0.035915,-6.941743,-0.758004,-0.398711,0.358431
2.095632,-0.335804,-7.488846,-0.655604,-0.549448,0.045904
1.295928,-0.712910,-7.587013,-0.164110,-0.134920,0.367752
0.672805,-0.305276,-6.514356,0.290498,0.151773,0.427008
0.663826,-0.590201,-5.594337,0.558549,-0.240117,0.307164
0.062252,-1.177409,-5.478811,-0.696884,-1.401406,0.016875
0.132286,-0.603968,-7.079417,-1.210083,-0.740133,-0.276210
1.342018,-0.591997,-9.641344,-1.216208,-0.269812,-0.512036
2.633157,-1.198359,-11.456241,-0.823253,-0.419617,-0.375414
0.908646,-0.306473,-12.020703,-0.277297,-1.382364,0.216083
1.438390,0.013767,-11.244343,-0.026290,-1.200867,-0.090052
2.976743,-0.173588,-11.219801,0.033899,-0.874092,-0.290059
2.730128,-0.251404,-12.576785,-0.387953,-0.844530,-0.095911
2.409887,0.075421,-13.007762,-0.314581,-0.906983,-0.022274
3.044383,-0.129293,-12.649212,-0.126959,-1.091276,-0.036788
1.938804,-0.373515,-13.332792,-0.279427,-1.068506,-0.153969
1.975317,0.112533,-14.134890,-0.152526,-0.688866,-0.345320
2.480519,0.357951,-14.109750,0.104074,-0.659971,-0.501650
2.463759,0.402845,-13.784721,0.237101,-0.802585,-0.445057
1.928029,0.359747,-14.401259,0.305678,-0.697122,-0.367425
1.308498,0.172990,-14.520377,0.509413,-0.694859,-0.314427
0.232848,0.787732,-14.000808,0.689978,-0.614297,-0.571026
0.416612,0.991849,-14.221685,0.591307,-0.508967,-0.911117
0.639883,0.769775,-14.771182,0.483048,-0.445849,-1.156664
0.933188,0.332811,-15.572682,0.483447,-0.364622,-1.205800
-0.164011,1.091213,-15.927640,0.797305,-0.392452,-1.215654
0.110139,1.473706,-15.259624,0.874938,-0.228532,-1.509938
1.065474,1.626943,-15.286561,0.871875,0.011822,-1.702621
0.714107,2.096230,-16.631570,0.654425,0.124342,-1.621793
1.237865,2.687628,-17.245714,0.730459,0.311432,-1.695430
2.417668,2.980933,-16.999099,0.962823,0.439266,-1.717668
2.643932,2.983926,-15.802536,1.190261,0.558710,-1.242686
2.345240,3.557965,-15.498457,1.141125,0.636076,-1.076102
2.326086,3.678280,-15.022586,1.176811,0.715706,-0.985021
1.379130,2.885160,-13.852360,1.224216,0.776560,-0.720698
0.679389,3.162303,-12.695902,1.135532,0.703589,-0.663439
0.733860,3.811165,-11.999154,0.853765,0.606914,-0.826561
1.901093,3.529233,-10.399147,-0.271704,0.131400,-1.255869
1.988486,3.789017,-11.216210,-0.885305,0.128603,-1.059058
1.485678,3.586098,-12.287670,-1.233652,0.014086,-0.769435
-0.093977,3.660921,-13.076001,-1.082515,0.120347,-0.408571
0.265770,3.823735,-11.956654,0.132570,0.855657,-0.482209
0.900864,3.665111,-9.856833,0.274918,0.833952,-0.551718
1.319272,3.325117,-9.063713,0.277581,0.996940,-0.271949
-0.143061,3.070720,-9.314518,-0.200596,0.673228,0.238587
-0.345381,2.980933,-9.246878,-0.196335,0.817440,0.219012
0.419007,2.854632,-9.134346,-0.101792,0.956992,0.111952
1.057693,2.683438,-8.095808,-0.204724,0.649392,0.289854
0.835020,2.413478,-8.376542,-0.370109,0.479480,0.493056
0.373515,2.323092,-8.273586,-0.418047,0.599857,0.625151
0.824845,2.127955,-7.492437,-0.151593,1.214124,0.676417
1.140895,2.169257,-7.229062,-0.198466,1.013053,0.660704
1.200155,2.031584,-7.053678,-0.274500,0.795602,0.686005
1.300118,1.911269,-6.933363,-0.389950,0.795469,0.692663
1.984296,2.311719,-7.524761,-0.416582,0.963118,0.864572
1.997465,2.328480,-7.509796,-0.419512,0.735946,0.970568
1.972324,2.127357,-7.233850,-0.411921,0.484940,1.034085
2.040562,1.383321,-6.909420,-0.476770,0.142452,1.113848
2.073484,1.316878,-6.644847,-0.555734,0.280006,1.096670
2.339853,1.346208,-6.419780,-0.650677,0.584144,1.030224
2.539180,1.397686,-7.208111,-1.035377,0.501185,0.966040
2.537384,1.214521,-7.203323,-0.993298,0.396122,0.901857
2.608616,1.119945,-7.027340,-0.860937,0.414099,0.866170
3.323321,1.198359,-5.700885,-0.607001,0.605316,0.816235
3.629196,0.975088,-5.250153,-0.592753,0.329409,0.874160
2.988116,0.639883,-4.983785,-0.769989,-0.134920,1.007320
2.369782,0.459710,-5.062199,-0.998225,-0.198438,1.106924
2.532596,0.381895,-5.822995,-0.993831,0.192387,1.028093
2.424253,-0.034718,-5.381841,-0.817527,0.004365,0.998265
2.069893,-0.501012,-4.764704,-0.835504,-0.336658,0.988544
2.080667,-1.012799,-5.310610,-1.186247,-0.257827,0.951260
1.673034,-1.308498,-6.264748,-1.242308,0.006895,0.966307
1.133712,-1.251034,-6.880089,-1.096231,0.232601,0.873627
1.485079,-1.120543,-6.476047,-0.742558,-0.651848,0.233926
1.693385,-1.349201,-5.490184,-0.910473,-1.243079,0.059886
1.207936,-1.449164,-5.095719,-1.164808,-1.051461,0.058554
1.199556,-0.253200,-8.405873,-1.189043,-0.222007,0.057223
1.057094,-0.402845,-8.864984,-0.830310,-0.618824,-0.044778
0.929596,-0.686572,-8.720726,-0.475572,-0.943868,-0.036389
0.864351,-0.753613,-8.573475,-0.231889,-0.925092,0.078129
0.494428,-0.620130,-7.976689,-0.237881,-0.624816,-0.039052
0.945159,-0.739247,-8.305910,-0.171168,-0.405369,-0.176473
0.868541,-0.731466,-8.642312,-0.042003,-0.537730,-0.081130
-0.211299,-0.836218,-9.350433,-0.689028,-1.194875,-0.267155
0.205313,-0.774564,-10.093272,-0.835237,-1.052660,-0.523488
0.374113,-0.371719,-10.746922,-0.776247,-0.818032,-0.679552
1.066671,0.644672,-12.198481,-0.668388,-0.521884,-0.976632
2.180032,0.955335,-13.025720,-0.596348,-0.612432,-1.036021
2.453583,0.655446,-13.468669,-0.487956,-0.997398,-0.963982
0.960722,1.501840,-12.968256,-0.154922,-0.948795,-0.864778
1.448566,1.865777,-12.659388,0.193025,-0.452507,-0.992078
2.171053,1.979507,-12.637241,0.337237,-0.406034,-1.068379
1.868171,1.896304,-12.692311,0.184103,-1.049730,-1.001799
0.921815,1.806517,-12.820406,0.258007,-0.920565,-0.871302
0.016162,1.987289,-13.030508,0.370660,-0.627213,-0.813111
-0.405239,2.409887,-12.953890,0.492635,-0.533202,-0.893007
-0.163413,2.599637,-13.345362,0.376253,-0.908181,-1.169980
-0.162814,2.634355,-14.514390,0.068920,-0.811773,-1.410468
-0.361543,2.791183,-15.728313,0.000742,-0.519220,-1.625787
0.688967,3.889579,-17.443246,0.285571,-0.369016,-1.874530
1.304906,4.308586,-17.527647,0.542037,-0.364355,-1.821932
1.719723,4.431294,-17.433071,0.694239,-0.194842,-1.687307
1.599408,4.316367,-18.147775,0.926204,0.315826,-1.131364
0.974490,4.336120,-18.292633,1.146984,0.305307,-0.821634
0.438161,4.644988,-17.550991,1.344593,0.208899,-0.674891
0.450731,4.738965,-15.241068,1.533414,0.543796,-0.691803
0.137674,4.227777,-14.395273,1.456847,0.738876,-0.628818
-0.566258,4.403760,-14.699353,1.290796,0.870838,-0.534407
-0.481858,5.090931,-14.909454,1.153908,0.938350,-0.665304
1.103185,4.554602,-12.818611,1.078007,1.213325,-0.866908
0.839210,4.099082,-12.322387,0.939520,1.094413,-0.607645
0.455520,3.605851,-12.399005,0.755626,0.960454,-0.425083
-0.235841,3.201809,-12.263128,0.579855,0.811049,-0.335466
-0.568053,3.411911,-11.797431,0.352551,0.637408,-0.432939
-0.243622,3.553775,-11.690884,0.138962,0.593465,-0.580348
0.501611,2.978539,-10.943257,0.090625,0.774829,-0.469558
0.559673,3.001883,-11.012692,0.084100,1.151672,-0.301244
0.636890,2.738508,-11.083325,0.147750,1.232767,-0.141452
-0.056267,2.144117,-9.919085,0.120453,0.556713,-0.106697
-0.040105,1.985493,-9.631766,0.159868,0.287596,-0.168750
-0.199926,1.844826,-8.735092,0.133769,0.054034,-0.225076
-0.349571,1.583845,-7.657047,0.024577,0.249113,-0.226275
0.280136,1.257020,-7.615745,-0.314715,1.695631,0.119808
0.533934,1.528776,-8.068871,-0.499807,1.720133,0.294115
0.736254,1.664654,-8.161053,-0.605403,1.188557,0.340321
1.147480,1.189979,-7.529550,-0.399538,0.656450,0.501045
1.204943,1.376736,-7.751623,-0.395543,0.874433,0.608772
1.680815,1.576064,-8.117955,-0.426702,1.038087,0.654845
1.789757,1.324061,-7.709722,-0.380496,0.953929,0.852588
1.572472,1.483283,-7.068044,-0.338817,1.052601,0.905186
1.900494,1.720920,-6.539496,-0.250132,1.182832,0.839671
2.916286,1.428214,-6.590975,-0.464386,1.033825,0.782146
3.034805,0.971497,-6.762767,-0.530434,0.892276,0.932884
2.387141,0.709917,-6.124082,-0.589024,0.684680,1.113315
2.133941,0.739846,-5.652400,-0.532032,0.750328,1.175501
2.215348,0.398655,-4.309782,-0.259054,0.780022,1.077495
2.655305,-0.062252,-4.354676,-0.314182,0.679487,0.962312
3.076706,-0.167603,-4.756923,-0.571847,0.452582,0.878022
2.979137,-0.423197,-3.946444,-0.815263,0.080533,0.930087
2.716360,-0.635094,-4.230770,-0.876117,0.233400,0.977359
2.761852,-0.554884,-5.148395,-1.012207,0.285599,0.925560
3.095262,-1.070861,-5.543458,-0.995695,-0.259825,0.703981
2.728332,-1.233077,-5.565007,-0.962671,-0.308961,0.714634
2.483512,-1.210331,-5.696096,-0.886504,-0.149834,0.665099
2.767240,-1.098995,-5.570992,-0.666790,-0.256895,0.425277
2.712170,-1.285153,-4.968222,-0.780375,-0.554641,0.372812
2.158483,-1.111565,-4.815584,-1.104887,-0.530805,0.387859
1.990880,-0.817662,-5.962465,-1.393578,-0.127330,0.362692
2.531399,-0.975687,-8.085632,-1.163477,0.198113,0.147505
2.511047,-0.911639,-8.072463,-0.942032,-0.028259,0.025664
2.607419,-0.645270,-7.989858,-0.730440,-0.288321,-0.000169
2.463759,-1.072058,-7.628315,-0.576907,-0.637733,0.079461
1.799933,-0.806288,-8.104187,-0.599411,-0.437460,0.097970
1.810707,-0.159821,-8.724916,-0.614458,-0.425476,-0.078068
2.867801,-0.429781,-8.988890,-0.711132,-1.121637,-0.325746
2.886357,-0.609355,-10.204608,-0.809404,-1.002725,-0.183397
2.222531,-0.520167,-11.264097,-0.685565,-0.666362,-0.071010
2.877378,-0.382493,-10.866040,-0.075825,-0.619090,-0.208964
3.538810,-0.915230,-10.599073,-0.149330,-0.901656,-0.269951
2.947412,-0.958927,-10.873822,-0.316978,-1.000860,-0.123609
1.277970,-0.153835,-11.429305,-0.265179,-0.769961,-0.151705
1.618563,0.200525,-10.574531,-0.179291,-1.058785,-0.454644
2.101618,0.102357,-10.060350,-0.282623,-1.317915,-0.705651
2.180630,0.165807,-11.170119,-0.466384,-1.241880,-0.786612
2.054928,0.650657,-13.772749,-0.385423,-0.941072,-0.922303
2.352423,0.841006,-13.628491,-0.028820,-1.068772,-0.947470
2.121371,0.583616,-12.474427,0.168257,-1.318447,-0.927895
1.529374,0.753613,-13.363918,0.260537,-0.874758,-0.922036
0.988856,0.952941,-14.046300,0.306610,-0.831614,-0.964914
0.694952,1.070263,-14.080420,0.380115,-0.857847,-1.083826
0.545307,1.628739,-14.233656,0.439504,-0.743728,-1.222845
0.576433,1.973521,-14.932799,0.487175,-0.693660,-1.231367
0.784740,2.233904,-15.475711,0.558816,-0.686336,-1.251208
1.040334,2.530800,-15.649899,0.689978,-0.633871,-1.282634
0.902660,2.953997,-16.143728,0.619403,-0.559302,-1.295683
1.230682,3.294589,-17.158920,0.620602,-0.319747,-1.357203
2.171053,3.899156,-17.129590,1.010494,0.068548,-1.181033
2.088449,4.139187,-16.577100,1.169887,0.153238,-0.927629
1.478495,3.673491,-16.011440,1.232872,0.169350,-0.693400
0.561469,3.213781,-16.126369,1.241128,0.239792,-0.511238
0.238834,4.089505,-15.030367,1.259238,0.392660,-0.715239
0.631503,4.163729,-13.754792,1.275084,0.471890,-0.844803
0.649460,3.888980,-13.005967,1.103840,0.426882,-0.859717
-0.317248,3.372405,-13.377087,0.528455,0.422354,-0.911783
-0.067041,4.218798,-13.591379,0.316597,0.523423,-1.093280
0.847591,4.715620,-12.657592,0.481583,0.745800,-1.226573
1.673034,2.939631,-10.969594,0.535246,0.584543,-0.804456
0.269960,2.345839,-10.988150,0.142424,0.603985,-0.435869
-0.599179,2.380556,-11.769299,0.037760,1.130500,-0.174343
0.310663,2.817520,-10.539215,0.124581,1.172046,-0.367291
0.885900,2.461963,-9.680252,0.047880,0.829558,-0.413232
0.685375,2.149504,-9.483917,-0.128823,0.658847,-0.296717
0.223869,1.972923,-9.464762,-0.205790,0.908389,-0.074739
0.137075,1.634724,-8.736289,0.183704,1.523455,0.208360
0.528547,1.533564,-8.534567,0.011128,1.263260,0.141247
0.952941,1.447369,-8.574672,-0.353597,1.019178,0.081325
0.957729,1.450960,-9.413883,-0.416316,1.146612,0.417155
0.845795,1.606591,-9.570113,-0.326699,1.016914,0.519155
0.805091,1.501241,-9.145718,-0.371707,0.819438,0.510899
1.289343,1.619161,-8.390309,-0.102990,1.060191,0.599318
1.547930,1.482685,-7.410432,0.014324,0.943010,0.616096
1.701766,1.063678,-7.233252,-0.093536,0.882289,0.670292
1.471910,0.924209,-7.616942,-0.409658,0.838613,0.839006
1.618563,0.777557,-7.410432,-0.263315,0.738343,0.826089
1.916058,0.636291,-6.698719,-0.256657,0.519961,0.699188
2.126758,0.352564,-6.228235,-0.384624,0.571494,0.652715
2.576891,0.316649,-6.864526,-0.648946,0.790542,0.859912
2.302142,0.381895,-6.660410,-0.768657,0.600523,0.855651
2.423056,0.506998,-6.493406,-0.755075,0.600789,0.795596
3.038397,0.460309,-6.273726,-0.698748,0.390396,0.752718
2.914490,0.411225,-5.910986,-0.770122,0.272949,0.829551
2.741501,0.311262,-5.797855,-0.818459,0.287596,0.918635
2.918082,0.065844,-5.486593,-1.015270,0.218620,0.893734
2.874984,-0.096970,-5.128043,-0.971061,0.260698,0.950860
2.733120,-0.454922,-4.953257,-0.983711,0.213693,1.027294
2.470942,-0.630904,-5.198077,-1.206354,-0.140779,0.941006
2.889949,-0.940969,-5.544655,-1.197299,-0.226268,0.866969
2.986320,-1.179803,-5.709864,-1.062142,-0.077528,0.922630
2.547560,-1.381525,-5.626661,-0.866796,0.136460,1.033286
1.792151,-1.435996,-5.235189,-0.595150,-0.035583,0.866170
2.393725,-1.615570,-5.147796,-0.639092,-0.636002,0.616096
2.608017,-1.813700,-4.522279,-0.980648,-1.039077,0.441789
2.150103,-1.252231,-6.356929,-1.413418,-0.090312,0.503842
2.426048,-1.378532,-8.187391,-1.167871,0.047642,0.459899
2.162673,-1.833453,-8.075456,-0.722451,-0.479539,0.480139
1.679019,-1.692787,-6.759774,-0.668920,-0.983017,0.373611
1.822080,-1.859192,-7.396665,-0.713795,-0.629610,0.370549
1.326455,-2.238693,-8.782979,-0.741626,-0.362757,0.468554
-0.211898,-1.889720,-9.591661,-0.626043,-0.479938,-0.044378
0.498618,-1.129522,-8.757240,-0.482763,-0.693926,-0.544528
2.096230,-1.339624,-8.061688,-0.480632,-0.898727,-0.804589
2.126758,-1.718526,-8.601010,-0.826981,-0.941072,-0.642267
0.577631,-0.074224,-12.325979,-1.226462,-0.758775,-0.561572
1.337828,0.279537,-12.386436,-0.875052,-1.053059,-0.919906
2.107604,0.541716,-11.827361,-0.640025,-1.379568,-1.104466
2.005845,1.156458,-12.764141,-0.611395,-1.292881,-1.062653
1.749652,1.246245,-13.960703,-0.465319,-1.087015,-1.119513
1.723315,1.793348,-14.186368,-0.198199,-1.068772,-1.194615
1.546134,2.311121,-13.343566,0.100079,-1.099133,-1.323913
1.288745,2.484709,-13.621907,0.131505,-0.935079,-1.322582
1.041531,2.618193,-13.999012,0.177978,-0.887808,-1.299545
0.265171,2.731923,-14.092391,0.333376,-0.775154,-1.260529
0.333410,2.728930,-13.997816,0.466669,-0.641594,-1.294751
0.162215,2.900723,-14.310275,0.564275,-0.557837,-1.284498
-0.325029,3.104241,-14.664036,0.672667,-0.557704,-1.449217
-0.411225,3.223358,-14.777168,0.704226,-0.422813,-1.535771
-0.517772,3.534022,-15.291948,0.704892,-0.253300,-1.571857
-0.337600,4.136793,-15.630744,0.683453,-0.171273,-1.610740
0.923012,3.943451,-16.146121,0.768543,0.198246,-1.512734
1.081037,3.811165,-16.394533,0.901703,0.223946,-1.228970
0.703931,3.897959,-16.329288,1.057367,0.151773,-0.917509
0.700938,3.982957,-14.896286,1.312768,0.417694,-0.690737
0.726079,3.683068,-14.573052,1.318094,0.606115,-0.534274
0.365733,3.390961,-14.172601,1.237266,0.591335,-0.414297
-0.059858,3.420890,-14.107356,0.968815,0.510906,-0.476483
0.381296,3.135966,-13.333990,0.928867,0.553650,-0.604316
0.542913,2.924666,-12.372070,0.795308,0.571893,-0.656915
0.492632,2.991707,-11.798629,0.550560,0.872835,-0.651854
0.806887,2.823506,-11.823769,0.444831,0.839279,-0.704053
0.902660,2.528406,-11.614865,0.231375,0.674160,-0.763176
0.996637,2.386542,-11.231773,0.045350,0.721831,-0.774894
1.919050,2.666079,-11.100085,-0.034945,1.035557,-0.491929
2.505660,2.596644,-11.031249,0.003272,0.828892,-0.306570
2.186616,2.151300,-9.726342,-0.052256,0.481211,-0.090052
1.832256,2.075280,-8.846428,-0.032149,1.172711,0.266417
2.083062,2.078273,-8.232883,-0.021629,1.315193,0.263887
2.606221,2.014225,-7.725884,-0.090207,1.138223,0.242715
3.202408,1.470115,-6.697522,-0.306858,0.952465,0.355901
2.976144,1.844228,-6.650833,-0.405130,1.094547,0.448181
3.323321,2.259044,-6.905230,-0.494880,1.283501,0.401974
4.327740,2.151898,-7.338602,-0.556267,1.134628,0.462429
3.677681,2.025598,-6.762767,-0.531765,0.871370,0.717564
3.164099,2.390134,-6.215664,-0.503003,0.800795,0.943403
3.410714,2.441612,-5.792468,-0.550940,0.851396,0.941139
3.191633,1.874755,-5.920564,-0.871990,0.919042,1.082422
3.031214,1.874157,-6.255769,-0.839365,0.728223,1.149935
2.939032,1.370750,-5.978028,-0.602074,0.213693,1.167645
1.683808,0.627911,-4.706043,-0.605403,-0.260357,1.253799
1.236668,0.426788,-5.452474,-0.666657,0.424618,1.209990
1.329448,0.229257,-6.213869,-0.654938,0.744735,1.008918
1.406665,-0.287319,-6.043273,-0.508729,0.021809,0.612234
1.170226,-0.446541,-6.049259,-0.500872,-0.063946,0.494121
1.595817,-0.717699,-6.843576,-0.487290,0.022342,0.351107
1.092410,-0.107745,-7.746834,-0.435091,-0.077928,0.106892
0.427985,0.611151,-7.539127,-0.164110,-0.034651,0.145774
0.796711,0.348973,-7.341595,0.043486,-0.212153,0.093709
1.438989,0.167603,-6.944137,-0.108183,-0.468220,-0.018945
0.849386,0.011373,-9.294166,-0.752944,-0.478740,-0.109227
0.684777,0.437563,-10.432069,-0.751080,-0.611367,-0.155833
0.577032,0.849386,-10.615833,-0.386488,-0.805781,-0.181267
1.443777,0.653650,-10.299782,-0.258654,-1.352270,-0.224544
1.359377,0.129293,-10.899560,-0.586494,-1.297541,-0.122410
0.934385,1.104382,-11.783066,-0.656536,-1.093274,0.132725
1.638915,0.996039,-11.628033,0.147218,-0.763969,0.005157
1.748455,0.907449,-11.097092,0.412340,-0.814303,0.208226
1.573071,0.554286,-11.180893,0.409010,-1.006586,0.349243
1.012799,0.506998,-11.753735,-0.072363,-1.006187,0.221809
0.743438,0.666221,-12.132637,0.026308,-0.656908,0.119409
0.846393,0.514780,-11.623844,0.181573,-0.407632,-0.084992
1.408461,1.479093,-11.654970,-0.120567,-0.043573,-0.261696
1.286350,1.397088,-12.157179,-0.132152,-0.107756,-0.199510
2.071689,1.476101,-13.712891,-0.022428,-0.247174,-0.129468
2.943222,1.395292,-14.395273,0.035763,-0.945333,-0.074872
0.802697,1.183993,-10.165102,0.662281,-0.626547,0.271877
-0.371719,1.136107,-10.299782,0.871742,0.403845,0.488795
-0.930793,0.841006,-9.838276,0.861222,0.646063,0.238986
0.959525,1.359976,-8.711149,0.308608,0.252442,-0.450250
1.709547,1.191775,-8.400485,0.125912,0.019412,-0.377545
1.709547,1.310294,-9.191210,-0.308722,-0.209224,-0.234398
1.670639,1.140297,-11.352087,-0.184218,-0.147038,0.180263
1.318674,1.005616,-12.179925,-0.104721,-0.442787,0.301172
0.822450,0.991849,-10.787027,0.163730,-0.405235,0.321013
1.065474,-0.088590,-9.632365,0.330047,0.430211,0.362692
0.359149,-0.033521,-9.670075,0.145886,0.235531,0.374543
0.106547,-0.128096,-10.162708,-0.032282,0.113689,0.180130
0.542314,0.036513,-10.124997,-0.006049,0.144050,-0.039584
1.566486,0.276544,-9.720356,-0.002987,0.080932,-0.273946
1.692188,0.496224,-10.052569,-0.109515,0.081198,-0.231468
1.457545,0.770374,-10.068132,-0.106186,0.081465,-0.187659
1.488671,0.722487,-9.648527,-0.048794,-0.081923,-0.185395
1.521593,0.845795,-9.828101,-0.104854,-0.186187,-0.147444
1.483882,0.828436,-10.010668,-0.135348,-0.210555,-0.098042
0.878717,0.782345,-10.093871,-0.024692,-0.046902,-0.020276
1.063678,0.551293,-9.884367,0.048147,-0.088448,-0.016281
1.067868,0.495625,-9.823312,0.028705,-0.129860,0.010883
0.920019,0.666819,-10.039400,-0.026423,-0.086583,0.002894
0.821253,0.660833,-9.942430,-0.042402,0.030198,-0.039584
0.917625,0.757205,-9.887360,-0.068901,0.113024,-0.085924
1.056495,0.802098,-9.897536,-0.100194,0.101705,-0.121345
1.146282,0.845795,-10.164504,-0.044533,0.020344,-0.074606
1.306104,0.899069,-10.105842,0.022713,0.117817,-0.061822
1.569479,0.759001,-9.797573,0.075444,0.117418,-0.048373
0.966110,0.565659,-9.987922,0.014457,-0.052228,0.020071
0.842802,0.624320,-10.136370,-0.001655,-0.043706,-0.022141
1.112163,0.817063,-10.079504,0.042021,0.001302,-0.075271
1.244450,0.718297,-9.762257,0.070118,-0.021468,-0.052102
0.979278,0.635693,-9.896938,0.010329,-0.038646,-0.041449
0.861358,0.736853,-10.054365,-0.035744,-0.009217,-0.072875
1.359976,0.841605,-9.838276,-0.027089,0.042449,-0.128003
1.395292,0.780550,-9.989119,-0.042935,0.008093,-0.051436
1.075051,0.656643,-10.026231,-0.036010,-0.005089,0.023400
1.090614,0.575835,-9.911303,0.001541,0.044579,-0.036921
1.088819,0.657840,-9.989718,-0.017501,0.037655,-0.069279
1.201951,0.745233,-9.949613,-0.017235,0.040185,-0.105366
1.393496,0.788930,-9.867607,-0.023760,0.024339,-0.113089
1.175613,0.969102,-9.963380,-0.051723,0.011422,-0.040783
1.314484,0.945159,-10.008872,-0.011376,0.035258,-0.037720
1.479692,0.920617,-9.925071,0.017387,0.019545,-0.008159
0.937976,0.754811,-10.034611,0.023512,-0.054891,0.104628
1.006813,0.672206,-10.028027,0.031768,-0.016275,0.066810
1.069664,0.656045,-9.984331,0.036162,0.028866,0.029792
1.241457,0.682382,-9.911902,0.002739,0.031530,0.013413
1.154064,0.687769,-9.879579,-0.013906,0.006496,0.012747
1.148677,0.732663,-9.970563,-0.038274,0.015417,-0.007626
1.243851,0.891886,-9.987922,-0.044266,0.049506,-0.018412
1.295928,0.915230,-9.896938,-0.017368,0.049240,-0.011887
1.316279,0.946356,-9.837678,-0.009645,0.017814,-0.004563
1.319871,0.920617,-9.919684,-0.026556,-0.011215,-0.003099
1.385715,0.763789,-9.955598,0.034831,-0.019471,0.047502
1.163043,0.609954,-9.941232,0.041888,-0.040776,0.084121
0.888893,0.517174,-10.053766,0.021382,-0.041975,0.066145
1.208535,0.669812,-9.816728,0.011794,0.001169,-0.069679
1.324061,0.799704,-9.847255,-0.038674,-0.023066,-0.079799
1.283357,0.934983,-9.969964,-0.075959,-0.021734,-0.054232
1.300716,0.975088,-10.008274,-0.034679,0.008626,0.005690
1.177409,0.928399,-9.952606,-0.010976,0.025271,0.034719
1.184592,0.819457,-9.987922,-0.000989,0.011556,0.040178
1.216316,0.751219,-9.935845,0.000609,-0.000029,0.023667
1.356384,0.733262,-9.992711,-0.003653,0.020877,0.022202
1.257619,0.702135,-9.985527,0.003671,0.013553,0.038980
1.082234,0.727874,-9.970563,0.005535,0.004099,0.036184
1.282160,0.806887,-9.852643,-0.012042,0.010357,-0.032128
1.201352,0.888294,-9.907114,-0.040272,0.014352,-0.027600
1.148677,0.928399,-9.932852,-0.046930,0.024206,-0.030663
1.349201,0.920019,-9.882572,-0.013773,0.002900,-0.019477
1.309096,0.836218,-9.946619,-0.023227,-0.013745,0.018473
1.164838,0.798507,-10.029224,-0.029219,-0.002027,0.043641
1.212725,0.783542,-9.921480,-0.000590,0.028600,0.011815
1.215119,0.763789,-9.874192,-0.011243,-0.009617,-0.005496
1.294731,0.808683,-9.952007,-0.026290,-0.015875,-0.019877
1.310294,0.900266,-9.956795,-0.027355,-0.001494,-0.024804
1.309695,0.961321,-9.928662,-0.027488,0.016083,-0.014018
1.282160,0.970898,-9.877184,-0.018567,0.024206,-0.002965
1.253428,0.899667,-9.872396,-0.016702,0.014086,0.004092
1.234274,0.852379,-9.975950,-0.016436,-0.017340,0.013413
1.248041,0.858365,-9.984929,-0.013373,-0.025063,0.000630
1.279766,0.875125,-9.975950,-0.006183,-0.009084,-0.002300
1.190577,0.867344,-9.869402,0.005003,-0.004024,0.008087
1.225894,0.909244,-9.965774,-0.010177,-0.019337,0.004625
1.206739,0.932589,-9.964577,-0.018700,-0.012147,0.004225
1.311491,0.966708,-9.904121,0.001274,0.030464,0.002095
1.308498,0.885301,-9.867607,0.004603,0.000370,0.005956
1.218112,0.879914,-9.893944,-0.009778,-0.045836,0.001296
1.195366,0.908047,-10.068132,-0.020164,-0.054225,-0.010556
1.280963,0.914632,-9.919085,-0.000190,0.006362,0.002361
1.249837,0.861956,-9.919085,-0.004318,-0.019071,0.010617
1.160050,0.905054,-9.960986,-0.022295,-0.022001,0.012481
1.207936,0.982870,-9.995104,-0.001922,0.020078,-0.007759
1.292336,0.970300,-9.929261,0.019251,0.003300,-0.005762
1.264801,0.931991,-9.917888,0.023113,-0.030922,0.007687
1.210331,0.936181,-9.928662,0.027906,0.028067,0.002760
1.301315,0.891886,-9.878381,0.034298,0.041250,-0.003498
1.313885,0.863154,-9.930458,0.029504,0.018613,0.008486
1.139698,0.808683,-9.940634,0.036961,-0.025995,0.021403
1.200753,0.809880,-9.953803,0.026175,0.004898,-0.004963
1.330047,0.878118,-9.954401,0.025776,0.019412,-0.021608
1.342018,0.854175,-9.902923,0.029771,-0.021868,-0.006294
1.139099,0.836816,-9.996302,0.023778,-0.023066,0.017541
1.145085,0.831429,-9.941831,0.027374,-0.004424,0.006888
1.197162,0.881111,-9.896339,0.020849,0.020877,-0.012420
1.340821,0.967905,-9.920282,0.010063,0.013819,-0.010955
1.346807,0.923012,-9.958591,0.023512,-0.021868,0.019006
1.255224,0.815267,-9.957394,0.028040,-0.037980,0.043774
1.121741,0.718297,-9.937641,0.020716,0.012887,0.028194
1.172021,0.764388,-9.947218,0.016854,0.017148,0.005424
1.167831,0.754212,-9.987323,0.012460,-0.008818,-0.002433
1.312089,0.784740,-9.895142,0.026042,-0.017340,-0.019078
1.276773,0.825443,-9.927465,-0.001788,-0.002559,-0.019744
1.175014,0.890090,-9.942430,-0.020830,0.023141,-0.021874
1.255224,0.908047,-9.888557,-0.010843,0.033128,-0.029864
1.252830,0.857168,-9.971760,-0.012175,-0.026661,0.000364
1.270189,0.817063,-9.977148,-0.007115,-0.028259,0.011815
1.233675,0.824845,-9.990316,-0.011909,-0.012679,0.024199
1.101987,0.783542,-9.956197,0.003139,0.018347,0.021802
1.161247,0.726079,-9.899930,0.012193,0.002634,0.003559
1.232478,0.817662,-10.007077,-0.004984,0.011822,-0.008292
1.333040,0.892484,-9.931056,0.002473,0.030731,0.007554
1.192373,0.811077,-9.871797,0.002073,-0.008418,0.015810
1.118748,0.805091,-9.941831,-0.007514,-0.029325,0.001029
1.352793,0.882907,-9.970563,-0.018833,0.012088,-0.019477
1.346208,0.881111,-9.989119,-0.006848,0.029799,0.007421
