0,95528.00,-6.338373,-2.473935,7.162021,-0.010742,0.029844,-0.020318,25.392981,6.129340,-39.439213
0,95552.00,-6.353338,-2.400310,7.129697,-0.017134,0.039431,-0.034166,25.392981,6.129340,-39.439213
0,95576.00,-6.486822,-2.470942,7.126705,-0.012873,0.041562,-0.052542,25.392981,6.129340,-39.439213
0,95600.00,-6.710092,-2.478724,7.202724,-0.045630,0.059139,-0.034433,49.384968,35.024799,-31.822199
0,95624.00,-6.766359,-2.244678,7.250012,-0.050690,0.065797,-0.003806,49.384968,35.024799,-31.822199
0,95648.00,-6.858540,-2.205172,7.157831,-0.026721,0.062069,0.011108,49.384968,35.024799,-31.822199
0,95672.00,-7.027939,-2.202778,7.266772,-0.022460,0.060737,0.024158,49.384968,35.024799,-31.822199
0,95696.00,-7.148852,-2.077076,7.408038,-0.012873,0.085238,0.059845,49.384968,35.024799,-31.822199
0,95720.00,-7.130895,-1.784968,7.112937,-0.005682,0.200821,0.099260,49.384968,35.024799,-31.822199
0,95744.00,-7.102761,-1.549726,7.044699,-0.025922,0.257015,0.052920,91.589851,84.935143,6.262879
0,95768.00,-7.256597,-1.591627,7.064452,-0.036841,0.316937,-0.019785,91.589851,84.935143,6.262879
0,95792.00,-7.484656,-1.685604,7.230857,-0.062142,0.375527,-0.092224,91.589851,84.935143,6.262879
0,95816.00,-7.710321,-1.801130,7.513987,-0.048559,0.423199,-0.100480,91.589851,84.935143,6.262879
0,95840.00,-7.880318,-1.647893,8.004224,0.102977,0.386180,0.049458,91.589851,84.935143,6.262879
0,95864.00,-8.133517,-1.461735,8.258022,0.231343,0.302023,0.121631,58.316292,28.545212,-64.152199
0,95888.00,-8.951180,-1.210929,8.628544,0.350122,0.243965,0.137610,58.316292,28.545212,-64.152199
0,95912.00,-10.020245,-1.284555,9.060719,0.477157,0.242367,0.145334,58.316292,28.545212,-64.152199
0,95936.00,-10.649353,-1.404869,9.286983,0.582353,0.337444,0.248666,58.316292,28.545212,-64.152199
0,95960.00,-9.916690,-0.378902,8.806323,0.730960,0.660224,0.661995,58.316292,28.545212,-64.152199
0,95984.00,-9.479726,-0.196335,8.201158,0.847342,0.737190,0.759734,10.857688,26.268600,-67.029739
0,96008.00,-9.093042,-0.573441,7.582224,0.955467,0.781399,0.758403,10.857688,26.268600,-67.029739
0,96032.00,-8.496857,-0.750022,7.161422,1.006867,0.833332,0.717922,10.857688,26.268600,-67.029739
0,96056.00,-7.695356,-0.777557,6.690339,1.049212,0.846648,0.623112,10.857688,26.268600,-67.029739
0,96080.00,-6.998608,-2.284185,5.836762,1.069985,0.690584,0.424437,10.857688,26.268600,-67.029739
0,96104.00,-6.261157,-2.411084,5.743384,1.052408,0.631461,0.433226,10.857688,26.268600,-67.029739
0,96128.00,-5.251949,-2.752874,5.210647,1.134701,0.555826,0.463054,113.480354,-35.725296,-33.514870
0,96152.00,-4.219995,-3.693244,4.324149,1.176513,0.449564,0.479565,113.480354,-35.725296,-33.514870
0,96176.00,-3.003679,-4.036231,3.681871,1.069453,0.307616,0.512056,113.480354,-35.725296,-33.514870
0,96200.00,-0.546504,-4.100279,2.802556,0.788751,-0.055645,0.434824,113.480354,-35.725296,-33.514870
0,96224.00,0.545307,-4.173306,2.475132,0.574363,-0.254586,0.195135,113.480354,-35.725296,-33.514870
0,96248.00,1.051707,-4.486364,3.012059,0.256377,-0.511851,-0.173984,49.034721,-35.725296,-103.929947
0,96272.00,1.355786,-4.308586,4.303797,-0.080518,-0.846882,-0.503422,49.034721,-35.725296,-103.929947
0,96296.00,1.089417,-4.332529,5.590147,-0.268806,-1.208279,-0.722870,49.034721,-35.725296,-103.929947
0,96320.00,-0.700340,-3.733948,9.228921,-0.574808,-1.930805,-1.047781,49.034721,-35.725296,-103.929947
0,96344.00,-1.720920,-3.097656,10.986953,-0.675743,-2.099120,-1.241662,49.034721,-35.725296,-103.929947
0,96368.00,-3.170084,-2.837274,12.270909,-0.701577,-2.061036,-1.418765,19.789013,0.525372,-150.816910
0,96392.00,-4.316966,-2.740304,12.685725,-0.689059,-1.839457,-1.587612,19.789013,0.525372,-150.816910
0,96416.00,-4.466012,-2.541575,12.478617,-0.658965,-1.670344,-1.668040,19.789013,0.525372,-150.816910
0,96440.00,-2.367986,-2.596644,9.947218,-0.611028,-1.786992,-1.351652,19.789013,0.525372,-150.816910
0,96464.00,-1.264203,-2.305135,9.634160,-0.680271,-2.184608,-1.097316,19.789013,0.525372,-150.816910
0,96488.00,-1.956761,-2.060914,10.599072,-0.784935,-2.642945,-1.026475,12.959176,64.445633,-26.405655
0,96512.00,-3.222760,-2.703790,11.723806,-0.862434,-2.914592,-1.087196,12.959176,64.445633,-26.405655
0,96536.00,-5.465642,-2.535589,13.446522,-1.069365,-2.594209,-1.373490,12.959176,64.445633,-26.405655
0,96560.00,-5.995985,-2.941427,13.053254,-0.957244,-2.304985,-1.501324,12.959176,64.445633,-26.405655
0,96584.00,-6.861533,-3.010263,13.011353,-0.901317,-2.024550,-1.636615,12.959176,64.445633,-26.405655
0,96608.00,-7.991654,-3.262266,12.902411,-0.781206,-1.745446,-1.722902,12.959176,64.445633,-26.405655
0,96632.00,-8.850019,-4.147567,12.318197,-0.641388,-1.400295,-1.698135,-29.070585,82.308281,-73.123352
0,96656.00,-7.769580,-3.352652,10.251896,-0.547910,-0.774709,-1.200648,-29.070585,82.308281,-73.123352
0,96680.00,-7.916233,-3.250893,9.721553,-0.426468,-0.768850,-1.013958,-29.070585,82.308281,-73.123352
0,96704.00,-8.947588,-3.329307,9.588069,-0.319940,-0.831968,-0.830996,-29.070585,82.308281,-73.123352
0,96728.00,-10.066934,-3.443636,9.494691,-0.267475,-0.734229,-0.601428,-29.070585,82.308281,-73.123352
0,96752.00,-10.770865,-2.982130,9.217547,-0.286650,-0.470305,-0.284241,55.339184,54.288441,-44.009422
0,96776.00,-12.307423,-1.133114,11.274870,-0.248033,-0.005577,0.297935,55.339184,54.288441,-44.009422
0,96800.00,-14.841814,-1.522191,14.212706,-0.028852,0.240503,0.550939,55.339184,54.288441,-44.009422
0,96824.00,-16.759069,-2.713367,16.715971,0.258241,0.835729,0.931511,55.339184,54.288441,-44.009422
0,96848.00,-16.138939,-3.965599,18.081333,0.546932,1.761724,1.468146,55.339184,54.288441,-44.009422
0,96872.00,-13.741622,-4.335522,18.661957,0.717111,2.740717,1.973622,-13.659673,58.141171,-45.363560
0,96896.00,-9.096634,-7.179978,18.299816,1.099014,3.676033,2.671380,-13.659673,58.141171,-45.363560
0,96920.00,-6.939947,-8.791957,18.072954,1.145886,3.715448,3.090036,-13.659673,58.141171,-45.363560
0,96944.00,-4.862273,-9.295363,17.546801,1.138696,3.572701,3.666619,-13.659673,58.141171,-45.363560
0,96968.00,-2.718755,-8.562101,16.915298,1.166393,3.291733,4.175290,-13.659673,58.141171,-45.363560
0,96992.00,-0.704530,-7.018960,15.493669,1.263334,3.002243,4.375031,-13.659673,58.141171,-45.363560
0,97016.00,0.772169,-4.826358,12.346331,1.380248,2.716215,3.377661,-56.039680,-1.050744,-61.951729
0,97040.00,0.709917,-4.661150,10.785232,1.399956,2.618742,2.618915,-56.039680,-1.050744,-61.951729
0,97064.00,0.388479,-4.777873,9.469550,1.384243,2.508752,2.007977,-56.039680,-1.050744,-61.951729
0,97088.00,0.706924,-4.816781,7.778559,1.328582,2.358814,1.625008,-56.039680,-1.050744,-61.951729
0,97112.00,1.045122,-4.610869,6.239009,1.214863,2.104744,1.369341,-56.039680,-1.050744,-61.951729
0,97136.00,1.651485,-3.984155,4.176898,0.881963,1.403523,0.956012,87.562004,4.903472,-61.274658
0,97160.00,1.969331,-3.863241,3.483142,0.658787,1.103380,0.762664,87.562004,4.903472,-61.274658
0,97184.00,2.400310,-3.574127,2.803154,0.381015,0.835462,0.556532,87.562004,4.903472,-61.274658
0,97208.00,2.946814,-3.365222,2.111195,0.105906,0.482055,0.333089,87.562004,4.903472,-61.274658
0,97232.00,3.461593,-2.938434,1.917255,-0.172398,0.026382,0.089406,87.562004,4.903472,-61.274658
0,97256.00,3.200612,-2.830689,2.792979,-0.583064,-1.086038,-0.495166,39.227776,-17.512400,-11.171623
0,97280.00,2.677453,-3.087480,3.824932,-0.791060,-1.582991,-0.795842,39.227776,-17.512400,-11.171623
0,97304.00,2.190208,-3.313145,4.804211,-1.028351,-1.970221,-1.151646,39.227776,-17.512400,-11.171623
0,97328.00,1.430010,-3.850073,6.231826,-1.265110,-2.300191,-1.548463,39.227776,-17.512400,-11.171623
0,97352.00,0.372317,-4.474991,7.961725,-1.481096,-2.607525,-1.909593,39.227776,-17.512400,-11.171623
0,97376.00,-2.733120,-5.615886,12.008132,-1.752742,-3.115664,-2.400954,39.578026,22.065624,-24.035915
0,97400.00,-4.040421,-5.651203,13.588984,-1.802011,-3.208077,-2.493100,39.578026,22.065624,-24.035915
0,97424.00,-5.228604,-5.777503,14.699950,-1.792690,-3.208077,-2.580719,39.578026,22.065624,-24.035915
0,97448.00,-6.057639,-5.775109,15.341629,-1.771651,-3.126849,-2.627326,39.578026,22.065624,-24.035915
0,97472.00,-6.677769,-5.793665,15.872570,-1.764993,-2.979308,-2.643571,39.578026,22.065624,-24.035915
0,97496.00,-6.829808,-5.353109,15.713347,-1.595880,-2.710857,-2.397225,-14.885540,45.006870,-44.517223
0,97520.00,-7.069241,-4.612665,15.879753,-1.490151,-2.603530,-2.268592,-14.885540,45.006870,-44.517223
0,97544.00,-7.680990,-4.188869,15.764227,-1.315711,-2.432819,-2.186832,-14.885540,45.006870,-44.517223
0,97568.00,-8.389112,-4.035633,15.135717,-1.129020,-2.122556,-2.133035,-14.885540,45.006870,-44.517223
0,97592.00,-8.832062,-3.856058,14.268373,-0.992398,-1.703900,-2.078173,-14.885540,45.006870,-44.517223
0,97616.00,-8.683614,-3.181458,12.276895,-0.680005,-0.949682,-1.820109,2.801984,-65.146133,-15.234032
0,97640.00,-8.885934,-3.174275,11.300011,-0.501570,-0.703602,-1.610515,2.801984,-65.146133,-15.234032
0,97664.00,-9.205576,-2.991109,10.654141,-0.358290,-0.509454,-1.339934,2.801984,-65.146133,-15.234032
0,97688.00,-9.893346,-2.958786,10.266860,-0.245104,-0.330221,-1.044851,2.801984,-65.146133,-15.234032
0,97712.00,-10.611044,-2.838471,10.102849,-0.175328,-0.139802,-0.691178,2.801984,-65.146133,-15.234032
0,97736.00,-13.296278,-1.811904,12.691711,0.069687,0.244764,0.102456,22.941244,21.190004,-80.401833
0,97760.00,-15.135717,-2.888752,14.656853,0.340002,0.708960,0.493414,22.941244,21.190004,-80.401833
0,97784.00,-15.536168,-3.379588,16.626781,0.577027,1.458119,0.929646,22.941244,21.190004,-80.401833
0,97808.00,-14.930404,-4.525870,18.264500,0.895013,2.302354,1.323534,22.941244,21.190004,-80.401833
0,97832.00,-13.237617,-6.975862,17.947851,1.267595,3.057638,1.721683,22.941244,21.190004,-80.401833
0,97856.00,-7.642681,-8.995474,16.112602,1.215662,3.935695,2.689756,-7.530332,40.453644,7.278481
0,97880.00,-4.959243,-8.684811,15.260222,1.137098,3.845945,3.194433,-7.530332,40.453644,7.278481
0,97904.00,-2.900723,-8.161053,14.441363,1.157604,3.468570,3.619214,-7.530332,40.453644,7.278481
0,97928.00,-1.674829,-7.086599,13.840388,1.177046,3.048849,3.814160,-7.530332,40.453644,7.278481
0,97952.00,-1.040334,-6.170771,13.000579,1.237767,2.747641,3.704170,-7.530332,40.453644,7.278481
0,97976.00,0.511787,-4.905371,10.444638,1.176780,2.626998,2.804008,-7.530332,40.453644,7.278481
0,98000.00,1.203148,-4.552806,8.939207,1.078507,2.514611,2.323833,97.544067,7.180084,42.486019
0,98024.00,1.774792,-4.246333,7.640287,0.984496,2.234708,1.953647,97.544067,7.180084,42.486019
0,98048.00,1.965740,-3.975775,6.971672,0.916318,1.821380,1.678805,97.544067,7.180084,42.486019
0,98072.00,2.142321,-3.835108,6.139046,0.864386,1.416306,1.424203,97.544067,7.180084,42.486019
0,98096.00,2.636150,-3.790813,4.907765,0.596202,0.790721,0.811134,97.544067,7.180084,42.486019
0,98120.00,3.226950,-3.630992,4.116441,0.392200,0.556891,0.443346,-50.610836,-7.530332,-47.225498
0,98144.00,3.699230,-3.629795,3.481347,0.191661,0.234910,0.070764,-50.610836,-7.530332,-47.225498
0,98168.00,3.705216,-3.585500,3.387369,-0.030716,-0.183212,-0.256011,-50.610836,-7.530332,-47.225498
0,98192.00,3.690251,-3.529233,3.383778,-0.242707,-0.634625,-0.542838,-50.610836,-7.530332,-47.225498
0,98216.00,3.143747,-3.752504,4.539039,-0.644850,-1.649837,-1.075744,-50.610836,-7.530332,-47.225498
0,98240.00,2.585870,-3.984155,5.614090,-0.838199,-2.141198,-1.322357,26.443726,4.378100,-70.584343
0,98264.00,2.016619,-4.568369,6.854350,-1.023025,-2.568642,-1.562311,26.443726,4.378100,-70.584343
0,98288.00,1.471312,-5.192689,8.368161,-1.216906,-2.926576,-1.809456,26.443726,4.378100,-70.584343
0,98312.00,0.816464,-6.042675,9.841269,-1.395873,-3.246693,-2.069651,26.443726,4.378100,-70.584343
0,98336.00,-1.534163,-7.442755,13.890669,-1.753541,-3.677866,-2.538907,26.443726,4.378100,-70.584343
0,98360.00,-3.150930,-8.040737,15.827677,-1.835834,-3.730064,-2.694172,26.443726,4.378100,-70.584343
0,98384.00,-5.419552,-8.421435,17.630602,-1.879777,-3.602231,-2.808956,5.954216,22.415873,-22.004711
0,98408.00,-6.676572,-8.548334,17.987955,-1.847020,-3.277586,-2.756757,5.954216,22.415873,-22.004711
0,98432.00,-6.826816,-7.818664,17.382191,-1.784701,-2.866654,-2.558349,5.954216,22.415873,-22.004711
0,98456.00,-6.842977,-5.795461,16.535799,-1.452333,-2.365440,-2.259804,5.954216,22.415873,-22.004711
0,98480.00,-8.114962,-4.855090,16.805159,-1.217439,-2.066096,-2.197218,5.954216,22.415873,-22.004711
0,98504.00,-8.983502,-4.531258,15.936020,-0.961505,-1.496703,-2.157537,-7.880580,34.849678,-74.985291
0,98528.00,-8.825478,-4.138588,14.177988,-0.779342,-0.804537,-2.059531,-7.880580,34.849678,-74.985291
0,98552.00,-7.895881,-3.380785,12.197284,-0.656568,-0.234878,-1.939154,-7.880580,34.849678,-74.985291
0,98576.00,-7.853981,-3.004876,9.974154,-0.361486,0.042361,-1.579622,-7.880580,34.849678,-74.985291
0,98600.00,-8.754845,-3.127585,9.733524,-0.246435,0.000016,-1.169755,-7.880580,34.849678,-74.985291
0,98624.00,-9.282793,-2.759458,9.714370,-0.165208,-0.004511,-0.624065,72.151093,121.185814,22.343246
0,98648.00,-9.948415,-2.179433,9.908909,-0.113542,0.044491,-0.163598,72.151093,121.185814,22.343246
0,98672.00,-11.507718,-1.943592,11.101880,-0.061609,0.110539,0.200196,72.151093,121.185814,22.343246
0,98696.00,-14.749034,-2.586468,15.651095,0.307244,0.767284,1.072660,72.151093,121.185814,22.343246
0,98720.00,-14.492243,-3.865037,16.344252,0.587413,1.491675,1.603436,72.151093,121.185814,22.343246
0,98744.00,-13.150225,-4.151757,17.017057,0.761853,2.210207,2.033810,-23.816864,142.200699,-74.477486
0,98768.00,-12.327175,-4.972412,18.548227,0.982898,2.733792,2.282020,-23.816864,142.200699,-74.477486
0,98792.00,-11.581344,-6.810055,19.614300,1.273720,3.157508,2.531030,-23.816864,142.200699,-74.477486
0,98816.00,-7.605569,-9.725144,19.010931,1.488640,3.992155,3.248762,-23.816864,142.200699,-74.477486
0,98840.00,-4.804211,-10.224959,17.678490,1.500359,4.040892,3.618149,-23.816864,142.200699,-74.477486
0,98864.00,-2.381753,-10.122602,15.976125,1.552557,3.755929,3.945722,-23.816864,142.200699,-74.477486
0,98888.00,-0.745233,-9.333074,14.777167,1.588777,3.305315,4.111107,45.707367,34.149181,-26.574921
0,98912.00,0.246017,-8.608790,13.671588,1.668407,2.865887,4.051185,45.707367,34.149181,-26.574921
0,98936.00,1.626943,-7.117127,10.824139,1.587712,2.513812,3.231452,45.707367,34.149181,-26.574921
0,98960.00,2.036372,-6.669987,9.369587,1.472928,2.385978,2.651673,45.707367,34.149181,-26.574921
0,98984.00,2.320100,-6.367704,7.869544,1.365867,2.164400,2.133147,45.707367,34.149181,-26.574921
0,99008.00,2.500871,-5.950493,6.440731,1.230310,1.878638,1.708899,55.339184,-33.623810,-79.555496
0,99032.00,3.414306,-4.879033,4.073343,0.887023,1.309512,1.013005,55.339184,-33.623810,-79.555496
0,99056.00,3.810566,-4.339712,3.333497,0.651330,1.023751,0.653472,55.339184,-33.623810,-79.555496
0,99080.00,4.129610,-3.960212,2.530800,0.411109,0.704166,0.265710,55.339184,-33.623810,-79.555496
0,99104.00,4.231369,-3.750708,2.002852,0.148517,0.308148,-0.116725,55.339184,-33.623810,-79.555496
0,99128.00,4.501927,-3.465784,1.761025,-0.139108,-0.161640,-0.444832,58.141171,-68.648613,-89.711517
0,99152.00,4.099681,-3.402933,2.804950,-0.634730,-1.340107,-1.019551,58.141171,-68.648613,-89.711517
0,99176.00,3.244309,-3.809968,4.113448,-0.877880,-1.950247,-1.311970,58.141171,-68.648613,-89.711517
0,99200.00,2.502667,-4.188271,5.610499,-1.150592,-2.432819,-1.590008,58.141171,-68.648613,-89.711517
0,99224.00,1.849016,-4.698262,7.190753,-1.404395,-2.805933,-1.861389,58.141171,-68.648613,-89.711517
0,99248.00,1.336631,-5.337546,9.014628,-1.638491,-3.143095,-2.131970,58.141171,-68.648613,-89.711517
0,99272.00,-1.620359,-6.960897,13.541697,-1.963135,-3.745777,-2.640642,47.983978,9.456697,-23.020313
0,99296.00,-2.885759,-7.896480,15.236279,-2.037971,-3.880535,-2.719472,47.983978,9.456697,-23.020313
0,99320.00,-3.200612,-8.252635,15.940210,-2.103486,-3.885062,-2.648098,47.983978,9.456697,-23.020313
0,99344.00,-3.119205,-8.502842,16.475342,-2.202024,-3.883997,-2.571931,47.983978,9.456697,-23.020313
0,99368.00,-4.559989,-8.511821,18.393793,-2.326396,-3.919950,-2.579122,47.983978,9.456697,-23.020313
0,99392.00,-9.939436,-6.060632,19.614300,-2.109345,-3.342036,-2.659284,99.295311,-40.103397,-133.213135
0,99416.00,-11.368249,-5.551239,19.614300,-1.758868,-2.503926,-2.688313,99.295311,-40.103397,-133.213135
0,99440.00,-11.191668,-3.914719,18.930721,-1.509592,-1.485784,-2.657686,99.295311,-40.103397,-133.213135
0,99464.00,-10.409921,-2.521223,16.441820,-1.164441,-0.657795,-2.598829,99.295311,-40.103397,-133.213135
0,99488.00,-9.807150,-2.420063,14.120524,-0.747650,-0.137938,-2.491236,99.295311,-40.103397,-133.213135
0,99512.00,-8.778190,-2.548159,10.807977,-0.251762,0.284979,-1.844611,7.705456,-30.471577,5.416544
0,99536.00,-8.817696,-2.520624,9.893944,-0.127390,0.291370,-1.411840,7.705456,-30.471577,5.416544
0,99560.00,-9.165471,-2.789387,9.370186,-0.028053,0.227453,-0.950308,7.705456,-30.471577,5.416544
0,99584.00,-9.644935,-2.918082,9.421664,0.025478,0.170994,-0.461077,7.705456,-30.471577,5.416544
0,99608.00,-10.593685,-2.837274,10.019048,0.048914,0.192565,-0.008599,7.705456,-30.471577,5.416544
0,99632.00,-14.066053,-3.685463,13.296278,0.245991,0.606960,0.914999,12.083556,-6.829836,-31.314398
0,99656.00,-15.377544,-4.802415,14.860370,0.400989,1.115897,1.436454,12.083556,-6.829836,-31.314398
0,99680.00,-15.322474,-6.162391,16.150911,0.575961,1.698073,2.043930,12.083556,-6.829836,-31.314398
0,99704.00,-14.255205,-7.126106,17.363636,0.760787,2.208609,2.695083,12.083556,-6.829836,-31.314398
0,99728.00,-12.615093,-7.819263,18.382420,0.953870,2.642977,3.274329,12.083556,-6.829836,-31.314398
0,99752.00,-9.337264,-9.153500,19.611906,1.353350,3.422763,3.908171,35.199924,43.956123,-51.626438
0,99776.00,-7.077621,-10.149538,19.115084,1.506218,3.715715,4.063969,35.199924,43.956123,-51.626438
0,99800.00,-4.510307,-10.234537,17.858662,1.550959,3.862191,4.214705,35.199924,43.956123,-51.626438
0,99824.00,-2.109399,-9.336665,16.626781,1.545633,3.796676,4.270899,35.199924,43.956123,-51.626438
0,99848.00,-0.261580,-8.718331,15.294940,1.611148,3.562048,4.156914,35.199924,43.956123,-51.626438
0,99872.00,1.765814,-7.037516,12.035069,1.662281,3.054975,3.458356,106.125145,-37.826786,-24.374451
0,99896.00,2.074682,-6.652030,10.263867,1.659618,2.819015,2.927314,106.125145,-37.826786,-24.374451
0,99920.00,2.368585,-6.450308,8.453758,1.577591,2.629395,2.372569,106.125145,-37.826786,-24.374451
0,99944.00,2.939631,-5.878663,6.757380,1.402619,2.428323,1.869224,106.125145,-37.826786,-24.374451
0,99968.00,3.444833,-5.272899,5.119663,1.197553,2.129778,1.442047,106.125145,-37.826786,-24.374451
0,99992.00,4.348691,-4.410943,2.892343,0.717377,1.258379,0.745885,35.024799,28.019840,9.140419
0,100016.00,4.755127,-3.759088,2.197391,0.448660,0.783530,0.448939,35.024799,28.019840,9.140419
0,100040.00,4.966426,-3.367018,1.802327,0.187667,0.272462,0.101657,35.024799,28.019840,9.140419
0,100064.00,4.881427,-3.050967,1.751448,-0.093301,-0.262309,-0.278648,35.024799,28.019840,9.140419
0,100088.00,4.882625,-2.845055,1.993274,-0.366812,-0.822114,-0.652029,35.024799,28.019840,9.140419
0,100112.00,4.052991,-3.121599,3.753102,-0.817159,-1.997918,-1.375887,35.024799,28.019840,9.140419
0,100136.00,3.331103,-3.917114,5.089734,-1.021427,-2.518574,-1.748469,17.687525,13.834796,-31.652931
0,100160.00,2.542173,-5.003538,6.498793,-1.262713,-2.932702,-2.091223,17.687525,13.834796,-31.652931
0,100184.00,2.013626,-5.907994,8.027569,-1.546078,-3.287174,-2.385773,17.687525,13.834796,-31.652931
0,100208.00,1.427017,-6.826816,9.907711,-1.802278,-3.684524,-2.657420,17.687525,13.834796,-31.652931
0,100232.00,-1.515008,-9.571309,15.065084,-2.211079,-4.364172,-3.069151,17.687525,13.834796,-31.652931
0,100256.00,-4.724599,-10.545798,18.001123,-2.419874,-4.427290,-3.159433,25.743229,53.763069,-48.579632
0,100288.00,-6.700515,-10.718190,19.614300,-2.508559,-4.303185,-3.081135,25.743229,53.763069,-48.579632
0,100312.00,-7.095578,-9.755672,19.438316,-2.425467,-3.717015,-2.533048,25.743229,53.763069,-48.579632
0,100336.00,-7.412826,-7.651660,19.614300,-2.438517,-3.441373,-2.387371,25.743229,53.763069,-48.579632
0,100360.00,-8.539954,-6.092955,19.614300,-2.161544,-3.113533,-2.327449,25.743229,53.763069,-48.579632
0,100384.00,-9.595252,-5.190894,19.152794,-1.768721,-2.548668,-2.277914,-59.717285,100.696304,-58.058586
0,100408.00,-9.820318,-4.526469,17.595285,-1.404928,-1.795515,-2.206540,-59.717285,100.696304,-58.058586
0,100432.00,-8.986495,-3.465784,13.843381,-0.922356,-0.465778,-2.054737,-59.717285,100.696304,-58.058586
0,100456.00,-8.818892,-2.928856,12.384640,-0.716224,-0.131546,-1.867248,-59.717285,100.696304,-58.058586
0,100480.00,-9.218745,-2.892343,11.237160,-0.485058,0.011734,-1.546598,-59.717285,100.696304,-58.058586
0,100504.00,-9.707187,-2.632559,10.521855,-0.325532,0.060204,-1.072016,-9.281572,36.951164,-43.501621
0,100528.00,-10.211192,-1.884931,10.522454,-0.232054,0.114800,-0.542838,-9.281572,36.951164,-43.501621
0,100552.00,-12.958678,-1.003222,12.960474,0.019618,0.289240,0.369043,-9.281572,36.951164,-43.501621
0,100576.00,-15.236877,-0.932589,15.932428,0.303516,0.521471,0.835369,-9.281572,36.951164,-43.501621
0,100600.00,-16.479532,-1.510220,17.982569,0.734954,1.131078,1.334719,-9.281572,36.951164,-43.501621
0,100624.00,-16.173656,-3.077305,19.065401,1.179975,1.932968,1.761098,-9.281572,36.951164,-43.501621
0,100648.00,-14.614952,-4.591115,19.614300,1.535246,2.660022,2.144066,-15.586037,68.823730,2.539005
0,100672.00,-10.663719,-8.433407,19.614300,2.106237,3.746874,2.834635,-15.586037,68.823730,2.539005
0,100696.00,-7.880917,-10.003485,19.614300,2.197052,4.087232,3.205885,-15.586037,68.823730,2.539005
0,100720.00,-5.022693,-10.548792,18.450659,2.128874,4.123451,3.560357,-15.586037,68.823730,2.539005
0,100744.00,-2.787591,-10.462596,17.143957,2.086796,3.847011,3.851445,-15.586037,68.823730,2.539005
0,100768.00,-1.222302,-10.142355,16.231121,2.073480,3.414240,3.958772,33.273560,36.776039,-134.736542
0,100792.00,0.933188,-9.085860,14.065454,2.093454,2.782795,3.611490,33.273560,36.776039,-134.736542
0,100816.00,1.867573,-8.678226,12.275698,2.047114,2.666946,3.115070,33.273560,36.776039,-134.736542
0,100840.00,2.449393,-8.253833,10.041195,1.911024,2.561217,2.548607,33.273560,36.776039,-134.736542
0,100864.00,2.895935,-7.789932,8.150278,1.676662,2.435780,2.034609,33.273560,36.776039,-134.736542
0,100888.00,3.517860,-7.138676,6.222249,1.453220,2.197956,1.678006,92.115227,-10.507441,-4.739476
0,100912.00,4.770690,-5.684124,3.305963,0.940820,1.426160,1.174395,92.115227,-10.507441,-4.739476
0,100936.00,4.812591,-4.863470,2.764845,0.661983,0.957437,0.866529,92.115227,-10.507441,-4.739476
0,100960.00,4.771887,-4.373831,2.357212,0.377553,0.549701,0.507263,92.115227,-10.507441,-4.739476
0,100984.00,4.766500,-3.893170,2.109399,0.064893,0.217866,0.129088,92.115227,-10.507441,-4.739476
0,101008.00,4.819774,-3.642365,1.928628,-0.224597,-0.145661,-0.248288,92.115227,-10.507441,-4.739476
0,101032.00,4.577947,-3.667505,2.668474,-0.756971,-1.179516,-0.927404,-4.553224,-15.060664,-41.301151
0,101056.00,3.967394,-4.266086,3.774053,-0.996393,-1.759828,-1.253114,-4.553224,-15.060664,-41.301151
0,101080.00,3.174873,-4.847907,5.355504,-1.279758,-2.271162,-1.546332,-4.553224,-15.060664,-41.301151
0,101104.00,2.452985,-5.379447,7.030931,-1.562323,-2.670643,-1.825702,-4.553224,-15.060664,-41.301151
0,101128.00,1.658668,-6.113307,8.942799,-1.816393,-2.994488,-2.098680,-4.553224,-15.060664,-41.301151
0,101152.00,-0.864351,-7.694159,13.763770,-2.229189,-3.587849,-2.634783,-17.862648,-14.360168,-55.181046
0,101176.00,-2.621186,-8.485483,16.074291,-2.328526,-3.697573,-2.808956,-17.862648,-14.360168,-55.181046
0,101200.00,-4.460026,-8.858997,17.794016,-2.354626,-3.626732,-2.869411,-17.862648,-14.360168,-55.181046
0,101224.00,-5.746975,-8.874560,18.509319,-2.302960,-3.411545,-2.846773,-17.862648,-14.360168,-55.181046
0,101248.00,-6.883082,-8.530376,18.715231,-2.255555,-3.125784,-2.834256,-17.862648,-14.360168,-55.181046
0,101272.00,-7.012974,-7.198534,17.764086,-1.982310,-2.678366,-2.674198,-53.763069,20.839756,-54.673244
0,101296.00,-7.315856,-6.130067,17.641376,-1.855808,-2.433884,-2.578589,-53.763069,20.839756,-54.673244
0,101320.00,-8.092814,-5.280082,17.303778,-1.645415,-2.143861,-2.519999,-53.763069,20.839756,-54.673244
0,101344.00,-8.954172,-4.935300,16.337069,-1.370573,-1.757697,-2.469664,-53.763069,20.839756,-54.673244
0,101368.00,-9.248673,-4.254713,15.212336,-1.146864,-1.284446,-2.399888,-53.763069,20.839756,-54.673244
0,101392.00,-9.510852,-3.284414,12.549249,-0.801713,-0.358185,-2.167657,9.106448,39.928272,-77.185760
0,101416.00,-9.592858,-3.265259,11.261103,-0.613425,-0.101718,-1.879765,9.106448,39.928272,-77.185760
0,101440.00,-9.858029,-2.974349,10.619424,-0.437121,-0.033274,-1.416368,9.106448,39.928272,-77.185760
0,101464.00,-10.343478,-2.449992,10.602065,-0.289846,-0.044726,-0.849372,9.106448,39.928272,-77.185760
0,101488.00,-11.007903,-2.039365,10.594882,-0.162545,-0.007974,-0.275452,9.106448,39.928272,-77.185760
0,101512.00,-12.675550,-0.532138,13.495007,0.086465,0.222127,0.750679,74.953072,43.781002,-23.697382
0,101536.00,-14.322246,-1.033749,15.053712,0.357845,0.543309,1.131517,74.953072,43.781002,-23.697382
0,101560.00,-15.612187,-1.932818,17.187054,0.680359,1.043991,1.568282,74.953072,43.781002,-23.697382
0,101584.00,-15.359587,-3.183852,19.003149,1.001541,1.742549,2.030081,74.953072,43.781002,-23.697382
0,101608.00,-11.787255,-6.581996,19.614300,1.619670,3.075215,2.830640,74.953072,43.781002,-23.697382
0,101632.00,-8.633931,-9.773031,19.614300,1.856695,3.406517,3.223462,-70.750099,4.202976,-98.851936
0,101656.00,-6.314430,-7.172197,19.059416,1.964821,3.239002,3.989932,-70.750099,4.202976,-98.851936
0,101680.00,-4.885618,-11.546027,19.614300,2.071083,3.192396,4.430425,-70.750099,4.202976,-98.851936
0,101704.00,-2.172849,-8.759035,18.388407,2.077208,3.243529,4.602201,-70.750099,4.202976,-98.851936
0,101728.00,-0.014965,-9.405502,14.945967,2.346990,3.074949,3.585657,-70.750099,4.202976,-98.851936
0,101752.00,0.191546,-9.538985,13.189731,2.281476,2.935130,3.093231,10.507441,26.268600,-15.234032
0,101776.00,0.669812,-9.533000,11.476592,2.184801,2.787323,2.747015,10.507441,26.268600,-15.234032
0,101800.00,1.228288,-8.935018,9.674864,2.013824,2.626199,2.476168,10.507441,26.268600,-15.234032
0,101824.00,1.896903,-8.537560,7.700744,1.846042,2.404621,2.213310,10.507441,26.268600,-15.234032
0,101848.00,3.854263,-6.822027,4.246932,1.308075,1.786225,1.600773,10.507441,26.268600,-15.234032
0,101872.00,4.418126,-5.939120,3.088678,0.994084,1.413910,1.290777,113.480354,-9.106448,-3.046806
0,101896.00,4.735972,-5.284871,2.382352,0.676630,1.031740,0.932310,113.480354,-9.106448,-3.046806
0,101920.00,4.982588,-4.784457,1.954965,0.389803,0.614949,0.565853,113.480354,-9.106448,-3.046806
0,101944.00,5.351314,-4.295417,1.549127,0.105374,0.212007,0.202859,113.480354,-9.106448,-3.046806
0,101968.00,5.776905,-3.483741,1.734089,-0.466682,-0.735028,-0.649366,113.480354,-9.106448,-3.046806
0,101992.00,5.117867,-3.795003,2.785197,-0.707702,-1.320932,-1.129807,113.480354,-9.106448,-3.046806
0,102016.00,4.097286,-4.349289,4.146969,-0.962304,-1.853572,-1.560181,-30.646700,-1.926364,-53.657642
0,102040.00,3.418496,-5.020298,5.487191,-1.247799,-2.256248,-1.938089,-30.646700,-1.926364,-53.657642
0,102064.00,2.728332,-5.841551,7.037516,-1.541284,-2.630162,-2.266728,-30.646700,-1.926364,-53.657642
0,102088.00,1.512614,-7.989260,10.766076,-2.066734,-3.528726,-2.719739,-30.646700,-1.926364,-53.657642
0,102112.00,0.198729,-9.213358,13.455501,-2.354892,-3.928206,-2.871275,-30.646700,-1.926364,-53.657642
0,102136.00,-1.958557,-10.490130,16.452595,-2.622810,-4.177748,-2.974341,-56.389931,9.806944,-102.575813
0,102160.00,-3.049770,-11.630427,18.031054,-2.775944,-4.196124,-2.861954,-56.389931,9.806944,-102.575813
0,102184.00,-3.698033,-11.401171,19.118076,-2.972489,-4.051246,-2.662214,-56.389931,9.806944,-102.575813
0,102208.00,-7.083607,-9.697610,19.614300,-2.979945,-3.861626,-2.499226,-56.389931,9.806944,-102.575813
0,102232.00,-8.891920,-8.642311,19.614300,-2.702440,-3.552695,-2.273386,-56.389931,9.806944,-102.575813
0,102256.00,-9.838875,-6.496997,19.614300,-2.404428,-2.878106,-1.980434,-30.121328,-43.430752,-93.435394
0,102280.00,-10.078906,-4.372035,19.570602,-2.072060,-2.048785,-1.854997,-30.121328,-43.430752,-93.435394
0,102304.00,-10.366823,-2.961180,17.861055,-1.729839,-1.285245,-1.884026,-30.121328,-43.430752,-93.435394
0,102328.00,-9.394728,-1.382123,13.970281,-1.086942,-0.037269,-1.746338,-30.121328,-43.430752,-93.435394
0,102352.00,-8.953573,-0.463302,12.649811,-0.825415,0.269532,-1.489339,-30.121328,-43.430752,-93.435394
0,102376.00,-8.526187,0.438760,11.729792,-0.530333,0.355287,-1.149249,-30.121328,-43.430752,-93.435394
0,102400.00,-9.019418,0.729072,11.669933,-0.241642,0.306551,-0.806228,-8.405952,8.055704,-43.670891
0,102424.00,-10.160313,0.939772,12.445096,-0.003285,0.288174,-0.461344,-8.405952,8.055704,-43.670891
0,102448.00,-12.193692,0.863154,16.703999,0.578358,0.658093,0.338948,-8.405952,8.055704,-43.670891
0,102472.00,-12.615691,-0.737452,17.768875,1.076110,1.160373,0.773050,-8.405952,8.055704,-43.670891
0,102496.00,-12.316999,-2.672065,18.389004,1.458546,1.819515,1.179987,-8.405952,8.055704,-43.670891
0,102520.00,-11.256314,-4.495343,18.694281,1.678527,2.497566,1.569348,124.513168,25.392981,-10.663822
0,102544.00,-10.205206,-5.817608,19.162970,1.828998,3.016891,1.989867,124.513168,25.392981,-10.663822
0,102568.00,-7.777961,-9.286385,18.945684,2.112629,3.607056,2.900149,124.513168,25.392981,-10.663822
0,102592.00,-5.771517,-10.388372,18.075947,2.152843,3.724503,3.328925,124.513168,25.392981,-10.663822
0,102616.00,-3.553176,-10.806182,16.782413,2.145919,3.656325,3.637057,124.513168,25.392981,-10.663822
0,102640.00,-2.001056,-10.778646,15.554126,2.129939,3.395598,3.785131,54.638691,-68.648613,-131.351196
0,102664.00,-0.649460,-10.667910,14.283338,2.096383,3.060035,3.775277,54.638691,-68.648613,-131.351196
0,102688.00,1.189380,-8.897905,11.540640,1.903834,2.666147,3.275661,54.638691,-68.648613,-131.351196
0,102712.00,2.221932,-8.103588,9.462966,1.781593,2.555358,2.789094,54.638691,-68.648613,-131.351196
0,102736.00,2.988714,-7.558880,7.384693,1.613811,2.350824,2.259649,54.638691,-68.648613,-131.351196
0,102760.00,3.724370,-7.065649,5.235787,1.411408,2.055741,1.809036,9.281572,41.854637,-79.047699
0,102784.00,4.806006,-6.277917,3.273639,1.143756,1.668512,1.398104,9.281572,41.854637,-79.047699
0,102808.00,5.788876,-5.597330,1.359377,0.564243,0.606693,0.590621,9.281572,41.854637,-79.047699
0,102832.00,5.833171,-5.336349,1.392898,0.199385,0.123056,0.214843,9.281572,41.854637,-79.047699
0,102856.00,5.561415,-5.045439,1.655076,-0.150560,-0.311845,-0.143357,9.281572,41.854637,-79.047699
0,102880.00,5.032270,-5.072375,2.411683,-0.454964,-0.771247,-0.521266,9.281572,41.854637,-79.047699
0,102904.00,4.621045,-5.098712,3.250294,-0.736464,-1.204284,-0.877868,101.046547,30.996948,-47.902565
0,102928.00,3.297582,-5.831974,5.485395,-1.279491,-1.961965,-1.460044,101.046547,30.996948,-47.902565
0,102952.00,2.661889,-6.302459,6.960299,-1.576172,-2.283946,-1.694406,101.046547,30.996948,-47.902565
0,102976.00,2.086055,-6.683156,8.552525,-1.829975,-2.610721,-1.893081,101.046547,30.996948,-47.902565
0,103000.00,1.438989,-7.293709,10.388372,-2.056880,-2.917788,-2.086962,101.046547,30.996948,-47.902565
0,103024.00,0.847591,-7.698948,12.343337,-2.237711,-3.191032,-2.264864,-5.253720,-47.283482,-15.234032
0,103048.00,-1.330047,-9.173851,16.368793,-2.539186,-3.486648,-2.693906,-5.253720,-47.283482,-15.234032
0,103072.00,-3.304765,-9.021214,18.624846,-2.659030,-3.411812,-2.882460,-5.253720,-47.283482,-15.234032
0,103096.00,-4.998151,-8.747662,19.492189,-2.619881,-3.151084,-2.976737,-5.253720,-47.283482,-15.234032
0,103120.00,-6.233023,-8.252037,19.346735,-2.461420,-2.824576,-2.933327,-5.253720,-47.283482,-15.234032
0,103144.00,-6.806464,-7.365538,18.963043,-2.216938,-2.522036,-2.835588,61.818775,36.951164,-51.964973
0,103168.00,-8.768013,-5.870882,17.745529,-1.684831,-1.688720,-2.741044,61.818775,36.951164,-51.964973
0,103192.00,-9.394728,-4.910758,16.556150,-1.506130,-1.105479,-2.606553,61.818775,36.951164,-51.964973
0,103216.00,-9.364799,-4.087709,14.992657,-1.233684,-0.648207,-2.304013,61.818775,36.951164,-51.964973
0,103240.00,-9.080473,-3.198817,13.246596,-0.931144,-0.390942,-1.890950,61.818775,36.951164,-51.964973
0,103264.00,-9.030790,-2.637347,11.873451,-0.672548,-0.293203,-1.493601,61.818775,36.951164,-51.964973
0,103288.00,-10.406928,-1.348603,11.366453,-0.357757,-0.224758,-0.667209,16.286533,108.051514,46.886963
0,103312.00,-10.988150,-0.469886,12.007533,-0.166273,-0.154716,-0.183838,16.286533,108.051514,46.886963
0,103336.00,-11.850106,0.268164,13.829614,0.056104,0.004543,0.260118,16.286533,108.051514,46.886963
0,103360.00,-12.827589,0.040704,15.648701,0.390070,0.380055,0.648146,16.286533,108.051514,46.886963
0,103384.00,-13.292089,-1.319272,17.001493,0.754928,0.993657,1.007146,16.286533,108.051514,46.886963
0,103408.00,-11.310785,-4.377422,18.331541,1.198884,2.604361,1.725145,-13.134300,64.270508,-71.599945
0,103432.00,-9.563527,-5.585957,18.192671,1.395428,3.200918,2.062306,-13.134300,64.270508,-71.599945
0,103456.00,-8.083237,-7.165612,17.486942,1.628192,3.478956,2.357922,-13.134300,64.270508,-71.599945
0,103480.00,-6.685550,-8.450167,16.812342,1.751232,3.539677,2.655934,-13.134300,64.270508,-71.599945
0,103504.00,-5.527895,-9.349236,16.375977,1.787718,3.473630,3.004547,-13.134300,64.270508,-71.599945
0,103528.00,-2.958786,-9.770637,15.912077,1.822340,3.127946,3.582195,-108.752007,134.670364,-67.199005
0,103552.00,-1.579655,-9.751482,14.966917,1.882262,2.917021,3.617350,-108.752007,134.670364,-67.199005
0,103576.00,-0.465696,-9.312123,13.787713,1.866815,2.751902,3.469542,-108.752007,134.670364,-67.199005
0,103600.00,0.690164,-8.419041,12.324781,1.789316,2.676001,3.142234,-108.752007,134.670364,-67.199005
0,103624.00,1.753842,-7.672012,10.476363,1.697702,2.613416,2.679370,-108.752007,134.670364,-67.199005
0,103648.00,3.384975,-6.821428,6.242600,1.391167,2.138034,1.867892,-34.849678,-39.402901,-67.537537
0,103672.00,4.060773,-6.297670,4.823964,1.183704,1.742549,1.616486,-34.849678,-39.402901,-67.537537
0,103696.00,4.640199,-5.744581,3.704019,0.950674,1.321763,1.339247,-34.849678,-39.402901,-67.537537
0,103720.00,4.865864,-5.480009,2.953997,0.707523,0.859431,0.995428,-34.849678,-39.402901,-67.537537
0,103744.00,4.820372,-5.138817,2.815126,0.414039,0.450363,0.586626,-34.849678,-39.402901,-67.537537
0,103768.00,4.903575,-5.393214,2.455977,-0.137510,-0.208246,-0.220857,-17.862648,-36.075546,-100.544609
0,103792.00,5.071776,-5.165753,2.709177,-0.433392,-0.637022,-0.565475,-17.862648,-36.075546,-100.544609
0,103816.00,4.687487,-5.286068,3.318533,-0.668553,-1.164336,-0.881863,-17.862648,-36.075546,-100.544609
0,103840.00,3.880002,-5.745180,4.358866,-0.934873,-1.667148,-1.171886,-17.862648,-36.075546,-100.544609
0,103864.00,3.207197,-6.088167,5.600323,-1.229689,-2.099919,-1.439271,-17.862648,-36.075546,-100.544609
0,103888.00,1.943592,-7.014770,8.651290,-1.770319,-2.873579,-1.965254,53.763069,87.737129,-15.741833
0,103912.00,1.161247,-7.700145,10.492525,-1.978049,-3.232845,-2.195354,53.763069,87.737129,-15.741833
0,103936.00,-0.419605,-8.395098,12.882060,-2.178322,-3.497567,-2.379381,53.763069,87.737129,-15.741833
0,103960.00,-1.899297,-9.062515,15.172231,-2.337049,-3.641646,-2.507748,53.763069,87.737129,-15.741833
0,103984.00,-3.611239,-9.090649,17.416311,-2.440913,-3.687187,-2.556484,53.763069,87.737129,-15.741833
0,104008.00,-6.794492,-8.269396,19.219236,-2.391112,-3.224322,-2.488573,-38.527283,62.694393,-11.510157
0,104032.00,-7.750426,-7.309272,18.857693,-2.235847,-2.849344,-2.417732,-38.527283,62.694393,-11.510157
0,104056.00,-8.261614,-6.559250,18.176508,-2.015334,-2.483153,-2.307475,-38.527283,62.694393,-11.510157
0,104080.00,-8.653086,-5.281280,17.712608,-1.813996,-2.071422,-2.155939,-38.527283,62.694393,-11.510157
0,104104.00,-9.405502,-3.049770,15.832465,-1.313847,-1.131578,-1.882428,-38.527283,62.694393,-11.510157
0,104128.00,-9.858029,-2.339254,14.709528,-1.023824,-0.708662,-1.678427,-38.527283,62.694393,-11.510157
0,104152.00,-9.598246,-1.437791,13.328003,-0.756438,-0.315573,-1.393464,-24.692484,92.290352,-62.798061
0,104176.00,-9.499479,-0.508195,12.458264,-0.527669,-0.016230,-1.115959,-24.692484,92.290352,-62.798061
0,104200.00,-9.683843,-0.059260,11.978802,-0.308488,0.187239,-0.841383,-24.692484,92.290352,-62.798061
0,104224.00,-10.659529,0.444746,13.466874,0.164230,0.368869,-0.036030,-24.692484,92.290352,-62.798061
0,104248.00,-11.516697,0.053274,14.807096,0.489674,0.521471,0.401534,-24.692484,92.290352,-62.798061
0,104272.00,-12.185312,-1.105579,15.715742,0.796741,0.846381,0.764528,93.691345,90.188866,-88.188110
0,104296.00,-11.948873,-1.783173,16.832096,1.030037,1.328421,1.120598,93.691345,90.188866,-88.188110
0,104320.00,-11.462226,-2.539180,18.028061,1.259871,1.865855,1.426334,93.691345,90.188866,-88.188110
0,104344.00,-11.628632,-6.627488,19.614300,1.822340,2.898378,1.862300,93.691345,90.188866,-88.188110
0,104368.00,-10.312352,-8.950581,19.614300,1.988257,3.427823,2.181085,93.691345,90.188866,-88.188110
0,104392.00,-8.540553,-9.896937,19.614300,1.973077,3.925042,2.565917,-68.998856,82.308281,-94.450996
0,104416.00,-6.452104,-10.559566,18.425518,1.971213,4.213734,2.909204,-68.998856,82.308281,-94.450996
0,104440.00,-4.454041,-11.070754,16.772837,1.987458,4.222256,3.162475,-68.998856,82.308281,-94.450996
0,104464.00,-0.001796,-10.548193,12.097919,1.852966,3.742613,3.548639,-68.998856,82.308281,-94.450996
0,104488.00,2.116582,-9.049945,9.930457,1.722203,3.301587,3.613355,-68.998856,82.308281,-94.450996
0,104512.00,3.989542,-7.818066,7.642083,1.599696,2.804101,3.418408,-35.550175,-46.758110,-84.464241
0,104536.00,4.833541,-6.883082,6.352141,1.417799,2.235241,3.017330,-35.550175,-46.758110,-84.464241
0,104560.00,4.633017,-6.215066,5.515923,1.220989,1.707128,2.530231,-35.550175,-46.758110,-84.464241
0,104584.00,4.079329,-5.740990,4.320557,0.801002,0.959035,1.575207,-35.550175,-46.758110,-84.464241
0,104608.00,4.254713,-5.325574,3.762081,0.518170,0.732663,1.099559,-35.550175,-46.758110,-84.464241
0,104632.00,4.430098,-4.959243,3.396348,0.233207,0.493774,0.633232,-35.550175,-46.758110,-84.464241
0,104656.00,4.602489,-4.721606,3.138360,-0.024591,0.217067,0.183950,27.144220,70.925224,-74.985291
0,104680.00,4.611467,-4.665340,2.986320,-0.237114,-0.138204,-0.216329,27.144220,70.925224,-74.985291
0,104704.00,4.571961,-4.373232,3.459798,-0.673879,-1.026915,-0.905566,27.144220,70.925224,-74.985291
0,104728.00,4.161933,-4.729987,4.155947,-0.874951,-1.522803,-1.257375,27.144220,70.925224,-74.985291
0,104752.00,3.578915,-5.233992,5.347124,-1.123161,-2.010169,-1.618771,27.144220,70.925224,-74.985291
0,104776.00,2.571504,-6.015738,6.949524,-1.371372,-2.469837,-1.942350,63.570015,-36.250668,-12.695026
0,104800.00,1.754441,-6.907025,8.521398,-1.614788,-2.830435,-2.217725,63.570015,-36.250668,-12.695026
0,104824.00,0.255594,-8.519004,12.460060,-2.108546,-3.449363,-2.708287,63.570015,-36.250668,-12.695026
0,104848.00,-1.463530,-9.151105,15.124344,-2.294704,-3.696242,-2.883526,63.570015,-36.250668,-12.695026
0,104872.00,-3.571732,-9.926268,17.312157,-2.335983,-3.829135,-2.962889,63.570015,-36.250668,-12.695026
0,104896.00,-4.885618,-10.339289,18.636818,-2.340511,-3.737255,-2.886721,2.977108,64.270508,-60.766857
0,104920.00,-6.164186,-9.585076,19.301840,-2.372469,-3.448830,-2.741843,2.977108,64.270508,-60.766857
0,104944.00,-7.903064,-7.449938,18.957058,-2.163674,-2.869318,-2.437173,2.977108,64.270508,-60.766857
0,104968.00,-8.816499,-6.176158,19.065401,-1.908007,-2.603796,-2.251281,2.977108,64.270508,-60.766857
0,104992.00,-9.509655,-5.122057,18.614071,-1.623577,-2.196326,-2.041421,2.977108,64.270508,-60.766857
0,105016.00,-10.115419,-4.036231,17.494125,-1.392677,-1.633858,-1.844877,23.991989,15.936284,46.209896
0,105040.00,-10.420096,-2.885160,16.167671,-1.176692,-1.041562,-1.637414,23.991989,15.936284,46.209896
0,105064.00,-9.785003,-0.912836,12.777308,-0.690125,-0.118763,-1.162565,23.991989,15.936284,46.209896
0,105088.00,-9.143324,0.087393,11.414340,-0.499706,0.097755,-0.867216,23.991989,15.936284,46.209896
0,105112.00,-8.986495,1.102586,11.092303,-0.315945,0.150221,-0.534315,23.991989,15.936284,46.209896
0,105136.00,-9.229519,1.363567,11.240152,-0.051489,0.117197,-0.175582,23.991989,15.936284,46.209896
0,105160.00,-10.220171,1.305505,11.687292,0.189531,0.083108,0.140273,-4.202976,78.805801,-38.592880
0,105184.00,-13.564443,0.402845,16.008448,0.733356,0.385648,0.573044,-4.202976,78.805801,-38.592880
0,105208.00,-15.194378,-2.437422,18.052004,1.186633,0.951578,0.900351,-4.202976,78.805801,-38.592880
0,105232.00,-15.115964,-5.151387,19.614300,1.489972,1.769980,1.416480,-4.202976,78.805801,-38.592880
0,105256.00,-12.816216,-6.662804,19.614300,1.700365,2.543640,2.084677,-4.202976,78.805801,-38.592880
0,105280.00,-10.005878,-7.558880,19.614300,1.829797,3.130077,2.614920,-29.070585,-3.152232,-31.145130
0,105304.00,-5.362088,-9.310328,19.209660,2.181073,3.531954,3.276726,-29.070585,-3.152232,-31.145130
0,105328.00,-3.800390,-9.831692,18.757730,2.292661,3.511980,3.421870,-29.070585,-3.152232,-31.145130
0,105352.00,-2.476928,-10.239923,18.046616,2.349121,3.453123,3.469009,-29.070585,-3.152232,-31.145130
0,105376.00,-1.120543,-9.978344,16.772837,2.337403,3.390272,3.416012,-29.070585,-3.152232,-31.145130
0,105400.00,0.369324,-9.556344,15.050120,2.284671,3.331415,3.209613,-10.507441,15.060664,-9.140419
0,105424.00,3.483741,-8.538757,10.415308,2.057500,3.012896,2.520910,-10.507441,15.060664,-9.140419
0,105448.00,4.573158,-8.142496,7.987464,1.861489,2.651500,2.180552,-10.507441,15.060664,-9.140419
0,105472.00,5.217231,-7.694159,5.960669,1.606354,2.183841,1.874018,-10.507441,15.060664,-9.140419
0,105496.00,5.619478,-7.059663,4.534251,1.321391,1.679697,1.584794,-10.507441,15.060664,-9.140419
0,105520.00,5.676343,-6.466470,3.733948,1.042554,1.182744,1.236980,-10.507441,15.060664,-9.140419
0,105544.00,5.935528,-5.863699,2.249467,0.405250,0.491377,0.490218,-35.199924,26.093477,-62.120995
0,105568.00,6.237213,-5.521310,1.925036,0.048381,0.208278,0.077955,-35.199924,26.093477,-62.120995
0,105592.00,6.474850,-5.127444,1.692188,-0.289846,-0.195463,-0.331380,-35.199924,26.093477,-62.120995
0,105616.00,6.174362,-4.790443,2.157286,-0.588923,-0.750474,-0.732458,-35.199924,26.093477,-62.120995
0,105640.00,5.168148,-5.243569,3.070122,-0.826481,-1.372864,-1.091191,-35.199924,26.093477,-62.120995
0,105664.00,3.121599,-6.230629,6.116300,-1.431826,-2.381419,-1.607319,51.136208,-7.355208,17.603769
0,105688.00,2.446999,-6.743613,7.749228,-1.739160,-2.762257,-1.859524,51.136208,-7.355208,17.603769
0,105712.00,1.545536,-7.189556,10.002287,-2.005480,-3.145225,-2.153542,51.136208,-7.355208,17.603769
0,105736.00,0.107745,-8.125736,12.244572,-2.208416,-3.465608,-2.430249,51.136208,-7.355208,17.603769
0,105760.00,-1.756835,-9.221139,14.829244,-2.402297,-3.645641,-2.619070,51.136208,-7.355208,17.603769
0,105784.00,-4.615059,-9.410291,18.041229,-2.614820,-3.513546,-2.660882,76.704315,89.663490,30.468063
0,105808.00,-4.780267,-9.302547,17.941864,-2.602304,-3.321529,-2.583117,76.704315,89.663490,30.468063
0,105832.00,-5.537472,-8.317282,18.876249,-2.604967,-3.217132,-2.494432,76.704315,89.663490,30.468063
0,105856.00,-6.863329,-7.948556,19.528105,-2.393242,-3.211539,-2.349287,76.704315,89.663490,30.468063
0,105880.00,-8.393302,-7.285927,19.614300,-2.160212,-3.097820,-2.090158,76.704315,89.663490,30.468063
0,105904.00,-9.710179,-3.439446,18.702063,-1.810800,-1.985401,-1.623831,-28.720337,-16.811905,-11.171623
0,105928.00,-9.591660,-2.063907,17.263672,-1.536224,-1.305219,-1.534081,-28.720337,-16.811905,-11.171623
0,105952.00,-9.146915,-0.968504,15.561308,-1.231820,-0.716119,-1.428885,-28.720337,-16.811905,-11.171623
0,105976.00,-8.541151,-0.206510,13.812255,-0.936471,-0.275892,-1.308242,-28.720337,-16.811905,-11.171623
0,106000.00,-8.167637,0.451929,12.709669,-0.655769,-0.042595,-1.131938,-28.720337,-16.811905,-11.171623
0,106024.00,-9.377968,0.903857,12.737204,-0.077056,0.094826,-0.557219,9.281572,29.595957,-9.986753
0,106048.00,-10.184256,0.701537,13.262757,0.190862,0.203751,-0.152146,9.281572,29.595957,-9.986753
0,106071.00,-11.013290,1.204943,14.945967,0.413772,0.404290,0.247068,9.281572,29.595957,-9.986753
0,106095.00,-12.227811,0.577631,16.772837,0.762652,0.764355,0.555200,9.281572,29.595957,-9.986753
0,106119.00,-12.496574,-1.359377,17.335503,1.183171,1.334813,0.863333,9.281572,29.595957,-9.986753
0,106143.00,-10.033414,-4.033837,17.020050,1.526991,2.566277,1.541650,24.342237,118.558952,-5.585812
0,106167.00,-8.448970,-5.421946,16.404110,1.737383,2.839788,1.900383,24.342237,118.558952,-5.585812
0,106191.00,-7.247618,-6.517349,16.082073,1.872141,2.952175,2.185346,24.342237,118.558952,-5.585812
0,106215.00,-6.214467,-7.500818,15.693595,1.972811,2.988128,2.455395,24.342237,118.558952,-5.585812
0,106239.00,-4.974207,-8.010210,15.076458,2.023678,2.971616,2.687360,24.342237,118.558952,-5.585812
0,106263.00,-2.593053,-8.091617,14.434180,2.003171,2.753766,2.689756,52.362076,46.758110,37.746544
0,106287.00,-2.126159,-8.546538,15.081246,1.985327,2.568674,2.509990,52.362076,46.758110,37.746544
0,106311.00,-1.818489,-9.193604,15.786375,1.953103,2.495702,2.291608,52.362076,46.758110,37.746544
0,106335.00,-1.564092,-9.845459,15.796551,1.932596,2.553494,2.093998,52.362076,46.758110,37.746544
0,106359.00,-0.529146,-9.822713,14.503615,1.900904,2.683192,1.980546,52.362076,46.758110,37.746544
0,106383.00,2.488899,-8.858997,9.346243,1.646036,2.833396,1.750978,52.362076,46.758110,37.746544
0,106407.00,4.690480,-7.859966,6.298268,1.360008,2.709025,1.593050,-8.230828,-5.428844,-92.250519
0,106431.00,5.904402,-6.571820,4.300205,0.993818,2.324725,1.388250,-8.230828,-5.428844,-92.250519
0,106455.00,6.662804,-5.862502,2.536187,0.697137,1.762789,1.220202,-8.230828,-5.428844,-92.250519
0,106479.00,7.881515,-4.809598,1.197760,0.369031,1.140931,1.067334,-8.230828,-5.428844,-92.250519
0,106503.00,7.747433,-3.235330,1.426418,-0.241109,-0.258048,0.301397,-8.230828,-5.428844,-92.250519
0,106527.00,6.528123,-3.335293,2.704987,-0.460823,-0.952079,-0.248554,19.613888,100.871429,-146.246704
0,106551.00,4.653368,-4.372035,4.178693,-0.664558,-1.454358,-0.742045,19.613888,100.871429,-146.246704
0,106575.00,3.349659,-4.981390,5.451875,-0.936471,-1.759295,-1.051243,19.613888,100.871429,-146.246704
0,106599.00,2.751677,-5.211844,6.402421,-1.232885,-1.990461,-1.287735,19.613888,100.871429,-146.246704
0,106623.00,1.406665,-6.262952,9.114592,-1.714925,-2.637619,-1.826501,19.613888,100.871429,-146.246704
0,106647.00,-0.014965,-7.124310,11.071353,-1.869390,-3.024582,-2.031567,11.383060,-36.951164,-123.395653
0,106671.00,-1.673034,-7.728877,13.251983,-2.033976,-3.282913,-2.136231,11.383060,-36.951164,-123.395653
0,106695.00,-2.846252,-8.074857,14.810688,-2.161277,-3.359613,-2.140226,11.383060,-36.951164,-123.395653
0,106719.00,-3.426876,-7.978485,15.754051,-2.263544,-3.322328,-2.113860,11.383060,-36.951164,-123.395653
0,106743.00,-5.072375,-6.936954,17.310362,-2.342375,-3.130578,-2.214529,11.383060,-36.951164,-123.395653
0,106767.00,-6.139046,-6.684952,17.827536,-2.239575,-2.961464,-2.316796,-159.888214,-9.631821,-132.536072
0,106791.00,-6.967482,-6.562841,17.955631,-2.100823,-2.691416,-2.361538,-159.888214,-9.631821,-132.536072
0,106815.00,-7.523564,-5.704476,17.861654,-1.971391,-2.316969,-2.347423,-159.888214,-9.631821,-132.536072
0,106839.00,-8.000034,-4.384605,17.306770,-1.807604,-1.888194,-2.334373,-159.888214,-9.631821,-132.536072
0,106863.00,-9.357017,-2.780408,15.153076,-1.279758,-1.063933,-2.251814,-159.888214,-9.631821,-132.536072
0,106887.00,-9.725144,-2.282988,13.861938,-1.044597,-0.708928,-2.016121,-159.888214,-9.631821,-132.536072
0,106911.00,-9.755672,-1.232478,12.879067,-0.852580,-0.471903,-1.609983,-202.093094,15.060664,-123.564919
0,106935.00,-10.237530,-0.022746,12.848539,-0.647780,-0.388279,-1.132204,-202.093094,15.060664,-123.564919
0,106959.00,-11.542436,0.906252,13.632082,-0.361486,-0.372033,-0.611282,-202.093094,15.060664,-123.564919
0,106983.00,-14.746639,1.119346,15.957569,0.302717,0.156080,0.360787,-202.093094,15.060664,-123.564919
0,107007.00,-15.116563,0.500414,16.938044,0.606588,0.787258,0.766658,-202.093094,15.060664,-123.564919
0,107031.00,-14.629916,-0.402246,17.662926,0.905399,1.503926,1.135246,22.240749,63.570015,15.064764
0,107055.00,-13.638666,-1.828066,18.279465,1.225250,2.149752,1.468146,22.240749,63.570015,15.064764
0,107079.00,-12.586361,-3.663315,18.763716,1.526724,2.706361,1.768555,22.240749,63.570015,15.064764
0,107103.00,-9.959788,-7.616343,18.859489,1.922476,3.573766,2.334219,22.240749,63.570015,15.064764
0,107127.00,-8.123342,-9.109204,18.283056,1.986393,3.785757,2.642884,22.240749,63.570015,15.064764
0,107151.00,-6.222249,-10.321331,17.406136,2.001573,3.804666,2.976317,-16.111408,9.806944,-20.312042
0,107175.00,-4.263692,-10.561362,16.538792,1.975207,3.645140,3.277259,-16.111408,9.806944,-20.312042
0,107199.00,-1.226492,-10.400942,15.238673,1.932330,3.024880,3.460221,-16.111408,9.806944,-20.312042
0,107223.00,0.168201,-9.517437,14.025350,1.888121,2.803302,3.353959,-16.111408,9.806944,-20.312042
0,107247.00,1.231880,-8.911673,12.844350,1.820475,2.708492,3.027717,-16.111408,9.806944,-20.312042
0,107271.00,2.408690,-8.410062,10.889384,1.704892,2.694111,2.555531,-16.111408,9.806944,-20.312042
0,107295.00,4.112251,-7.417016,8.587242,1.533649,2.600100,2.075888,25.042732,139.573837,36.730942
0,107319.00,6.221650,-6.222249,4.703649,1.137098,1.959333,1.265743,25.042732,139.573837,36.730942
0,107343.00,6.267741,-5.305821,3.996126,0.906997,1.448265,0.904612,25.042732,139.573837,36.730942
0,107367.00,5.718244,-5.172936,3.481347,0.681957,0.962763,0.540286,25.042732,139.573837,36.730942
0,107391.00,5.278885,-4.707241,3.077305,0.395130,0.594443,0.238812,25.042732,139.573837,36.730942
0,107415.00,5.845143,-4.242742,2.098625,0.105640,0.275924,-0.047216,27.844717,-66.722244,-68.214607
0,107439.00,5.659583,-3.975176,2.007042,-0.456029,-0.805336,-0.727664,27.844717,-66.722244,-68.214607
0,107463.00,4.995757,-4.263093,2.946215,-0.698647,-1.484719,-1.001974,27.844717,-66.722244,-68.214607
0,107487.00,4.209221,-4.778471,4.227777,-0.970027,-2.089798,-1.249651,27.844717,-66.722244,-68.214607
0,107511.00,3.407123,-5.537472,5.763137,-1.272034,-2.581692,-1.506118,27.844717,-66.722244,-68.214607
0,107535.00,2.827696,-6.444322,7.188358,-1.574574,-3.007005,-1.745007,-76.354065,-59.542160,-17.265236
0,107559.00,1.308498,-8.505835,11.393390,-2.203356,-3.773741,-2.274451,-76.354065,-59.542160,-17.265236
0,107583.00,-0.175983,-9.367791,14.207318,-2.481128,-4.078677,-2.462473,-76.354065,-59.542160,-17.265236
0,107607.00,-1.850812,-9.841269,17.133780,-2.654502,-4.272292,-2.544766,-76.354065,-59.542160,-17.265236
0,107631.00,-4.019471,-10.061546,19.614300,-2.716289,-4.270428,-2.572464,-76.354065,-59.542160,-17.265236
0,107655.00,-5.594337,-9.924472,19.614300,-2.688325,-3.991324,-2.511743,-39.402901,3.677604,-92.927589
0,107679.00,-7.176387,-7.134486,19.614300,-2.584993,-2.975047,-2.374321,-39.402901,3.677604,-92.927589
0,107703.00,-7.821058,-5.258533,19.614300,-2.273398,-2.528960,-2.456614,-39.402901,3.677604,-92.927589
0,107727.00,-8.927236,-4.641397,19.614300,-1.835568,-2.009370,-2.632386,-39.402901,3.677604,-92.927589
0,107751.00,-9.728137,-4.270875,18.865475,-1.477101,-1.263141,-2.692041,-39.402901,3.677604,-92.927589
0,107775.00,-9.488705,-3.730955,16.357422,-1.170300,-0.463381,-2.527722,-39.402901,3.677604,-92.927589
0,107799.00,-7.655850,-2.193201,11.460430,-0.713561,0.231182,-1.951671,23.466616,17.512400,-107.653824
0,107823.00,-8.003027,-2.027394,10.341682,-0.472009,0.044491,-1.603591,23.466616,17.512400,-107.653824
0,107847.00,-9.553351,-1.925036,10.810371,-0.296504,-0.178419,-1.138330,23.466616,17.512400,-107.653824
0,107871.00,-10.954630,-1.577859,11.103078,-0.153223,-0.209312,-0.587047,23.466616,17.512400,-107.653824
0,107895.00,-12.594143,-1.255224,11.805213,-0.022194,-0.089201,-0.106605,23.466616,17.512400,-107.653824
0,107919.00,-16.416681,-1.740075,16.071898,0.370628,0.646109,0.620981,-8.230828,64.620758,-112.562561
0,107943.00,-16.869207,-3.863840,17.479761,0.742411,1.410447,1.139507,-8.230828,64.620758,-112.562561
0,107967.00,-15.021987,-5.145401,17.565357,0.954402,2.326855,1.765892,-8.230828,64.620758,-112.562561
0,107991.00,-12.260733,-5.632647,17.509689,1.128842,2.936462,2.317707,-8.230828,64.620758,-112.562561
0,108015.00,-10.363831,-6.777732,17.802994,1.395428,3.140197,2.742754,-8.230828,64.620758,-112.562561
0,108039.00,-7.654054,-9.831093,18.458441,1.753629,3.315968,3.466346,59.892410,22.766121,-72.107750
0,108063.00,-5.822995,-10.448230,18.001123,1.764016,3.375624,3.936401,59.892410,22.766121,-72.107750
0,108087.00,-3.626203,-9.436029,17.216984,1.762151,3.318631,4.265306,59.892410,22.766121,-72.107750
0,108111.00,-1.671238,-8.709352,16.212564,1.864685,3.106907,4.253322,59.892410,22.766121,-72.107750
0,108135.00,-0.751219,-8.935616,15.573280,1.956831,2.858430,3.978746,59.892410,22.766121,-72.107750
0,108159.00,0.663826,-8.882342,12.591748,1.857494,2.675735,3.125190,120.660439,-12.433805,-15.741833
0,108183.00,1.210331,-8.803329,10.901955,1.743243,2.583322,2.721448,120.660439,-12.433805,-15.741833
0,108207.00,1.904086,-8.696782,8.841639,1.569335,2.485582,2.358188,120.660439,-12.433805,-15.741833
0,108231.00,3.056354,-8.146088,6.674776,1.362671,2.282113,2.104385,120.660439,-12.433805,-15.741833
0,108255.00,4.391788,-7.191351,4.659354,1.107004,1.967057,1.866827,120.660439,-12.433805,-15.741833
0,108279.00,5.334553,-5.637435,2.308727,0.590875,1.000847,1.266808,67.422745,9.281572,-14.726231
0,108303.00,5.813418,-5.211246,1.649090,0.346393,0.572604,0.931511,67.422745,9.281572,-14.726231
0,108327.00,6.255769,-4.419323,1.194767,0.024412,0.172325,0.505665,67.422745,9.281572,-14.726231
0,108351.00,6.213869,-3.874614,1.283358,-0.297036,-0.319568,-0.044819,67.422745,9.281572,-14.726231
0,108375.00,5.723631,-3.777046,2.008838,-0.570281,-0.864992,-0.634186,67.422745,9.281572,-14.726231
0,108399.00,3.835706,-4.731782,4.363655,-1.122362,-1.868486,-1.572165,-14.185044,-6.829836,13.710629
0,108423.00,2.766641,-5.449481,5.913381,-1.394808,-2.285544,-1.909060,-14.185044,-6.829836,13.710629
0,108447.00,2.123765,-6.025914,7.459516,-1.663525,-2.650669,-2.176445,-14.185044,-6.829836,13.710629
0,108471.00,1.372546,-6.315628,9.380362,-1.921057,-3.032572,-2.446760,-14.185044,-6.829836,13.710629
0,108495.00,0.441753,-7.350574,11.209026,-2.101089,-3.398229,-2.694438,-14.185044,-6.829836,13.710629
0,108519.00,-2.766641,-9.458776,15.965949,-2.473937,-3.812624,-2.981531,59.542160,52.186954,-73.461884
0,108543.00,-3.628597,-9.910106,17.555780,-2.598042,-3.774007,-2.964487,59.542160,52.186954,-73.461884
0,108567.00,-4.869456,-9.658702,18.690090,-2.689124,-3.642179,-2.917614,59.542160,52.186954,-73.461884
0,108591.00,-6.016337,-9.480924,19.614300,-2.655568,-3.524199,-2.826799,59.542160,52.186954,-73.461884
0,108615.00,-6.766957,-8.550729,19.614300,-2.509890,-3.368934,-2.610281,59.542160,52.186954,-73.461884
0,108639.00,-8.648297,-5.648210,19.614300,-2.021193,-2.563848,-2.337569,59.542160,52.186954,-73.461884
0,108663.00,-9.473142,-4.363655,18.912764,-1.736497,-1.897781,-2.303746,3.677604,28.194965,-116.963509
0,108687.00,-9.901127,-2.938434,17.624617,-1.450735,-1.171260,-2.229443,3.677604,28.194965,-116.963509
0,108711.00,-9.855635,-1.666449,16.106016,-1.124227,-0.520374,-2.108001,3.677604,28.194965,-116.963509
0,108735.00,-9.831692,-1.016390,14.203128,-0.742856,-0.039133,-1.955932,3.677604,28.194965,-116.963509
0,108759.00,-10.441047,-0.860759,11.473001,-0.195835,0.408018,-1.421162,3.677604,28.194965,-116.963509
0,108783.00,-11.204836,-0.662031,11.554408,-0.042168,0.483121,-0.963624,-177.225494,45.882488,-91.065651
0,108807.00,-12.158376,-0.725480,12.539672,0.144523,0.542510,-0.463474,-177.225494,45.882488,-91.065651
0,108831.00,-13.317228,-1.180402,13.839191,0.418300,0.655164,0.036941,-177.225494,45.882488,-91.065651
0,108855.00,-14.816075,-2.267425,15.862394,0.719508,0.966492,0.524840,-177.225494,45.882488,-91.065651
0,108879.00,-14.577241,-5.869685,18.105278,1.236169,2.413143,1.532063,-177.225494,45.882488,-91.065651
0,108903.00,-12.283479,-7.075825,18.166931,1.321125,3.218229,2.010640,5.253720,25.217857,41.301151
0,108927.00,-10.019646,-8.210136,17.649757,1.417533,3.693610,2.424235,5.253720,25.217857,41.301151
0,108951.00,-8.293339,-9.194203,17.309164,1.471862,3.874442,2.772049,5.253720,25.217857,41.301151
0,108975.00,-6.534708,-10.292599,16.532207,1.535513,3.850473,3.187775,5.253720,25.217857,41.301151
0,108999.00,-2.359606,-10.093870,15.021987,1.517403,3.269895,4.116167,5.253720,25.217857,41.301151
0,109023.00,-0.198130,-9.286983,14.605973,1.557884,2.799307,4.253855,70.049599,35.024799,-157.079788
0,109047.00,0.764388,-8.389112,14.051088,1.648166,2.373461,4.131348,70.049599,35.024799,-157.079788
0,109071.00,1.486875,-7.791728,12.941918,1.681190,2.205147,3.687125,70.049599,35.024799,-157.079788
0,109095.00,1.969930,-7.675004,11.733383,1.588777,2.188102,3.024255,70.049599,35.024799,-157.079788
0,109119.00,3.910529,-7.317652,7.340996,1.216195,2.073318,1.980279,70.049599,35.024799,-157.079788
0,109143.00,5.246562,-6.643650,5.081952,1.020982,1.768914,1.733401,70.049599,35.024799,-157.079788
0,109167.00,6.176756,-5.676941,3.250893,0.830031,1.281549,1.511822,25.918352,70.049599,-86.664711
0,109191.00,6.582594,-4.954454,2.376965,0.604724,0.708694,1.176259,25.918352,70.049599,-86.664711
0,109215.00,6.229432,-4.721008,2.260840,0.339203,0.196560,0.738695,25.918352,70.049599,-86.664711
0,109239.00,5.909191,-4.429499,2.390134,-0.208884,-0.553930,-0.192893,25.918352,70.049599,-86.664711
0,109263.00,5.354905,-4.665938,2.913293,-0.472275,-0.931039,-0.676264,25.918352,70.049599,-86.664711
0,109287.00,4.612066,-5.007130,3.721378,-0.718621,-1.331585,-1.106105,140.099197,-120.135071,-29.452461
0,109311.00,3.732152,-5.607506,4.637805,-0.970027,-1.707096,-1.455783,140.099197,-120.135071,-29.452461
0,109335.00,3.134170,-6.163588,5.694899,-1.242473,-2.055177,-1.733555,140.099197,-120.135071,-29.452461
0,109359.00,1.877150,-7.601978,8.995474,-1.765526,-2.866388,-2.211600,140.099197,-120.135071,-29.452461
0,109383.00,0.785338,-8.535166,11.120437,-1.992963,-3.274923,-2.412672,140.099197,-120.135071,-29.452461
0,109407.00,-0.942166,-9.119979,13.908028,-2.245168,-3.535917,-2.567936,2.977108,-27.494469,14.049162
0,109431.00,-2.895935,-9.419270,16.688437,-2.415879,-3.636586,-2.656354,2.977108,-27.494469,14.049162
0,109455.00,-5.140014,-9.092444,18.975615,-2.481394,-3.561750,-2.704292,2.977108,-27.494469,14.049162
0,109479.00,-7.088994,-8.071864,18.800230,-2.277925,-2.842952,-2.491502,2.977108,-27.494469,14.049162
0,109503.00,-7.675603,-6.383267,18.358477,-2.220667,-2.474897,-2.378050,2.977108,-27.494469,14.049162
0,109527.00,-8.769809,-5.231597,18.290239,-1.985772,-2.299392,-2.330112,2.977108,-27.494469,14.049162
0,109551.00,-10.472174,-4.445661,18.028061,-1.666721,-2.041861,-2.180440,88.612747,2.451736,0.000000
0,109575.00,-11.244343,-3.265857,17.074520,-1.412918,-1.522803,-1.896277,88.612747,2.451736,0.000000
0,109599.00,-10.680479,-0.907449,13.588386,-0.945526,-0.509721,-1.253912,88.612747,2.451736,0.000000
0,109623.00,-10.362035,0.165807,12.394217,-0.710631,-0.258315,-0.959629,88.612747,2.451736,0.000000
0,109647.00,-10.406329,0.632101,11.923134,-0.482928,-0.129416,-0.671470,88.612747,2.451736,0.000000
0,109671.00,-10.973784,0.792521,12.191298,-0.282122,-0.042862,-0.315400,-87.912247,86.161011,-95.805130
0,109695.00,-11.865669,0.747029,13.336982,-0.054152,0.070058,0.109647,-87.912247,86.161011,-95.805130
0,109719.00,-13.225047,-0.492034,16.423864,0.555188,0.740919,0.843891,-87.912247,86.161011,-95.805130
0,109743.00,-13.842782,-1.907677,18.177706,0.901937,1.295131,1.142436,-87.912247,86.161011,-95.805130
0,109767.00,-13.606343,-3.887783,19.101915,1.216461,2.015261,1.507561,-87.912247,86.161011,-95.805130
0,109791.00,-12.397209,-5.026883,19.458670,1.440170,2.729531,1.952582,-6.654712,59.892410,-68.383873
0,109815.00,-8.688402,-7.690568,18.041229,2.012492,3.508784,2.581630,-6.654712,59.892410,-68.383873
0,109839.00,-7.410432,-8.884138,17.701235,2.066555,3.596137,2.801345,-6.654712,59.892410,-68.383873
0,109863.00,-5.782292,-9.376770,16.823116,2.062028,3.623035,3.128652,-6.654712,59.892410,-68.383873
0,109887.00,-4.280452,-9.254061,15.595428,2.036461,3.561249,3.417077,-6.654712,59.892410,-68.383873
0,109911.00,-2.567912,-8.961953,14.503017,1.995714,3.382815,3.522273,46.582985,10.157192,40.285549
0,109935.00,-0.277143,-8.330451,11.833945,1.850836,2.887193,3.250360,46.582985,10.157192,40.285549
0,109959.00,0.650657,-7.715109,10.684071,1.681456,2.691714,2.969925,46.582985,10.157192,40.285549
0,109983.00,1.545536,-7.301490,9.045755,1.532850,2.470402,2.640754,46.582985,10.157192,40.285549
0,110007.00,2.187215,-6.897448,7.400256,1.371726,2.152416,2.331023,46.582985,10.157192,40.285549
0,110031.00,2.773226,-6.352141,6.118096,1.182372,1.769181,2.045794,46.582985,10.157192,40.285549
0,110055.00,3.869227,-5.446488,4.103871,0.783425,1.054910,1.326996,-62.869518,64.971008,-110.192825
0,110079.00,4.152955,-4.995757,3.364623,0.510180,0.769415,0.930179,-62.869518,64.971008,-110.192825
0,110103.00,4.779669,-4.517490,2.664284,0.247855,0.512150,0.526438,-62.869518,64.971008,-110.192825
0,110127.00,5.486593,-4.136194,1.952571,0.031603,0.161140,0.092336,-62.869518,64.971008,-110.192825
0,110151.00,5.737997,-3.942852,1.637717,-0.190508,-0.350461,-0.370262,-62.869518,64.971008,-110.192825
0,110175.00,4.283445,-4.741360,2.995299,-0.707968,-1.528662,-1.237933,18.388020,19.438765,-139.645279
0,110199.00,3.339483,-5.225612,4.203235,-1.009709,-1.993124,-1.551392,18.388020,19.438765,-139.645279
0,110223.00,2.856428,-5.654794,5.521909,-1.328761,-2.388343,-1.828631,18.388020,19.438765,-139.645279
0,110247.00,2.227918,-6.110913,7.176985,-1.635029,-2.763588,-2.146085,18.388020,19.438765,-139.645279
0,110271.00,1.350399,-7.088994,9.215752,-1.890430,-3.154280,-2.490171,18.388020,19.438765,-139.645279
0,110295.00,-2.044752,-9.576097,13.793699,-2.325597,-3.701302,-2.848371,51.836704,-8.756200,-179.761566
0,110319.00,-2.450590,-10.048977,15.460747,-2.501368,-3.767882,-2.694705,51.836704,-8.756200,-179.761566
0,110343.00,-3.135966,-9.632963,17.330713,-2.646779,-3.824075,-2.574328,51.836704,-8.756200,-179.761566
0,110367.00,-4.377422,-9.927464,19.064802,-2.647045,-3.852571,-2.496829,51.836704,-8.756200,-179.761566
0,110391.00,-6.561644,-9.652716,19.614300,-2.664622,-3.682127,-2.324786,51.836704,-8.756200,-179.761566
0,110415.00,-8.392703,-5.903205,19.614300,-2.384986,-2.747875,-1.976705,2.276612,58.666542,-152.848114
0,110439.00,-9.356419,-4.489955,19.614300,-2.094697,-2.165433,-2.119986,2.276612,58.666542,-152.848114
0,110463.00,-10.306965,-3.334694,18.986986,-1.785500,-1.478327,-2.329313,2.276612,58.666542,-152.848114
0,110487.00,-10.834913,-2.981532,17.339094,-1.402265,-0.774177,-2.336504,2.276612,58.666542,-152.848114
0,110511.00,-10.599671,-1.923241,15.190786,-1.104519,-0.165369,-2.084565,2.276612,58.666542,-152.848114
0,110535.00,-10.321331,0.131688,11.647786,-0.537523,0.255683,-1.440603,-12.083556,18.388020,-23.866650
0,110559.00,-11.357474,-0.049682,11.324553,-0.292509,0.225855,-1.078940,-12.083556,18.388020,-23.866650
0,110583.00,-12.155383,-0.045492,11.533457,-0.104487,0.232247,-0.554822,-12.083556,18.388020,-23.866650
0,110607.00,-12.737204,0.152638,12.679141,0.104308,0.244764,0.050524,-12.083556,18.388020,-23.866650
0,110631.00,-13.880493,-0.353163,14.328232,0.414838,0.340373,0.627906,-12.083556,18.388020,-23.866650
0,110655.00,-14.147460,-3.133571,16.790794,1.139761,1.335079,1.710497,27.844717,77.579933,36.730942
0,110679.00,-12.347528,-4.556398,17.147549,1.389037,2.038963,2.090536,27.844717,77.579933,36.730942
0,110703.00,-10.736746,-5.590746,17.433071,1.631388,2.546037,2.389347,27.844717,77.579933,36.730942
0,110727.00,-9.562330,-6.906427,17.409128,1.838319,2.892253,2.582429,27.844717,77.579933,36.730942
0,110751.00,-8.355591,-8.413653,17.582716,1.934993,3.178014,2.747282,27.844717,77.579933,36.730942
0,110775.00,-5.719441,-10.053166,17.267263,2.018351,3.415039,3.395771,15.586037,48.159100,-35.715340
0,110799.00,-4.111054,-9.106811,16.751287,2.009030,3.392136,3.568879,15.586037,48.159100,-35.715340
0,110823.00,-3.073114,-9.325891,16.041370,2.083067,3.317832,3.438649,15.586037,48.159100,-35.715340
0,110847.00,-2.052534,-9.629970,14.677204,2.086263,3.289070,3.215472,15.586037,48.159100,-35.715340
0,110871.00,-0.772169,-9.403707,12.992798,1.952837,3.314370,2.949685,15.586037,48.159100,-35.715340
0,110895.00,1.440784,-8.799140,8.973926,1.575194,3.031006,2.504664,15.586037,48.159100,-35.715340
0,110919.00,2.681044,-8.200559,6.815443,1.325120,2.661087,2.358454,30.821825,56.039680,17.603769
0,110943.00,3.830918,-7.080015,5.060403,1.038559,2.200353,2.193069,30.821825,56.039680,17.603769
0,110967.00,4.937694,-5.846939,3.699829,0.763983,1.682627,1.924619,30.821825,56.039680,17.603769
0,110991.00,5.638632,-5.169943,2.527807,0.505120,1.134806,1.572543,30.821825,56.039680,17.603769
0,111015.00,6.194714,-3.497508,1.852009,-0.060544,0.152884,0.633232,30.821825,56.039680,17.603769
0,111039.00,6.195911,-3.214978,1.729300,-0.258686,-0.371501,0.065704,-23.291492,60.768028,-0.846335
0,111063.00,5.381243,-3.411911,2.278199,-0.491450,-0.903076,-0.520467,-23.291492,60.768028,-0.846335
0,111087.00,4.315768,-4.035633,3.174275,-0.739128,-1.389376,-1.008632,-23.291492,60.768028,-0.846335
0,111111.00,3.251492,-4.548018,4.227179,-1.022226,-1.821880,-1.364702,-23.291492,60.768028,-0.846335
0,111135.00,2.229714,-5.263921,6.710092,-1.575373,-2.610454,-1.942350,-23.291492,60.768028,-0.846335
0,111159.00,1.299519,-6.073202,8.766816,-1.801479,-3.016859,-2.303746,82.833656,109.802750,-6.262879
0,111183.00,-0.224468,-7.390679,10.814562,-1.995626,-3.350824,-2.622266,82.833656,109.802750,-6.262879
0,111207.00,-1.484481,-8.386718,13.032304,-2.210813,-3.559886,-2.780992,82.833656,109.802750,-6.262879
0,111231.00,-3.006672,-8.662065,15.244061,-2.402830,-3.623802,-2.860356,82.833656,109.802750,-6.262879
0,111255.00,-5.516522,-9.202583,17.529442,-2.424934,-3.424595,-2.945844,82.833656,109.802750,-6.262879
0,111279.00,-6.194116,-9.040966,17.649158,-2.384454,-3.168928,-2.831593,82.833656,109.802750,-6.262879
0,111303.00,-6.171968,-8.424428,17.561766,-2.314944,-2.950545,-2.615874,-8.581077,118.909203,-20.481308
0,111327.00,-6.379077,-7.230259,17.667715,-2.188176,-2.857333,-2.394295,-8.581077,118.909203,-20.481308
0,111351.00,-7.336208,-6.425766,17.859261,-1.992430,-2.712188,-2.288566,-8.581077,118.909203,-20.481308
0,111375.00,-9.018220,-4.246333,16.750689,-1.588955,-1.759828,-2.084565,-8.581077,118.909203,-20.481308
0,111399.00,-9.136739,-3.058748,15.584054,-1.368708,-1.178451,-2.015588,-8.581077,118.909203,-20.481308
0,111423.00,-9.500676,-1.883136,14.925016,-1.107448,-0.748344,-1.892548,115.231598,74.252579,-58.904922
0,111447.00,-9.954401,-0.981074,14.388688,-0.799050,-0.390676,-1.712782,115.231598,74.252579,-58.904922
0,111471.00,-10.939067,-0.765585,13.934365,-0.485058,-0.052982,-1.477888,115.231598,74.252579,-58.904922
0,111495.00,-11.929119,-0.267566,13.520746,0.032934,0.580061,-0.605423,115.231598,74.252579,-58.904922
0,111519.00,-12.010527,-0.095174,13.918802,0.299255,0.803238,-0.095952,115.231598,74.252579,-58.904922
0,111543.00,-12.461258,-0.952941,14.679000,0.639612,0.994988,0.408458,-96.143082,71.975967,-95.635864
0,111567.00,-12.554038,-2.554743,15.484092,0.968251,1.266102,0.959208,-96.143082,71.975967,-95.635864
0,111591.00,-11.817184,-3.745919,16.185629,1.192759,1.685822,1.496642,-96.143082,71.975967,-95.635864
0,111615.00,-10.548193,-5.848135,17.140963,1.577591,2.490908,2.198662,-96.143082,71.975967,-95.635864
0,111639.00,-9.756270,-7.396066,16.859631,1.772804,2.797709,2.459123,-96.143082,71.975967,-95.635864
0,111663.00,-8.772203,-8.580059,16.601044,1.852434,3.109304,2.752075,-65.496376,45.882488,-12.525759
0,111687.00,-7.135085,-9.403108,15.718735,1.884659,3.358047,3.124125,-65.496376,45.882488,-12.525759
0,111711.00,-5.305821,-9.392932,14.461117,1.848173,3.431019,3.447171,-65.496376,45.882488,-12.525759
0,111735.00,-2.718156,-9.749686,12.987411,1.744574,3.048583,3.565417,-65.496376,45.882488,-12.525759
0,111759.00,-1.655076,-9.304940,12.634846,1.646835,2.777735,3.559292,-65.496376,45.882488,-12.525759
0,111783.00,-0.606961,-8.563299,12.164960,1.582385,2.546303,3.447970,-65.496376,45.882488,-12.525759
0,111807.00,-0.045492,-7.955739,11.294623,1.550427,2.387310,3.183248,143.776810,66.021751,-105.114815
0,111831.00,0.441753,-7.525360,10.071723,1.462275,2.335377,2.784034,143.776810,66.021751,-105.114815
0,111855.00,2.321297,-6.366507,6.332387,1.043620,2.282646,2.013836,143.776810,66.021751,-105.114815
0,111879.00,3.795003,-5.539268,4.750338,0.774103,2.048551,1.694518,143.776810,66.021751,-105.114815
0,111903.00,4.789246,-4.724599,3.557965,0.532018,1.620574,1.402631,143.776810,66.021751,-105.114815
0,111927.00,5.419552,-4.074540,2.808542,0.296591,1.092728,1.068666,55.689434,-68.298363,-14.895497
0,111951.00,5.893029,-3.520254,2.315311,0.061963,0.545440,0.669185,55.689434,-68.298363,-14.895497
0,111975.00,5.705673,-3.043185,2.549356,-0.417413,-0.523836,-0.352152,55.689434,-68.298363,-14.895497
0,111999.00,5.252548,-3.257477,3.225154,-0.631534,-1.084972,-0.858960,55.689434,-68.298363,-14.895497
0,112023.00,4.338514,-3.809968,4.355874,-0.841927,-1.646375,-1.308508,55.689434,-68.298363,-14.895497
0,112047.00,3.221563,-4.686290,5.488389,-1.066968,-2.085271,-1.650197,97.018700,-3.152232,-7.786283
0,112071.00,2.368585,-5.409376,6.914208,-1.350066,-2.408850,-1.907995,97.018700,-3.152232,-7.786283
0,112095.00,1.425221,-6.384464,10.212988,-1.873652,-2.989694,-2.427852,97.018700,-3.152232,-7.786283
0,112119.00,-0.018556,-7.253603,12.600727,-2.029715,-3.317534,-2.735718,97.018700,-3.152232,-7.786283
0,112143.00,-1.813700,-8.593826,14.705338,-2.100556,-3.528726,-2.892048,97.018700,-3.152232,-7.786283
0,112167.00,-3.135966,-9.100824,16.560339,-2.187643,-3.580392,-2.888852,97.018700,-3.152232,-7.786283
0,112191.00,-3.947043,-8.804527,17.462999,-2.252093,-3.475729,-2.901369,33.448685,10.682565,-101.052406
0,112215.00,-6.356331,-8.756042,19.074379,-2.258484,-3.017391,-3.000973,33.448685,10.682565,-101.052406
0,112239.00,-7.167408,-7.918627,19.092936,-2.090436,-2.738022,-2.992983,33.448685,10.682565,-101.052406
0,112263.00,-7.783947,-7.390080,18.551220,-1.790560,-2.430422,-2.986591,33.448685,10.682565,-101.052406
0,112287.00,-8.642311,-6.693931,17.927498,-1.571911,-1.926544,-3.016419,33.448685,10.682565,-101.052406
0,112311.00,-9.564126,-4.828753,14.826251,-1.049391,-0.765654,-2.844110,-3.327356,11.733308,-58.735653
0,112335.00,-9.537788,-4.132603,13.184942,-0.779608,-0.366973,-2.641707,-3.327356,11.733308,-58.735653
0,112359.00,-9.589267,-3.718983,11.781270,-0.560427,-0.103583,-2.340765,-3.327356,11.733308,-58.735653
0,112383.00,-10.059752,-3.270048,10.700233,-0.417946,0.056476,-1.922110,-3.327356,11.733308,-58.735653
0,112407.00,-11.054592,-2.723543,10.265064,-0.326065,0.121724,-1.389736,-3.327356,11.733308,-58.735653
0,112431.00,-12.942516,-1.827468,10.762486,-0.090372,0.329987,-0.103942,-78.105309,-12.258680,-58.904922
0,112455.00,-14.398864,-2.055527,11.715425,0.036130,0.845316,0.685431,-78.105309,-12.258680,-58.904922
0,112479.00,-15.340432,-1.934015,12.441504,0.185270,1.742282,1.693186,-78.105309,-12.258680,-58.904922
0,112503.00,-15.866585,-1.589232,12.986213,0.326686,2.576663,2.580832,-78.105309,-12.258680,-58.904922
0,112527.00,-15.744474,-1.609584,12.999981,0.494201,3.077878,3.205619,-78.105309,-12.258680,-58.904922
0,112551.00,-19.614300,-3.684266,16.822517,1.017520,4.102678,4.367840,-17.687525,5.428844,-5.924345
0,112575.00,-19.614300,-3.851270,18.617064,1.258806,4.782860,4.876245,-17.687525,5.428844,-5.924345
0,112599.00,-19.614300,-6.003168,19.614300,1.684652,5.180742,5.181981,-17.687525,5.428844,-5.924345
0,112623.00,-19.614300,-8.550130,19.614300,2.026075,5.917650,5.279720,-17.687525,5.428844,-5.924345
0,112647.00,-19.614300,-10.409921,19.614300,2.248186,6.803431,5.385982,-17.687525,5.428844,-5.924345
0,112671.00,-15.594829,-13.273532,16.965580,1.674532,7.092388,5.396368,-7.530332,2.626860,-101.390938
0,112695.00,-6.873505,-10.104046,10.591889,1.174383,4.937858,4.886898,-7.530332,2.626860,-101.390938
0,112719.00,-0.333410,-6.303057,3.162902,0.894746,0.526797,3.162208,-7.530332,2.626860,-101.390938
1,112743.00,12.447491,0.674601,-1.363567,0.827634,-5.037962,0.463852,-7.530332,2.626860,-101.390938
1,112767.00,19.613701,5.392017,5.888839,3.050608,-7.875604,-0.913555,-7.530332,2.626860,-101.390938
1,112791.00,19.613701,-7.473881,-4.841921,2.543002,-6.702197,-0.156407,113.130104,-16.111408,-13.202827
1,112815.00,15.080050,-6.937553,-5.563211,1.582385,-5.185770,-0.420064,113.130104,-16.111408,-13.202827
0,112839.00,13.848768,-1.694583,-5.626062,0.558650,-4.094124,-0.746040,113.130104,-16.111408,-13.202827
0,112863.00,9.835882,-5.803242,-3.449622,0.712850,-3.184108,-0.912224,113.130104,-16.111408,-13.202827
0,112887.00,5.147796,-6.643051,3.016249,0.960794,-2.304452,-0.293029,113.130104,-16.111408,-13.202827
0,112911.00,0.978680,-10.338091,6.035491,0.283275,-0.059640,1.108614,31.697445,-23.991989,-175.529892
0,112935.00,3.070720,-8.180805,4.642594,-0.832073,1.059970,1.734466,31.697445,-23.991989,-175.529892
0,112959.00,3.867431,-4.088308,6.823224,-1.925318,1.194994,1.908373,31.697445,-23.991989,-175.529892
0,112983.00,2.585870,-4.471998,10.385978,-2.156750,0.615482,1.777077,31.697445,-23.991989,-175.529892
0,113007.00,1.331843,-3.289202,13.029909,-2.535990,0.070325,1.541118,31.697445,-23.991989,-175.529892
0,113031.00,-3.715392,-2.987517,18.081333,-3.983973,-0.380023,0.969861,31.697445,-23.991989,-175.529892
0,113055.00,-2.526011,-3.620816,14.448546,-3.536555,-0.498535,1.399702,-9.281572,-157.086227,-115.609367
0,113079.00,-1.735286,-4.711431,14.150453,-3.614054,-0.663121,1.875083,-9.281572,-157.086227,-115.609367
0,113103.00,-1.868770,-1.711343,18.040630,-4.300893,-0.797080,2.005580,-9.281572,-157.086227,-115.609367
0,113127.00,-2.174644,-3.789616,18.330942,-4.532059,-0.749942,1.881208,-9.281572,-157.086227,-115.609367
0,113151.00,-2.693016,-0.707523,19.207264,-4.920887,-1.426927,1.964833,-9.281572,-157.086227,-115.609367
0,113175.00,-2.271615,0.572243,19.614300,-4.276658,-2.151052,1.819156,66.897369,77.755058,-59.920525
0,113199.00,-4.462421,2.035774,19.614300,-3.908870,-2.094326,1.748847,66.897369,77.755058,-59.920525
0,113223.00,-8.754246,2.513441,19.614300,-4.176788,-0.822913,1.382923,66.897369,77.755058,-59.920525
0,113247.00,-9.052938,6.059435,19.614300,-2.346902,-1.129714,1.448172,66.897369,77.755058,-59.920525
0,113271.00,-8.612981,2.827098,19.614300,-1.202525,0.160607,1.124326,66.897369,77.755058,-59.920525
0,113295.00,-8.021583,2.721747,19.295855,-0.533795,1.073552,1.389049,85.635635,71.625717,-28.606125
0,113319.00,-6.336578,3.640569,16.842871,0.030005,1.940158,1.677207,85.635635,71.625717,-28.606125
0,113343.00,-3.623809,4.567771,14.219290,0.597267,2.143627,1.735531,85.635635,71.625717,-28.606125
0,113367.00,-3.978169,2.867801,14.244431,1.167991,1.958002,1.558162,85.635635,71.625717,-28.606125
0,113391.00,-5.107691,-0.404042,10.399146,1.882262,1.584088,1.879344,85.635635,71.625717,-28.606125
0,113415.00,-5.570992,-0.384289,7.128500,1.655091,1.670909,2.547541,-60.242657,3.852728,-67.029739
0,113439.00,-3.813559,1.020581,4.786253,1.216461,0.828804,3.067931,-60.242657,3.852728,-67.029739
0,113463.00,-5.103501,0.152040,8.053308,0.678495,-0.593345,3.279922,-60.242657,3.852728,-67.029739
0,113487.00,-5.878065,1.292935,8.618967,0.060898,-1.043426,3.674342,-60.242657,3.852728,-67.029739
0,113511.00,-5.846939,1.082234,9.255857,-0.624610,-1.796314,3.989665,-60.242657,3.852728,-67.029739
0,113535.00,-4.907765,0.671608,8.435203,-0.857108,-2.142796,4.024020,-60.242657,3.852728,-67.029739
0,113559.00,-3.844685,0.718896,7.779756,-1.211047,-2.627499,3.941727,81.607788,-24.167112,-87.341782
0,113583.00,-4.360662,-0.824845,8.335838,-1.426766,-3.239236,3.803241,81.607788,-24.167112,-87.341782
0,113607.00,-4.087709,-2.646326,7.765390,-1.682434,-3.700503,3.864228,81.607788,-24.167112,-87.341782
0,113631.00,-1.285752,-2.193799,8.785971,-2.787396,-4.616377,4.169431,81.607788,-24.167112,-87.341782
0,113655.00,-0.096372,-1.881938,9.139732,-3.004181,-4.999346,4.057311,81.607788,-24.167112,-87.341782
1,113679.00,0.068837,-2.958786,9.439621,-3.060374,-5.327186,3.719883,-10.682565,40.803894,29.283194
1,113703.00,0.486646,-3.444235,10.354852,-3.134411,-5.535449,3.400032,-10.682565,40.803894,29.283194
1,113727.00,1.040334,-3.377792,10.917518,-3.041998,-5.366069,3.285248,-10.682565,40.803894,29.283194
0,113751.00,2.222531,-2.769634,9.987323,-2.350631,-4.790817,2.908405,-10.682565,40.803894,29.283194
0,113775.00,1.921445,-3.141951,10.053166,-2.148228,-4.548998,2.254589,-10.682565,40.803894,29.283194
0,113799.00,0.990651,-3.132374,11.977006,-1.860336,-4.098385,1.601040,63.745136,43.080505,8.124817
0,113823.00,1.915459,-2.597841,10.241121,-0.932210,-3.085303,1.505164,63.745136,43.080505,8.124817
0,113847.00,2.067498,-3.830918,8.179608,-0.256023,-2.369967,1.043898,63.745136,43.080505,8.124817
0,113871.00,2.140525,-3.959014,6.753788,0.189797,-1.998717,-0.276518,63.745136,43.080505,8.124817
0,113895.00,1.893312,-6.431752,6.409605,0.457449,-1.846115,-0.230977,63.745136,43.080505,8.124817
0,113919.00,4.149961,-5.885846,5.639231,0.488875,-1.564349,0.264645,63.745136,43.080505,8.124817
0,113943.00,4.964630,-5.587154,5.598527,0.213766,-1.625869,0.529900,-11.908432,40.628769,-18.619371
0,113967.00,5.248358,-4.449851,5.332159,-0.042700,-1.863693,0.763995,-11.908432,40.628769,-18.619371
0,113991.00,3.582507,-4.522878,5.764933,0.112298,-1.480458,0.827379,-11.908432,40.628769,-18.619371
0,114015.00,4.481575,-4.776676,5.171739,0.319761,-1.096957,0.925385,-11.908432,40.628769,-18.619371
0,114039.00,5.700885,-4.928715,5.056812,0.317098,-1.009071,0.873453,-11.908432,40.628769,-18.619371
0,114063.00,6.032498,-4.858083,4.758718,0.332545,-1.082576,0.791959,-122.236557,53.587944,-49.764503
0,114087.00,5.305223,-5.571591,5.190295,0.420697,-1.243167,0.734966,-122.236557,53.587944,-49.764503
0,114111.00,5.709864,-6.468864,4.726395,0.297124,-0.890825,0.891296,-122.236557,53.587944,-49.764503
0,114135.00,6.616115,-6.130666,4.290030,0.146121,-0.783232,0.720585,-122.236557,53.587944,-49.764503
0,114159.00,6.809457,-6.095350,4.661150,0.093123,-0.892157,0.565320,-122.236557,53.587944,-49.764503
0,114183.00,6.626291,-6.579003,4.523476,0.106705,-1.045291,0.541884,-92.465477,137.997711,-37.915810
0,114207.00,6.623897,-6.760373,3.834509,0.084601,-1.099886,0.582099,-92.465477,137.997711,-37.915810
0,114231.00,6.277318,-6.180947,3.914121,-0.012340,-0.900945,0.548010,-92.465477,137.997711,-37.915810
0,114255.00,6.277917,-5.841551,3.906339,0.065958,-0.798678,0.419111,-92.465477,137.997711,-37.915810
0,114279.00,6.262353,-6.109117,3.665709,0.190330,-0.704135,0.177292,-92.465477,137.997711,-37.915810
0,114303.00,6.024118,-6.675973,3.544198,0.236936,-0.567246,-0.044819,-13.134300,145.177795,69.230209
0,114327.00,6.338972,-6.804668,3.326913,0.178079,-0.373898,-0.122585,-13.134300,145.177795,69.230209
0,114351.00,6.571221,-6.289888,3.322124,0.048115,-0.329955,-0.003273,-13.134300,145.177795,69.230209
0,114375.00,6.637065,-6.136652,3.286209,0.034000,-0.381621,-0.047749,-13.134300,145.177795,69.230209
0,114399.00,6.015738,-5.389024,2.928258,0.035331,-0.421835,-0.142559,-13.134300,145.177795,69.230209
0,114423.00,5.805038,-7.018362,3.486135,0.101645,-0.327025,-0.508482,-13.134300,145.177795,69.230209
0,114447.00,5.188499,-6.686149,2.736113,0.017222,-0.219964,-0.431782,40.979015,93.516220,-56.535183
0,114471.00,5.892431,-5.732011,3.568141,-0.261083,-0.301192,-0.084767,40.979015,93.516220,-56.535183
0,114495.00,5.757151,-5.285470,3.659125,-0.244038,-0.193066,-0.203013,40.979015,93.516220,-56.535183
0,114519.00,5.843347,-5.345328,3.469974,-0.175594,-0.076684,-0.237368,40.979015,93.516220,-56.535183
0,114543.00,6.167179,-5.721237,3.531627,-0.155354,-0.063102,-0.236570,40.979015,93.516220,-56.535183
0,114567.00,6.509568,-5.441699,3.459199,-0.138309,-0.046057,-0.125248,19.789013,82.133156,-74.308220
0,114591.00,7.017164,-5.694899,3.236527,0.047316,0.001348,-0.224851,19.789013,82.133156,-74.308220
0,114615.00,6.947729,-5.757750,3.444833,0.098716,-0.045791,-0.273854,19.789013,82.133156,-74.308220
0,114639.00,7.230259,-6.267142,3.293991,0.166361,-0.043128,-0.296492,19.789013,82.133156,-74.308220
0,114663.00,7.007587,-6.195312,3.169486,0.125081,-0.064966,-0.206475,19.789013,82.133156,-74.308220
0,114687.00,7.222477,-5.772116,3.286209,0.047582,-0.101452,-0.103676,21.890501,-8.931324,-34.699738
0,114711.00,7.549303,-5.468037,3.644161,0.150648,-0.050052,-0.128444,21.890501,-8.931324,-34.699738
0,114735.00,7.589407,-6.206686,3.198218,0.247589,-0.034339,-0.181441,21.890501,-8.931324,-34.699738
