7.928205,-3.435256,-4.610869,-0.005136,-0.021394,-0.032052
7.887501,-3.373003,-4.657558,-0.009131,0.004972,-0.011412
7.871938,-3.377792,-4.698262,0.002454,-0.027253,-0.057618
7.871938,-3.462791,-4.698262,-0.007533,-0.020062,-0.063078
7.879719,-3.368813,-4.659354,-0.017919,0.006437,-0.037778
7.887501,-3.343673,-4.718015,-0.009663,0.010032,-0.036313
7.926409,-3.340081,-4.679107,0.004452,0.001643,-0.050561
7.919226,-3.393355,-4.629425,0.027222,0.004573,-0.050827
7.928205,-3.298779,-4.782661,0.041870,0.003507,-0.049629
7.837819,-3.285611,-4.771887,0.046397,0.010299,-0.019002
7.820460,-3.214978,-4.768894,0.033480,0.010165,-0.009148
7.946162,-3.309554,-4.650974,0.038407,-0.009675,-0.029122
8.006619,-3.222161,-4.690480,0.052922,-0.031647,-0.059349
8.049716,-3.270646,-4.683896,0.037875,-0.042300,-0.085049
8.052111,-3.362828,-4.660551,0.006183,-0.013803,-0.065475
7.886902,-3.092868,-4.809598,-0.010862,0.032137,-0.046832
7.864755,-3.289202,-4.658755,0.000457,0.003108,-0.086514
7.830037,-3.383778,-4.585729,0.005783,0.008301,-0.072266
7.763595,-3.405925,-4.704846,-0.025376,0.023615,-0.033916
7.792326,-3.405327,-4.672523,-0.019650,0.010299,-0.021931
7.792925,-3.516064,-4.534849,-0.007932,0.017622,-0.015007
7.715708,-3.349659,-4.652171,0.021629,0.008434,-0.020334
7.712715,-3.366419,-4.623439,0.027222,-0.038305,-0.038576
7.841410,-3.502297,-4.543229,0.024825,-0.054550,-0.026725
7.856973,-3.451418,-4.636608,0.047196,-0.036840,-0.024861
7.933591,-3.298181,-4.641995,0.045731,-0.039903,-0.010080
7.825847,-3.280822,-4.683896,0.045731,-0.035109,-0.014741
7.777961,-3.333497,-4.774281,0.046397,-0.042699,-0.018203
7.976091,-3.100051,-4.886216,0.044266,-0.086509,-0.038310
8.171229,-3.192831,-4.714423,-0.025110,-0.051488,0.010560
8.129328,-3.217372,-4.695269,-0.081836,0.026810,0.047445
7.994048,-3.204802,-4.753331,-0.131505,0.112299,0.072745
8.046125,-3.229344,-4.699459,-0.086097,0.074082,0.013489
8.136511,-2.965968,-4.806006,-0.057335,0.027476,0.003103
8.751254,-2.824105,-4.616256,-0.102609,-0.049490,-0.055088
8.888329,-2.711572,-4.540236,-0.022047,-0.064937,-0.173068
8.686607,-2.498477,-4.684494,0.003120,-0.007811,-0.239382
8.894913,-2.420661,-5.038256,-0.163064,0.169025,-0.166943
8.610587,-2.575095,-4.915546,-0.243892,0.192328,-0.229395
8.308303,-3.033608,-4.540236,-0.290365,0.226018,-0.269476
8.002429,-3.270048,-4.322951,-0.264399,0.260373,-0.236585
7.035121,-3.636978,-4.394183,-0.272788,0.273956,-0.023396
6.127673,-4.421717,-4.534849,-0.299553,0.266099,0.045048
5.391418,-5.047235,-4.902976,-0.290498,0.195258,0.129072
4.387598,-6.455695,-4.929913,-0.209004,-0.130851,0.260501
4.353479,-7.039910,-4.544426,-0.223918,-0.132449,0.514437
4.416330,-7.449938,-4.597102,-0.204477,-0.092634,0.772502
5.192091,-7.797115,-5.004137,0.113376,-0.488253,0.943213
5.824791,-7.524162,-4.670727,0.350535,-0.727541,0.897006
6.441928,-6.918398,-4.698860,0.527904,-0.791725,0.969445
7.230259,-6.202496,-5.169345,0.736699,-0.846986,1.006730
7.306877,-5.779897,-5.390820,0.847887,-0.832605,0.974772
7.184767,-5.536873,-5.852326,0.852548,-0.679204,0.987955
7.064452,-5.319589,-6.035491,0.753344,-0.479730,1.087825
7.304483,-6.482631,-5.541064,0.414984,-0.156817,1.418727
7.516979,-6.083977,-5.031073,0.414718,-0.105551,1.449621
7.285927,-5.399200,-4.489357,0.470379,-0.037240,1.401683
7.018362,-5.345328,-4.966426,0.356793,0.137333,1.351482
7.080614,-5.535078,-4.758120,0.299268,0.112832,1.285967
7.265575,-5.469234,-4.196052,0.231090,0.133339,1.284635
6.945933,-4.640199,-4.760514,0.202327,0.251451,1.176243
6.820830,-4.476787,-4.952060,0.096998,0.309509,1.106866
6.872308,-4.715022,-4.171511,-0.032034,0.401656,1.078637
6.971074,-4.900582,-3.905142,-0.226448,0.652796,1.167987
7.074029,-3.982359,-4.070350,-0.140693,0.557720,1.101274
7.422403,-3.381982,-4.010492,-0.075178,0.396196,0.855061
7.820460,-3.569338,-3.694442,-0.047215,0.321094,0.622963
7.788735,-3.504691,-5.053819,-0.097949,0.350123,0.301248
8.272389,-3.186845,-5.274096,-0.173983,0.314170,0.166224
8.362774,-2.959384,-5.013115,-0.299686,0.415238,0.026272
8.432808,-3.911128,-5.742187,-0.450556,0.577960,-0.230593
8.843435,-3.375996,-6.292881,-0.328315,0.390471,-0.482399
9.285188,-3.731554,-5.743983,-0.434178,0.328285,-0.673217
9.978943,-6.057639,-5.581169,-0.654025,0.560516,-0.758040
10.026829,-5.615886,-5.753560,-0.377585,0.383280,-1.014773
10.274044,-5.191493,-5.475220,-0.187565,0.211104,-1.259255
9.622787,-5.618280,-5.882853,-0.300885,0.367967,-1.547546
9.530606,-6.074998,-6.014541,-0.304347,0.353186,-1.571116
9.507262,-5.811622,-5.860107,-0.184769,0.257710,-1.680307
9.324095,-6.127673,-5.431523,-0.213798,0.329883,-1.789232
9.139134,-6.113307,-5.471030,-0.282775,0.419633,-1.789099
8.944595,-6.483230,-5.169345,-0.301817,0.447596,-1.818794
8.507033,-6.628087,-4.809598,-0.247487,0.455852,-1.804545
7.182373,-6.530518,-4.913751,-0.140693,0.474495,-1.814133
6.763965,-6.302459,-4.659354,-0.179043,0.484881,-1.686566
6.321613,-6.100138,-4.683896,-0.213798,0.476758,-1.554737
6.133060,-6.127074,-4.089505,-0.106338,0.298856,-1.402668
5.705075,-6.164785,-3.950634,0.001655,0.265700,-1.306926
5.348919,-5.668561,-4.136194,0.016170,0.304050,-1.086147
5.203464,-5.187901,-3.762081,-0.041489,0.177415,-0.848323
4.962236,-5.391418,-3.616626,-0.042421,0.175018,-0.724617
4.670128,-5.280082,-3.622013,-0.039891,0.243462,-0.524611
4.589919,-4.874245,-3.655534,-0.000475,0.155843,-0.191444
4.561187,-5.075966,-3.577718,-0.003938,0.060367,-0.098232
4.675516,-5.583563,-3.596873,0.006715,-0.011007,0.061427
4.737768,-5.527296,-3.692646,0.113376,-0.092634,0.239861
5.255540,-5.472227,-4.085913,0.270639,-0.191306,0.597396
5.442298,-5.380045,-4.435485,0.303929,-0.254956,0.729890
5.826587,-5.746975,-4.335522,0.313516,-0.362017,0.822037
6.143835,-6.308444,-3.901551,0.436423,-0.410088,1.107799
6.115103,-6.246192,-4.583933,0.589557,-0.491715,1.172781
6.473653,-6.122286,-5.046037,0.732571,-0.677740,1.184366
7.606766,-6.916603,-4.689881,0.704740,-0.857106,1.269455
8.073660,-7.202126,-4.522878,0.686764,-0.736596,1.403813
8.146687,-7.094980,-4.644988,0.694487,-0.569880,1.482511
8.109575,-6.665797,-5.058009,0.626975,-0.398370,1.579452
8.065878,-7.093184,-4.888012,0.542551,-0.352962,1.555749
7.893486,-7.214097,-4.923927,0.476637,-0.272800,1.615804
7.894085,-7.396066,-4.748542,0.435757,-0.218337,1.660946
7.999435,-7.235048,-4.706043,0.461990,-0.176658,1.706220
8.170031,-7.333215,-4.596503,0.507264,-0.276129,1.587042
8.352599,-7.140472,-4.555201,0.601275,-0.336850,1.497425
8.605200,-6.954912,-4.737169,0.568784,-0.258685,1.383041
8.423232,-6.947729,-4.315768,0.450937,-0.171998,1.315262
8.007816,-7.003397,-3.515466,0.324702,-0.013803,1.224979
6.927976,-5.855917,-3.841692,0.336286,0.332812,1.228708
6.483829,-5.747574,-3.609443,0.261451,0.294063,1.115655
6.216862,-6.069012,-2.897132,0.116306,0.250786,1.000605
5.893029,-5.307018,-3.114417,0.015238,0.311640,0.700462
6.031900,-5.480009,-2.943821,-0.105938,0.410178,0.742807
6.256368,-5.378250,-3.065932,-0.110865,0.442403,0.747601
6.012147,-4.824562,-3.525642,-0.034298,0.352387,0.568367
6.333585,-4.834738,-3.690251,-0.034165,0.164764,0.248517
6.517948,-4.493547,-4.297811,-0.053340,0.146788,0.127341
6.813647,-4.059576,-4.893998,-0.095685,0.116693,0.002037
7.469691,-4.322353,-4.899385,-0.334175,0.267431,-0.196637
7.535535,-3.812362,-4.888610,-0.450157,0.436411,-0.267479
7.575640,-3.944648,-5.036460,-0.584516,0.518571,-0.426339
9.348039,-5.400397,-4.497737,-0.822872,0.438275,-0.726215
9.640745,-6.048062,-3.809967,-0.815681,0.497265,-0.951389
9.631168,-6.271931,-3.620816,-0.749634,0.710188,-1.041139
9.606626,-6.064223,-5.676941,-0.457081,0.646404,-1.386556
10.265664,-6.692733,-5.096917,-0.444165,0.347060,-1.690827
10.587700,-7.597788,-4.260699,-0.481183,0.310308,-1.890700
10.511081,-8.118554,-4.479181,-0.462940,0.530821,-1.924256
9.449199,-6.734035,-5.713455,-0.279845,0.724836,-1.998560
9.130754,-7.072234,-5.463847,-0.385042,0.625365,-2.092437
8.989489,-7.754616,-5.226809,-0.416867,0.512845,-2.177926
8.410661,-7.760601,-4.999947,-0.172651,0.401390,-2.144503
8.331049,-7.314060,-4.963433,-0.098614,0.320295,-2.086845
7.988062,-6.973468,-5.031671,-0.093421,0.237736,-2.110547
7.520571,-6.599355,-4.758120,-0.241495,0.256245,-1.975123
7.351771,-6.610728,-4.159539,-0.228179,0.213634,-1.937173
6.706501,-6.438935,-4.012288,-0.184236,0.276619,-1.860473
5.389623,-5.463248,-4.509110,-0.278380,0.498597,-1.412256
5.198077,-5.094522,-4.378620,-0.317263,0.345196,-1.320775
5.262723,-5.370468,-3.636978,-0.315932,0.150383,-1.295741
4.863470,-5.394411,-3.299977,-0.278913,0.186203,-1.115309
4.406753,-4.163729,-4.131405,-0.222054,0.246924,-0.620752
4.583933,-3.992535,-3.922501,-0.262135,0.078210,-0.521282
4.934701,-4.250523,-3.247900,-0.309274,0.004040,-0.412357
4.085315,-4.303198,-3.645358,-0.279712,0.193926,0.085129
4.132004,-3.850671,-3.925494,-0.203278,0.032403,0.257971
4.534251,-3.794404,-3.748912,-0.176380,-0.209016,0.346389
5.532085,-4.719212,-3.590887,-0.087962,-0.346837,0.659315
5.673949,-4.657558,-3.923099,0.016702,-0.336051,0.849868
5.869685,-4.680304,-4.161933,0.053854,-0.380526,1.039887
6.406013,-5.447086,-3.994330,0.090207,-0.563754,1.268123
6.983045,-5.967852,-4.120032,0.231623,-0.652439,1.385571
7.307476,-5.736800,-4.576151,0.441217,-0.703573,1.473323
7.322441,-5.566802,-4.537243,0.365715,-0.521543,1.797302
7.536733,-6.268340,-4.487561,0.270639,-0.472673,1.930462
7.857572,-6.607735,-5.238780,0.430031,-0.633131,1.899835
8.522596,-6.774739,-5.336349,0.653207,-0.857639,1.839780
9.431840,-6.816639,-5.016707,0.603406,-0.614355,2.060958
9.230118,-7.153641,-5.207654,0.502870,-0.406093,2.148578
9.368391,-7.448741,-5.320786,0.490220,-0.366411,2.200643
9.548563,-7.124909,-5.156176,0.649079,-0.406492,2.067750
9.465959,-7.078219,-5.658385,0.748151,-0.449770,2.016616
9.704793,-6.721465,-6.058836,0.867995,-0.584394,1.895307
9.932253,-5.877466,-5.549444,0.810869,-0.504232,1.668269
9.729335,-5.675745,-5.257336,0.631635,-0.247499,1.635512
9.275610,-5.138219,-5.146599,0.493815,-0.042965,1.530981
8.296332,-4.955651,-4.637805,0.315647,0.060899,1.247217
8.040140,-4.548616,-4.386401,0.293675,0.062098,0.927100
7.620534,-3.938663,-4.439076,0.222967,0.120289,0.708185
7.498423,-3.447227,-4.484568,0.014572,0.222822,0.683817
7.560676,-4.430696,-3.641168,-0.255344,0.262770,0.497393
7.383496,-4.252917,-3.433460,-0.159868,0.231611,0.307906
6.931567,-3.848875,-3.695040,-0.068387,0.180877,0.107234
7.499620,-3.871023,-4.272671,-0.139495,-0.077720,-0.100895
8.121546,-3.949437,-3.908733,-0.119387,-0.237246,-0.346443
8.726712,-3.811763,-3.393954,-0.169322,-0.148561,-0.486527
9.055932,-4.304395,-3.841094,-0.426321,0.300188,-0.745390
9.322299,-5.312406,-4.184081,-0.502622,0.308045,-0.937007
9.712574,-6.045667,-4.244537,-0.475324,0.230812,-1.173233
10.516469,-7.166211,-4.137392,-0.326451,0.266898,-1.526907
10.909138,-7.340398,-4.919138,-0.234970,0.281679,-1.705874
11.020474,-7.029136,-5.271702,-0.125779,0.214699,-2.007481
10.857061,-7.455326,-5.290857,-0.159735,0.308577,-2.239313
9.338461,-8.876955,-5.444094,-0.346159,0.746940,-2.331327
8.406471,-8.684212,-5.557824,-0.247754,0.726567,-2.382593
7.904261,-8.125737,-5.720638,-0.108468,0.551594,-2.437722
7.690568,-7.701941,-5.509339,0.018833,0.124017,-2.510161
7.576239,-7.897078,-5.290258,-0.068653,0.157973,-2.384191
7.601978,-7.644477,-5.076565,-0.146019,0.253982,-2.185650
7.755215,-6.692135,-4.522878,-0.084366,0.181010,-2.147699
7.451734,-6.559848,-4.183482,-0.151479,0.233874,-2.171535
6.897448,-6.611326,-4.110455,-0.296757,0.459980,-2.063808
5.490783,-5.878663,-4.211616,-0.344694,0.743212,-1.712798
5.228604,-5.346525,-4.139187,-0.319127,0.676232,-1.549544
5.132832,-4.993961,-3.588493,-0.294360,0.532552,-1.469382
4.637207,-4.853893,-3.229943,-0.266396,0.475294,-1.390950
3.758490,-4.281650,-3.837502,-0.281177,0.492338,-0.809840
3.769264,-3.909931,-3.850073,-0.289699,0.336274,-0.564559
4.052991,-3.775250,-3.473565,-0.290232,0.153978,-0.361490
4.161933,-4.223587,-3.245506,-0.292096,0.038129,0.099111
4.268481,-4.139187,-3.489128,-0.242427,-0.040569,0.413236
4.580341,-3.803982,-3.358039,-0.205142,-0.159880,0.694203
5.122057,-4.113448,-3.482544,-0.093155,-0.372004,1.028169
5.597330,-4.479181,-4.039224,-0.036961,-0.469211,1.246818
6.283304,-4.624038,-4.044611,0.037742,-0.622478,1.408208
6.814245,-4.956849,-3.641766,0.067037,-0.604235,1.623794
7.207513,-5.674547,-3.982957,0.028554,-0.495710,1.872537
7.852185,-5.963662,-4.239748,0.159849,-0.653105,1.926600
8.937413,-6.289290,-3.841692,0.365182,-0.835401,1.864281
9.317511,-6.537701,-4.276262,0.368778,-0.678805,1.982793
9.683244,-6.887272,-4.888012,0.406329,-0.645248,1.996775
9.690427,-7.006989,-4.807802,0.489820,-0.698379,1.916613
10.016055,-7.215893,-5.071177,0.579170,-0.534060,1.915814
9.959789,-6.840583,-5.635041,0.691424,-0.589321,1.808620
10.281227,-7.000404,-5.448882,0.676777,-0.657100,1.697298
11.176105,-8.014999,-4.422316,0.636829,-0.408357,1.596496
10.332106,-6.971074,-4.710233,0.781041,-0.166005,1.540968
9.016425,-5.693702,-5.560817,0.801148,0.049181,1.536574
9.265435,-6.134856,-5.683526,0.441749,-0.046827,1.448822
9.785003,-5.757750,-4.732381,0.475705,-0.207551,1.218321
9.319307,-4.655164,-3.586098,0.509261,-0.135379,0.991550
7.540923,-4.935898,-3.931479,0.254127,0.482617,1.085827
7.346384,-5.126846,-4.053590,0.036277,0.510048,1.030965
7.254202,-4.837132,-3.331103,0.058781,0.377021,0.747867
6.913609,-4.587524,-2.550553,0.149197,0.304849,0.489137
5.725427,-3.462192,-3.020439,0.104322,0.620039,0.643736
5.389623,-3.037798,-3.724370,0.008313,0.581822,0.680355
5.468636,-3.006073,-4.110455,0.058381,0.225219,0.447192
7.191351,-2.888751,-3.971585,0.147865,-0.443777,0.009228
8.079048,-2.909702,-3.048573,-0.044951,-0.376531,-0.048297
8.483089,-3.404728,-2.305135,-0.269991,-0.071595,-0.149366
7.870142,-4.200242,-3.295188,-0.393431,0.605524,-0.299437
7.930000,-4.700057,-4.382810,-0.276516,0.532686,-0.468550
8.818295,-4.870653,-4.538441,-0.189163,0.226950,-0.690661
10.661325,-6.288691,-3.259273,-0.303281,0.210305,-1.032883
10.933081,-7.070438,-4.401366,-0.362271,0.432949,-1.043402
10.894173,-7.113536,-5.347124,-0.155341,0.263436,-1.229028
11.370644,-6.951320,-4.942482,0.036809,-0.148561,-1.545815
11.837537,-7.399059,-3.634583,0.128024,-0.327662,-2.058082
11.364658,-7.572647,-4.571961,0.083282,-0.018597,-2.092437
11.116247,-7.547507,-5.298040,-0.002473,0.175683,-2.085513
11.282652,-7.441558,-4.374429,-0.091690,0.087132,-2.391249
10.752908,-7.478072,-4.242742,-0.111797,0.188067,-2.505500
10.311156,-7.858170,-4.440872,-0.209537,0.396463,-2.462889
9.605428,-7.175788,-4.473794,-0.196620,0.399659,-2.442782
9.579091,-6.856744,-4.248129,-0.156539,0.303650,-2.459693
9.410291,-7.080614,-3.781834,-0.109267,0.225885,-2.515620
8.473512,-5.945106,-3.651942,-0.036162,0.310575,-2.403633
7.818066,-5.630252,-3.505888,-0.112064,0.384878,-2.263548
7.311068,-5.258533,-3.411313,-0.158137,0.416570,-2.101626
6.448512,-4.625833,-3.274836,-0.062528,0.310308,-1.921993
6.135455,-4.064963,-3.105438,-0.036695,0.308710,-1.739297
5.610499,-3.493318,-3.098255,-0.067854,0.329217,-1.565523
5.181316,-3.129381,-3.024031,-0.133502,0.346927,-1.347141
4.795830,-3.180859,-2.803154,-0.204610,0.247190,-1.028488
4.337317,-3.055157,-2.786993,-0.185435,0.243062,-0.832876
3.850671,-2.930054,-2.941427,-0.203411,0.280880,-0.504637
3.929684,-2.929455,-2.830090,-0.225116,0.054241,-0.026459
4.031443,-3.005475,-2.756465,-0.207806,-0.042033,0.143320
3.914121,-3.114417,-2.796570,-0.247354,-0.033777,0.367828
3.770461,-3.595676,-3.030615,-0.352151,-0.031913,0.936821
4.134398,-3.899755,-3.233534,-0.277981,-0.217671,1.125243
4.767098,-4.285840,-3.270048,-0.149748,-0.447373,1.285567
5.957077,-5.165155,-3.607647,0.051324,-0.733933,1.589305
6.391048,-5.741588,-3.675885,0.091671,-0.726876,1.791442
6.874702,-6.228833,-4.131405,0.146667,-0.692787,2.067616
7.635499,-6.820231,-4.517490,0.259986,-0.826080,2.207301
8.892518,-7.888100,-3.803383,0.565988,-1.033543,2.273881
8.865583,-8.287952,-4.401366,0.706605,-0.840195,2.493329
9.313321,-8.035351,-5.868487,0.901684,-0.811033,2.741406
11.651378,-8.261015,-5.472227,1.095698,-1.390545,2.444726
11.844121,-8.705163,-4.026654,1.075857,-1.145398,2.404645
11.616062,-8.672241,-5.298040,1.212480,-0.705437,2.577753
12.178728,-6.559250,-7.533141,1.638592,-1.118233,2.167087
12.643227,-6.753190,-6.007957,1.445776,-1.181750,1.838981
12.728824,-7.830037,-4.227179,1.091038,-0.626340,1.854827
9.932852,-6.577806,-4.621644,0.762532,0.717645,2.090121
8.839843,-5.630851,-5.053819,0.638293,0.788353,1.938318
8.438795,-5.084346,-4.628826,0.459859,0.616310,1.766808
8.029365,-5.906198,-3.721976,0.443480,0.385277,1.573459
8.408267,-4.424112,-2.994700,0.244273,0.353186,1.194885
8.185595,-4.608475,-2.649918,0.134149,0.449727,1.019247
8.058695,-4.268481,-2.709177,-0.003804,0.587681,0.968247
7.525360,-3.548986,-2.687030,-0.064525,0.534417,0.599660
7.291913,-3.895565,-2.482315,-0.173450,0.594738,0.442531
6.897448,-3.988943,-2.825901,-0.244957,0.685021,0.363700
6.791499,-3.263463,-3.369412,-0.174649,0.442403,0.040387
7.021354,-3.216774,-3.016249,-0.253080,0.361841,-0.173334
7.213499,-3.791412,-3.408918,-0.370794,0.415904,-0.391983
7.509198,-3.923099,-4.707241,-0.480384,0.622702,-0.551110
8.212531,-4.109258,-4.252917,-0.658153,0.717245,-0.550710
9.446805,-5.896621,-3.900353,-0.847906,0.702465,-0.666027
10.081300,-7.208111,-4.088906,-0.770141,0.625498,-0.891999
10.789422,-7.388284,-4.366648,-0.540972,0.583686,-1.079888
11.019875,-7.467297,-3.748314,-0.497296,0.490341,-1.179359
11.068361,-7.587612,-3.599866,-0.286770,0.270893,-1.469248
10.525447,-7.656449,-4.055386,0.194205,-0.056415,-2.049027
10.396154,-7.533740,-4.616855,0.169570,-0.037506,-2.134649
10.183059,-7.756412,-4.562384,0.045864,-0.039770,-2.240645
10.065737,-8.111969,-4.210418,-0.135500,0.008434,-2.263815
10.127989,-8.159855,-4.179292,-0.078108,-0.026320,-2.350901
9.753278,-7.801904,-4.341507,-0.041888,0.010032,-2.401369
8.571081,-8.035949,-3.820742,-0.210069,0.078876,-2.268608
8.258023,-7.786939,-3.978169,-0.158137,0.011231,-2.310820
7.698349,-7.539725,-3.701026,-0.085698,-0.032978,-2.335055
7.081212,-6.944736,-3.368215,-0.110998,0.051046,-2.083516
6.304853,-6.451505,-3.299977,-0.126578,0.109636,-1.985643
5.851727,-6.179749,-3.412510,-0.189030,0.178879,-1.823721
5.538669,-6.030703,-3.372405,-0.198484,0.169025,-1.716127
5.011320,-5.207654,-2.894139,-0.100612,0.095521,-1.435825
4.404957,-4.882625,-3.004876,-0.147351,0.195924,-1.237550
3.919508,-4.804809,-3.100051,-0.272388,0.348259,-0.921028
3.388567,-4.587524,-3.208394,-0.370927,0.232276,-0.439255
3.582507,-4.925124,-2.698403,-0.340699,0.058236,-0.271340
3.553775,-5.005932,-2.435027,-0.300086,0.062098,0.006298
3.590887,-4.656361,-3.122797,-0.236968,0.035066,0.604720
4.347493,-4.940687,-3.261069,-0.223652,-0.180653,0.799400
4.931708,-5.551838,-3.036002,-0.155207,-0.315012,0.933892
5.397404,-5.934930,-3.234133,-0.141758,-0.116736,1.457211
5.450678,-6.358725,-3.292195,-0.210203,-0.067467,1.695700
5.737997,-7.012375,-3.430467,-0.207140,-0.119266,1.919409
6.783718,-7.693561,-3.900353,0.101925,-0.407158,2.185596
7.247019,-7.795918,-3.613633,0.153857,-0.434323,2.378545
7.394270,-8.323866,-3.424481,0.128823,-0.399968,2.568698
8.088624,-9.136141,-3.660921,0.260918,-0.582530,2.701325
10.089680,-8.877554,-4.987975,1.082249,-1.346469,2.446590
10.807977,-8.273586,-4.907166,1.177459,-1.356057,2.417428
11.447262,-8.486680,-4.494145,1.057481,-1.146596,2.433008
11.750144,-8.471716,-5.017305,1.210749,-0.770019,2.327146
11.580745,-7.263780,-5.071776,1.333655,-0.709032,2.111160
11.253322,-6.555658,-4.706043,1.248300,-0.572277,1.912352
10.586503,-6.885477,-4.648580,0.951752,-0.246434,1.644301
10.098061,-6.677170,-4.166722,0.895292,-0.168003,1.353479
9.395327,-6.479040,-3.005475,0.789696,0.031072,1.158533
7.621731,-5.261526,-3.065333,0.514987,0.659188,1.150010
7.273357,-4.585130,-3.707610,0.285153,0.748804,0.955197
7.215893,-4.384605,-3.370609,0.119768,0.715647,0.832424
6.915405,-4.264889,-2.901322,0.090073,0.718843,0.835087
6.783718,-3.237724,-3.408918,0.206988,0.420432,0.591803
6.998010,-3.265259,-3.820742,0.178625,0.122553,0.336269
7.515183,-3.595676,-4.034435,0.109382,-0.090504,0.161829
8.098202,-3.598669,-4.299607,-0.056403,-0.210081,-0.207024
8.387915,-3.695040,-4.190066,-0.214863,-0.122861,-0.405166
8.268797,-4.051794,-3.987148,-0.430449,0.053043,-0.566689
8.542947,-5.374658,-4.798823,-0.760819,0.286739,-0.823422
8.913469,-5.232794,-4.942482,-0.777731,0.170224,-1.024094
9.496487,-5.454269,-4.339113,-0.871342,0.030672,-1.300934
10.945053,-7.129099,-3.993732,-1.073479,0.135735,-1.803880
11.242547,-8.413055,-3.872819,-1.011826,0.210705,-2.000158
11.385009,-8.549531,-4.371437,-0.777731,0.200984,-2.163279
11.420925,-8.253234,-4.527068,-0.518202,0.066093,-2.380463
12.088941,-8.481293,-4.111652,-0.421794,-0.116603,-2.841197
11.839333,-8.644107,-3.941655,-0.447893,-0.002485,-2.960375
11.455642,-8.392105,-4.203834,-0.398091,0.257843,-2.821888
10.761288,-7.557683,-5.177126,-0.293428,0.352254,-2.829212
10.460801,-7.457121,-4.849104,-0.317396,0.249055,-2.867296
10.220769,-7.519373,-4.261298,-0.369329,0.218028,-2.800716
9.359412,-7.494233,-3.683068,-0.438972,0.486612,-2.597514
8.521997,-7.014770,-3.626802,-0.476523,0.623634,-2.473142
7.797714,-6.656818,-3.190436,-0.482515,0.651864,-2.384724
6.353937,-6.046266,-2.877977,-0.405948,0.661451,-2.142106
5.654195,-5.714652,-2.897132,-0.327650,0.665446,-1.992967
4.983785,-5.327370,-3.079699,-0.249618,0.650665,-1.770057
3.851270,-4.139187,-3.180260,-0.229910,0.535881,-1.295608
3.390961,-4.008697,-3.236527,-0.290099,0.481952,-1.035413
3.372405,-3.986549,-3.397545,-0.298621,0.391003,-0.730343
3.395750,-3.979965,-3.292195,-0.203944,0.248921,-0.480801
3.144944,-3.341279,-3.183852,-0.242427,0.175550,0.101641
3.225753,-3.444235,-3.215577,-0.308475,0.128944,0.415499
3.672294,-3.727962,-3.364623,-0.277582,-0.025921,0.677159
4.727592,-3.996126,-3.579514,-0.139628,-0.365879,1.000738
4.997552,-4.358268,-3.334096,-0.238832,-0.298367,1.311534
5.411171,-4.792239,-3.500501,-0.364269,-0.205154,1.656818
5.903804,-5.805636,-3.897360,-0.254012,-0.428064,1.999305
6.214467,-6.315628,-3.789616,-0.211534,-0.512088,2.233800
6.754387,-6.883082,-4.057780,-0.196620,-0.568948,2.479480
8.518405,-7.786341,-3.800989,-0.034964,-0.954180,2.733550
9.213358,-8.401083,-3.323321,0.138810,-1.073092,2.859253
9.970563,-8.615376,-3.881199,0.397141,-1.178155,2.924768
11.019875,-8.579461,-4.852695,0.700879,-1.377363,2.836882
12.489990,-8.384922,-4.409746,0.906078,-1.398002,2.692137
12.789879,-8.909877,-4.183482,0.796887,-1.014368,2.740474
12.708472,-9.342652,-4.625833,0.809937,-0.657233,2.776161
12.303832,-8.485484,-4.803013,1.073461,-0.611159,2.420757
12.296050,-8.430415,-4.730585,1.181986,-0.598110,2.136327
11.599302,-7.960528,-4.748542,1.204224,-0.388116,1.954830
10.355450,-7.070438,-4.814985,0.979183,-0.061475,1.718737
9.664688,-6.529919,-4.331332,1.044299,-0.077454,1.487838
9.576697,-4.928715,-3.326913,0.837767,0.106973,1.271586
8.340028,-2.989313,-4.210418,0.668255,0.712984,0.895009
8.130525,-2.624179,-4.406753,0.424572,0.825505,0.754924
7.977887,-2.546363,-3.736342,0.150661,0.876105,0.584346
7.058466,-3.620217,-2.860020,-0.200082,1.163864,0.315763
6.265347,-3.942852,-2.722945,-0.281709,1.347093,0.360637
5.651801,-3.270048,-3.282618,-0.240297,1.285706,0.369559
5.500360,-3.031214,-4.285241,-0.162265,0.818181,0.133600
7.409235,-3.742927,-3.671695,-0.176779,-0.290910,-0.425540
8.445379,-4.248727,-2.983327,-0.230043,-0.343108,-0.557235
8.800936,-3.968591,-2.762451,-0.259871,-0.096496,-0.570151
9.090649,-3.720180,-4.490554,-0.427919,0.055973,-0.839668
10.122004,-5.154380,-4.967024,-0.522197,-0.230322,-1.231824
11.319765,-6.452104,-4.551011,-0.551225,-0.405161,-1.479369
12.430730,-6.669987,-3.849474,-0.441635,-0.265875,-1.812535
12.606714,-7.525360,-4.053590,-0.544567,-0.167470,-2.014938
12.679141,-8.409464,-4.480378,-0.625396,-0.131251,-2.242110
12.545060,-8.781782,-4.603686,-0.293960,-0.269338,-2.719621
12.454674,-8.134716,-4.613263,-0.193025,-0.269737,-2.874620
12.291261,-8.187391,-4.398971,-0.318062,-0.149227,-2.978352
11.470606,-8.988890,-4.639601,-0.556286,0.190198,-3.045997
10.709212,-9.147514,-4.340310,-0.546964,0.308444,-3.064772
9.808946,-8.966743,-3.875213,-0.513541,0.452923,-2.977419
9.109205,-8.733296,-3.477755,-0.497162,0.579824,-2.843194
7.601978,-7.459516,-3.698632,-0.322856,0.515508,-2.773551
6.930969,-7.359552,-3.064136,-0.320193,0.426956,-2.700580
6.400626,-7.275751,-2.651115,-0.294093,0.411643,-2.504035
4.911955,-5.688314,-3.095262,-0.044951,0.338805,-2.121067
4.227179,-4.967623,-3.197619,-0.027773,0.240399,-1.893363
3.899156,-4.707839,-2.921673,-0.051076,0.130675,-1.653808
3.053960,-4.422914,-2.697804,0.036410,0.080607,-1.106920
2.590060,-3.862643,-2.937835,0.028021,0.126414,-0.697453
2.287178,-3.721378,-3.131177,-0.017653,0.079542,-0.345377
2.751078,-4.141582,-2.909702,0.034945,-0.232719,0.266760
2.946814,-4.106863,-2.964771,0.096199,-0.279058,0.628822
3.299977,-3.853065,-3.489727,0.137079,-0.318340,1.021644
3.763278,-3.868030,-4.158940,0.137345,-0.430994,1.303278
4.959842,-5.020897,-3.994929,0.024026,-0.607964,1.813014
5.452474,-5.525500,-3.689054,-0.005136,-0.543914,2.069747
5.930141,-6.249185,-3.949437,-0.021781,-0.465349,2.389997
7.136282,-7.607964,-5.052621,0.204458,-0.709298,2.803992
7.709124,-8.062287,-5.098712,0.397141,-0.937934,2.853794
8.414253,-8.241861,-4.556398,0.532698,-1.015966,2.964050
9.332476,-9.568915,-5.144205,0.798219,-0.800646,3.394290
9.992112,-9.602436,-6.052252,1.021795,-0.935937,3.385901
10.585306,-9.109804,-6.143236,1.221535,-1.173228,3.120513
11.923134,-9.773032,-4.964630,1.058946,-0.871088,3.040884
11.816587,-10.230946,-5.241175,1.167338,-0.622478,3.014917
11.307793,-9.245083,-6.130666,1.423272,-0.541650,2.935021
10.863646,-8.187989,-5.905600,1.563090,-0.647645,2.385203
10.358444,-8.039541,-5.302828,1.463353,-0.559094,2.134995
9.715567,-8.129328,-5.085544,1.367079,-0.414083,1.962154
8.706360,-8.523194,-4.850900,1.385321,-0.273865,1.866678
7.346982,-5.415361,-4.765902,1.419810,-0.063472,1.513138
6.862132,-5.360891,-5.077163,1.237114,-0.029250,1.195418
6.724458,-4.735373,-4.862273,0.951486,-0.018730,0.994213
6.394640,-4.164926,-4.004507,0.458527,-0.134713,0.409640
6.470660,-4.394183,-3.255083,0.232688,-0.119399,0.233869
6.421576,-4.670128,-3.150930,0.045199,-0.013404,0.109764
6.623298,-5.254343,-3.378989,-0.042021,0.116693,-0.121935
6.790901,-4.526469,-3.444833,-0.099147,0.097518,-0.273071
7.139873,-4.577947,-3.413108,-0.307543,0.038795,-0.513825
8.092815,-6.526926,-2.486505,-0.611147,0.049048,-0.993068
8.216721,-6.975264,-2.607419,-0.475591,0.177415,-1.159119
8.176616,-6.450907,-3.683068,-0.364136,0.327486,-1.287751
8.006619,-6.308444,-4.482174,-0.453220,0.352254,-1.523045
8.657277,-8.671044,-3.911726,-0.786919,0.129610,-2.017202
8.854808,-9.673069,-3.804580,-0.667474,0.126015,-2.044234
8.793753,-9.127761,-4.902976,-0.389036,0.084069,-2.085247
9.200788,-8.013802,-5.467438,-0.380381,-0.357090,-2.483129
9.875988,-9.228322,-4.820372,-0.587711,-0.520477,-2.654639
10.159116,-10.293797,-4.218798,-0.565740,-0.503300,-2.754509
9.329483,-8.551327,-5.153782,-0.262002,-0.168535,-2.609232
9.000264,-7.967112,-5.414165,-0.417533,-0.167071,-2.736133
8.814703,-8.872765,-4.884420,-0.659485,-0.220335,-2.917497
7.904860,-9.357017,-3.701026,-0.830196,0.265566,-2.714694
6.780725,-8.882343,-4.003908,-0.793177,0.534550,-2.484594
6.040280,-7.753419,-4.287036,-0.781326,0.601396,-2.240112
5.563810,-7.233252,-3.918909,-0.797572,0.465573,-2.182188
4.889209,-7.728877,-2.587067,-0.715279,0.276885,-1.861538
4.098484,-6.935159,-2.863611,-0.516737,0.308843,-1.490421
3.324518,-5.911585,-3.289801,-0.322057,0.167694,-1.296673
3.473565,-5.491980,-2.988116,-0.193291,-0.282121,-0.962841
3.589690,-5.271702,-2.859421,-0.159868,-0.277593,-0.654175
3.598669,-5.325574,-2.733120,-0.155474,-0.148029,-0.348307
3.355645,-4.705445,-3.174275,-0.118855,-0.012072,0.211498
3.472368,-4.809598,-3.217372,-0.104340,-0.135379,0.383008
3.911726,-5.381841,-3.125790,-0.083434,-0.241507,0.583947
4.600094,-5.351314,-3.357440,0.134149,-0.247100,1.075574
4.733578,-5.227407,-3.529832,0.114442,-0.202758,1.314596
4.935300,-5.499163,-3.719582,0.042003,-0.188110,1.557081
5.867290,-6.662206,-4.294219,0.163844,-0.449770,1.768938
6.327001,-6.898645,-4.096089,0.312051,-0.533128,1.852696
6.581996,-6.923786,-4.039823,0.336420,-0.417145,2.053768
6.769351,-7.206914,-4.261298,0.253860,-0.238578,2.331806
7.612752,-7.967710,-5.324378,0.460791,-0.392644,2.474687
8.406471,-8.295734,-5.378250,0.682236,-0.601838,2.415164
9.308532,-8.558510,-4.798823,0.820856,-0.638457,2.408107
9.820918,-8.290347,-5.242372,0.860404,-0.215008,2.573225
9.799967,-8.164645,-5.749969,0.822321,-0.114073,2.539403
10.031020,-7.785143,-5.532683,0.786234,-0.130984,2.408773
10.047780,-8.538758,-4.449851,0.640158,-0.085177,1.993846
9.570113,-8.705163,-4.230770,0.703941,-0.015268,1.844973
8.729106,-8.122744,-4.140983,0.822054,0.072618,1.706753
7.866550,-7.226667,-4.345099,0.834571,0.104842,1.439767
7.235646,-6.748401,-4.272671,0.797420,0.078610,1.192355
6.569426,-6.467068,-3.716589,0.671051,0.148918,1.073710
6.805865,-5.799052,-3.474762,0.369843,0.322426,1.049741
6.870512,-5.115473,-3.863840,0.301931,0.569704,0.869442
6.945334,-4.210418,-3.565148,0.276631,0.647203,0.792609
6.907025,-4.129610,-3.654935,0.162379,0.644141,0.669169
6.913011,-4.115244,-4.519286,0.043467,0.347460,0.205106
7.100965,-4.586925,-4.407950,-0.078773,0.268496,0.014155
7.476276,-5.251350,-4.364852,-0.244158,0.237337,-0.096235
7.761799,-6.070808,-4.486364,-0.401154,0.031072,-0.537527
7.949753,-6.146229,-4.501927,-0.353882,-0.013138,-0.796790
7.779756,-5.978626,-5.144803,-0.294093,0.063429,-1.036079
7.790531,-6.691536,-5.358497,-0.661881,0.080740,-1.310522
8.528581,-7.922218,-4.851499,-0.818478,-0.059877,-1.508930
8.925440,-9.000862,-4.013485,-0.768809,-0.081182,-1.761801
8.590235,-9.161281,-3.318533,-0.613678,0.103111,-1.887904
6.917201,-9.198992,-4.709635,-0.610482,0.546135,-1.930914
6.390450,-9.039770,-4.877237,-0.630456,0.454654,-2.024393
6.379077,-8.909877,-4.434288,-0.661216,0.287937,-2.135049
6.411999,-8.851217,-3.636379,-0.688114,0.281546,-2.332792
5.775109,-9.486909,-3.805778,-0.646968,0.412975,-2.298170
5.320786,-8.942201,-4.073942,-0.623531,0.579425,-1.940635
4.786253,-7.776763,-3.694442,-0.579455,0.498064,-1.697085
4.593510,-7.852783,-3.370011,-0.517270,0.363306,-1.763665
4.446259,-7.837220,-3.239520,-0.464938,0.340136,-1.715461
3.867431,-7.517578,-3.331103,-0.326584,0.448928,-1.236618
3.550184,-6.705304,-3.449023,-0.238432,0.466638,-0.952188
3.401137,-6.449111,-3.404130,-0.226848,0.447596,-0.734205
3.359236,-6.411999,-3.511276,-0.224184,0.340669,-0.559232
4.397175,-7.027340,-2.940828,-0.118722,0.106840,-0.138047
4.270277,-6.576609,-3.163500,-0.034964,0.252650,0.193788
4.131405,-6.065421,-3.886586,-0.052541,0.341468,0.542268
4.653368,-6.304853,-4.297811,-0.048812,-0.238977,0.868244
5.481205,-6.918997,-3.609443,0.011909,-0.460955,1.032164
5.593140,-7.212900,-3.715990,0.106585,-0.461754,1.217389
5.942113,-6.526926,-5.040051,0.265712,-0.683865,1.544830
6.297071,-6.893857,-4.756923,0.276364,-0.925550,1.576256
7.075226,-7.715109,-3.893769,0.262383,-0.976551,1.697831
7.402650,-8.094012,-4.202637,0.518982,-0.731004,1.920874
7.039312,-7.506803,-4.539039,0.639492,-0.716755,1.972806
6.953715,-7.466699,-4.525272,0.660531,-0.765758,1.965349
7.367933,-8.097603,-5.109487,0.682103,-0.850448,1.904362
7.961725,-7.200929,-4.306790,0.853880,-0.780406,1.668935
7.908451,-7.465501,-3.872819,0.616588,-0.389448,1.738977
7.503810,-8.318480,-4.132004,0.469846,-0.063472,1.807555
6.661008,-7.591802,-3.795003,0.631369,0.160370,1.746301
6.477244,-7.278145,-3.618422,0.636962,0.241731,1.699828
6.364112,-6.793295,-3.993133,0.629105,0.222423,1.596496
6.029506,-5.916973,-3.586098,0.476904,-0.064005,1.312998
6.757978,-6.033696,-3.322124,0.310187,-0.090504,1.191823
7.160225,-6.160595,-3.121001,0.276098,-0.093034,0.823502
6.941144,-5.324378,-3.368813,0.159716,0.278350,0.576623
6.714282,-5.236985,-3.665111,0.000457,0.445599,0.583681
6.651431,-5.363285,-3.942254,-0.075445,0.412043,0.439202
6.613720,-5.165155,-4.276262,-0.040024,0.216164,0.112161
6.955510,-5.782890,-3.963803,-0.165194,-0.045229,-0.406764
7.251808,-5.872079,-3.763877,-0.238033,-0.102222,-0.562561
7.423002,-5.884050,-3.828524,-0.226981,-0.090370,-0.804380
8.071865,-6.340768,-3.878206,-0.429917,0.053043,-1.180824
8.356190,-7.314659,-3.577120,-0.573596,0.019087,-1.471246
8.457949,-7.725884,-3.455608,-0.520865,0.005372,-1.787501
8.022781,-7.139275,-4.310980,-0.338569,0.376755,-2.032915
7.977887,-7.205717,-4.977799,-0.501290,0.534683,-2.043035
8.234679,-7.622928,-5.147197,-0.651495,0.451991,-2.158485
9.346243,-8.763824,-3.516663,-0.468267,0.079276,-2.516685
8.967940,-8.855406,-3.460396,-0.274386,0.364504,-2.560895
7.765989,-8.130525,-4.995757,-0.247487,0.847609,-2.384191
6.898645,-7.173394,-6.334782,-0.334574,0.993553,-2.184052
7.655850,-7.455924,-4.965827,-0.440836,0.289668,-2.279661
7.999435,-8.094012,-3.900952,-0.381846,0.158373,-2.232389
7.537930,-8.223904,-3.864439,-0.256942,0.330016,-2.083649
6.301261,-6.712486,-4.570764,-0.174116,0.505521,-1.764464
6.066019,-6.468266,-4.157145,-0.233372,0.362640,-1.737300
5.806834,-6.564038,-3.636978,-0.283441,0.304183,-1.674448
4.893998,-6.555658,-3.426876,-0.280644,0.469834,-1.251265
4.455238,-6.030104,-3.459798,-0.229777,0.462510,-0.981483
4.227777,-5.720638,-3.118607,-0.211800,0.373160,-0.800385
3.788419,-6.106124,-3.255083,-0.207007,0.207908,-0.400639
3.801587,-5.857114,-3.403531,-0.135100,0.105908,-0.120470
3.804580,-5.321384,-3.277230,-0.076110,-0.019263,0.119884
4.389394,-5.743983,-3.249696,-0.137630,-0.250828,0.593268
4.880230,-6.008555,-3.449622,-0.060397,-0.365213,0.798335
5.151387,-5.907395,-3.661520,0.064240,-0.421140,1.012856
5.481804,-5.648210,-3.913522,0.110846,-0.444310,1.258935
6.156405,-5.996584,-4.519885,0.108982,-0.628470,1.588640
6.330592,-6.680163,-4.402563,0.107384,-0.673478,1.722066
6.528722,-7.547507,-4.233164,0.073828,-0.579867,2.007827
7.274554,-7.452931,-4.431893,0.330694,-0.788662,2.329942
7.728877,-7.775566,-4.503723,0.563458,-1.095329,2.182933
8.334641,-8.600411,-4.137392,0.754143,-1.207850,2.160030
8.455554,-8.157462,-4.582736,1.030184,-0.811299,2.466697
8.191580,-8.477104,-4.995158,1.116072,-0.666554,2.670565
8.233481,-7.882712,-4.750338,1.132584,-0.575473,2.826496
8.222706,-8.241263,-3.737539,0.988904,-0.277593,2.748331
8.335839,-8.017394,-4.160736,1.009011,-0.185047,2.638074
8.000633,-7.205717,-4.355874,1.011142,-0.173063,2.390263
7.799510,-6.611326,-4.241544,0.908742,-0.194768,2.108896
8.099998,-6.049259,-4.119434,0.742957,-0.269471,1.483177
7.680392,-6.202496,-3.817749,0.677709,-0.226726,1.190624
7.591203,-6.269536,-4.063167,0.523909,-0.161078,1.000338
7.695356,-5.136423,-4.243939,0.362652,-0.090770,0.240394
7.397861,-5.623069,-4.155349,0.118703,0.080474,-0.021665
7.212900,-5.684723,-4.165524,-0.092489,0.218694,-0.083185
7.072832,-6.194116,-4.088906,-0.293694,0.104842,-0.509963
7.240435,-6.006760,-3.838700,-0.368530,0.028542,-0.779745
7.215893,-6.462280,-3.780039,-0.448559,0.064095,-1.074562
7.071635,-6.055843,-4.446858,-0.647900,0.355849,-1.247004
7.278145,-6.266544,-4.568369,-0.831927,0.274222,-1.327300
7.955141,-6.717275,-4.817978,-0.942050,-0.026454,-1.575510
8.479497,-7.565464,-4.588721,-0.908893,-0.380659,-1.981249
9.395327,-8.672840,-4.962236,-0.682788,-0.587590,-2.547446
9.289977,-8.555518,-4.778471,-0.585581,-0.367743,-2.637329
8.964348,-7.938979,-5.137620,-0.623931,-0.058013,-2.573944
8.435203,-7.904860,-6.043273,-0.850836,0.102712,-2.925886
8.438795,-8.208939,-5.664371,-0.975607,0.166895,-3.035610
8.076653,-8.353198,-5.164556,-1.084665,0.473030,-2.950521
6.711888,-7.822256,-5.675745,-1.285470,1.202614,-2.396176
6.325803,-7.458917,-5.863100,-1.260569,1.140828,-2.254760
6.322810,-7.360750,-5.284272,-1.169355,0.870646,-2.220671
5.450079,-7.244026,-3.742328,-0.868413,0.838288,-1.917998
4.724000,-6.665199,-4.102075,-0.791180,1.016057,-1.549544
4.307388,-6.010950,-4.640199,-0.711018,0.964657,-1.285354
4.073942,-5.398602,-4.592313,-0.591040,0.677164,-1.182288
4.122427,-5.723032,-3.378989,-0.523528,0.374491,-0.821158
3.957817,-5.813418,-3.336490,-0.443099,0.400058,-0.457764
3.739934,-5.307018,-3.784827,-0.266130,0.319230,-0.163880
3.991337,-4.747944,-3.732152,-0.071982,-0.156950,0.190459
4.573158,-5.260329,-3.490325,-0.029637,-0.299698,0.395392
4.643192,-5.468037,-3.760285,0.094867,-0.349766,0.623229
4.938891,-5.259132,-4.249925,0.322172,-0.553368,1.109263
5.332159,-5.416559,-4.382211,0.374503,-0.712361,1.291693
5.928346,-5.618280,-4.466611,0.413120,-0.851647,1.487438
6.756183,-6.285099,-4.515096,0.548410,-0.918759,1.855093
7.030931,-6.264748,-4.886216,0.659200,-0.906908,1.978532
7.278145,-6.431752,-5.416559,0.762532,-0.959639,2.027136
7.527155,-6.478441,-5.526099,0.809804,-1.040468,2.056830
8.129328,-7.455924,-4.678508,0.791960,-0.951783,2.110361
8.049118,-8.098202,-4.875442,0.829112,-0.722082,2.241790
8.033555,-7.683983,-5.388425,0.840697,-0.459623,2.542732
7.934190,-7.822854,-5.473424,0.751346,-0.384255,2.692137
8.184996,-8.318480,-5.052023,0.782506,-0.441114,2.627688
8.015598,-8.357387,-4.761113,0.938303,-0.391312,2.555781
7.979682,-7.515183,-5.062199,0.949622,-0.327395,2.594264
8.134117,-6.789105,-4.895793,1.032314,-0.442978,2.217288
8.038344,-6.489216,-4.582736,1.144302,-0.473073,1.664008
8.067674,-6.244396,-4.863470,0.912736,0.000578,1.520462
7.746834,-5.228604,-5.164556,0.850684,0.080208,1.354677
8.138905,-4.822168,-5.396207,0.595016,0.045187,0.949072
8.423232,-4.737768,-5.373461,0.389551,0.039327,0.618835
8.087428,-5.633245,-5.065192,0.214978,0.221624,0.156237
7.938380,-4.994559,-5.435713,0.251597,0.234673,-0.040840
7.798312,-4.833541,-5.791270,0.117771,0.145722,-0.307693
7.866550,-6.352141,-4.659953,-0.464272,0.095388,-0.795325
7.766588,-7.409833,-4.039224,-0.527390,0.177681,-1.028355
7.568457,-6.965087,-4.352282,-0.378783,0.304849,-1.200664
7.090191,-5.624865,-5.785883,-0.456549,0.508051,-1.595218
7.549303,-5.984014,-5.879860,-0.801300,0.381416,-1.823854
8.220313,-7.978485,-5.035861,-1.038858,0.125748,-2.201895
8.504039,-9.079276,-3.935071,-0.727663,0.184605,-2.403766
8.271790,-8.335240,-5.108888,-0.553090,0.282345,-2.393113
8.113765,-7.481663,-6.302459,-0.468000,0.140130,-2.559031
8.140701,-8.386718,-4.700057,-0.908094,-0.073725,-2.930947
8.227496,-9.495888,-3.783031,-1.131404,0.440805,-2.529868
7.306877,-9.012833,-4.069752,-1.025808,1.032968,-2.129057
6.193517,-7.712117,-5.175331,-0.816081,1.322325,-1.954750
5.642224,-6.692135,-4.872449,-0.821540,0.936960,-2.101359
5.833770,-7.477473,-4.069153,-0.919280,0.732958,-2.127991
5.647611,-8.113765,-3.380187,-0.848172,0.758525,-1.947959
4.346895,-6.636466,-3.705216,-0.428052,1.005670,-1.314916
3.893170,-5.840953,-4.047604,-0.350953,0.890354,-1.143406
3.799792,-5.768524,-4.114047,-0.355613,0.642010,-1.041405
3.514269,-6.427562,-3.735743,-0.252148,0.274755,-0.514224
3.492720,-5.995985,-3.702223,-0.132970,0.235739,-0.038576
3.556169,-5.287265,-4.035633,-0.021248,0.099250,0.282739
4.431893,-5.040051,-4.321156,0.095134,-0.460023,0.455581
4.895793,-5.491980,-4.052991,0.073828,-0.564154,0.676094
5.134627,-6.023520,-4.082322,0.091538,-0.573076,0.975704
5.342335,-5.878065,-4.281650,0.146533,-0.601971,1.270121
6.415590,-6.148623,-4.396577,0.265978,-0.795986,1.510475
6.831006,-6.204890,-4.603686,0.336420,-0.858837,1.576123
7.096177,-6.179749,-4.790443,0.320174,-0.857772,1.648429
7.232653,-7.361348,-4.631819,0.271171,-0.766025,1.957493
7.487050,-7.663033,-4.540236,0.389817,-0.711030,2.152839
7.446347,-7.174591,-4.765902,0.562659,-0.697048,2.210897
7.577436,-8.197566,-4.591115,0.665991,-0.928480,2.205437
8.134117,-8.515413,-4.297811,0.820190,-1.049789,2.253108
8.271192,-8.138905,-4.376824,1.068667,-1.025554,2.212362
8.467526,-7.891691,-4.525272,1.167605,-0.608097,2.461637
8.627946,-7.361947,-4.339712,1.138842,-0.474005,2.429812
8.463336,-7.066248,-4.159539,1.135913,-0.375333,2.185064
8.495061,-7.037516,-4.094294,1.108748,-0.246834,1.978133
8.061090,-6.052850,-4.598299,1.202626,-0.038039,1.554817
7.960528,-5.054417,-5.266315,1.102889,-0.104219,1.129903
8.340028,-4.321754,-5.387827,0.924055,-0.148961,0.811384
8.298128,-5.105895,-5.256139,0.215643,0.127346,0.279010
7.992851,-4.960440,-5.465642,0.073828,0.322160,0.201511
7.629512,-4.826957,-5.714054,0.029619,0.347859,-0.028190
7.336208,-4.772486,-5.975035,-0.158536,0.179945,-0.492253
7.585816,-4.970017,-5.744581,-0.427653,0.138399,-0.625546
7.880917,-5.706272,-5.228006,-0.678526,0.189932,-0.769359
7.978485,-6.751993,-4.796429,-0.814749,0.370097,-1.156988
8.244854,-6.430555,-5.023291,-0.797039,0.334410,-1.361788
8.627946,-6.380873,-5.058608,-0.821141,0.183540,-1.655806
9.015228,-6.882483,-4.767697,-0.902369,0.057970,-1.936374
9.172056,-8.470520,-4.654565,-0.936058,0.279282,-2.319209
8.601609,-8.346612,-5.290258,-0.801034,0.462777,-2.390982
8.170630,-7.823452,-5.554233,-0.716344,0.513111,-2.363418
7.953943,-8.143694,-4.898188,-0.814616,0.368766,-2.382460
7.879121,-9.264836,-4.462421,-0.825668,0.381416,-2.363019
7.865354,-8.879948,-4.352282,-0.744041,0.516840,-2.265013
6.318022,-7.736060,-4.168518,-0.605022,0.798873,-2.198167
5.429728,-7.643280,-4.284044,-0.668406,0.874641,-2.015471
4.938292,-7.503810,-4.530659,-0.636714,0.778632,-1.821989
4.405556,-7.005791,-3.430467,-0.345360,0.266499,-1.726514
3.858452,-7.176985,-3.002482,-0.250550,0.314436,-1.534896
3.329307,-7.065649,-3.341279,-0.185302,0.487544,-1.120635
3.223957,-6.400626,-3.964402,-0.094886,0.479022,-0.719690
3.270646,-5.165155,-3.751307,0.062776,-0.034044,-0.458563
3.512473,-5.492578,-3.371208,-0.016455,-0.108480,-0.243643
3.850073,-6.054646,-3.425080,-0.045617,-0.058811,0.070482
3.941057,-5.232794,-4.297213,0.178758,-0.150292,0.714577
4.382810,-4.987376,-4.409147,0.177293,-0.358954,0.860653
4.946673,-5.529691,-4.449851,0.131619,-0.546310,0.967315
5.905600,-6.386858,-4.253516,0.230957,-0.576005,1.379046
6.082779,-6.289290,-4.400168,0.295939,-0.473339,1.636444
6.190524,-6.222249,-4.607876,0.307524,-0.472540,1.829793
6.728648,-7.115332,-4.928715,0.419778,-0.769886,2.012488
7.311068,-7.514585,-4.740162,0.607933,-0.938201,2.044313
7.827643,-7.570851,-4.765902,0.839632,-0.976151,2.005564
7.846797,-7.886304,-4.962236,1.037374,-0.900383,2.023274
7.445748,-8.131722,-4.764106,1.132584,-0.491315,2.540068
7.813277,-7.955739,-4.607876,1.090505,-0.358954,2.673495
8.003027,-7.789334,-4.559989,1.121531,-0.318340,2.429546
7.408038,-7.141669,-4.826957,1.080385,-0.052420,2.009559
7.365538,-6.404816,-4.523476,0.822720,0.080740,2.043914
7.318849,-6.690339,-4.248129,0.617654,0.002842,1.827662
7.639688,-6.645445,-3.957218,0.640824,-0.300098,1.207269
7.543915,-6.411400,-3.925494,0.685965,-0.292374,0.993281
7.662435,-5.978028,-4.185278,0.653607,-0.273865,0.829228
8.032358,-5.615288,-4.740162,0.392613,-0.201026,0.308306
8.204151,-5.808031,-4.780267,0.198865,-0.015002,0.233869
8.011407,-5.615886,-4.595904,0.165043,0.093524,0.153174
7.680990,-5.581169,-4.695868,0.174896,0.083403,-0.119671
7.391277,-5.635639,-5.064593,0.038541,0.001510,-0.575611
7.239238,-5.715849,-5.041248,-0.180641,-0.000487,-0.747920
7.129099,-6.141440,-4.595306,-0.435909,0.023748,-0.849655
7.079417,-7.392475,-3.908733,-0.565207,0.056771,-1.109583
7.058466,-7.337405,-4.190665,-0.452154,0.037463,-1.282425
7.072234,-6.712486,-4.524673,-0.409676,0.019753,-1.435692
7.363144,-7.156633,-4.761113,-0.775600,-0.031913,-1.847689
7.768982,-8.398690,-4.503124,-0.909293,-0.077321,-2.018400
7.763595,-9.159485,-3.821341,-0.791313,-0.018198,-2.094834
6.854949,-8.457350,-4.130208,-0.472661,0.468502,-1.926653
6.438935,-7.811481,-5.123853,-0.426854,0.528957,-1.923324
6.185137,-7.190752,-5.360891,-0.455483,0.338671,-2.055020
6.549673,-8.301719,-4.047604,-0.638578,0.089928,-2.184984
6.290487,-8.441188,-3.812362,-0.557883,0.314170,-2.080853
5.595534,-8.144891,-4.090702,-0.440303,0.607255,-1.807874
4.976602,-7.055473,-4.472597,-0.345893,0.743078,-1.477904
4.439076,-6.448512,-4.257108,-0.310605,0.347859,-1.278963
4.513300,-6.568229,-3.898558,-0.266263,0.144258,-1.148466
4.507314,-6.337775,-3.707012,-0.175448,0.069422,-0.976423
4.124821,-5.439305,-3.903346,-0.134701,0.153845,-0.611564
3.911128,-5.423143,-4.109258,-0.243892,0.217895,-0.313552
3.863840,-5.526698,-4.094294,-0.321924,0.201916,-0.028057
4.242143,-6.083977,-3.771060,-0.222054,-0.000088,0.372755
4.353479,-6.006760,-3.714793,-0.090225,-0.074391,0.577821
4.535448,-5.811024,-3.975176,-0.030703,-0.136177,0.807123
5.211246,-6.111511,-4.425309,0.002987,-0.376531,1.084895
5.603915,-6.349746,-4.246333,0.041071,-0.431793,1.219786
5.790073,-6.568229,-4.071547,0.057582,-0.384122,1.387035
5.945704,-6.856146,-4.114047,0.043601,-0.303826,1.599692
6.447315,-7.027939,-3.985352,0.092870,-0.334053,1.838981
6.588580,-7.287723,-3.956021,0.192207,-0.408623,1.836584
6.837590,-7.563669,-3.938064,0.327897,-0.477067,1.828594
7.018362,-7.670216,-4.008697,0.531366,-0.470676,1.783320
7.036917,-7.694758,-3.859051,0.527504,-0.381858,1.861485
7.166810,-7.515782,-3.966796,0.524042,-0.292241,1.939117
7.589407,-7.125507,-4.327141,0.617787,-0.360819,1.670267
7.812079,-7.178183,-4.145173,0.608066,-0.424336,1.535775
7.877923,-7.102761,-3.945247,0.647881,-0.447639,1.369059
7.682786,-6.471258,-4.562384,0.614192,-0.207684,1.224181
7.743243,-6.009154,-4.507314,0.523243,-0.140705,1.108997
7.582823,-6.134856,-4.513300,0.511925,-0.142969,0.855593
7.002798,-6.539496,-4.336719,0.591687,-0.095297,0.749731
7.278744,-4.938292,-5.526698,0.429765,0.068223,0.680621
7.505008,-4.686889,-6.030703,0.375835,-0.075057,0.275016
7.992851,-4.655164,-5.713455,0.246270,-0.230721,-0.049895
8.293938,-4.922131,-5.717645,-0.178777,-0.085310,-0.365085
8.219714,-5.047235,-5.971443,-0.417799,0.053442,-0.463757
8.255629,-5.328567,-5.898416,-0.632054,0.082205,-0.702379
8.380133,-6.394042,-5.093325,-0.911423,0.045719,-1.269775
8.309501,-6.798084,-4.685093,-0.901836,0.174884,-1.380031
7.915634,-6.818435,-4.904173,-0.866282,0.338006,-1.498677
7.506803,-6.949524,-5.372264,-0.958029,0.380484,-1.761801
7.847396,-7.874931,-4.941884,-1.001307,0.275953,-1.858076
8.159855,-8.612382,-4.158342,-0.888786,0.275687,-1.916134
7.912043,-8.266403,-4.104469,-0.634717,0.425492,-1.948358
7.235048,-7.003397,-5.025685,-0.462008,0.647470,-2.124662
6.968679,-7.018362,-5.229802,-0.540839,0.645872,-2.196968
6.792098,-7.118324,-5.147796,-0.659751,0.683290,-2.123331
6.440731,-7.296103,-4.612665,-0.648699,0.874774,-1.844493
5.946901,-6.976460,-4.638403,-0.518868,0.969184,-1.694422
5.229203,-6.556257,-4.815584,-0.426721,0.957466,-1.517053
4.634213,-5.991197,-4.548616,-0.365068,0.558252,-1.199200
4.657558,-5.895423,-4.114047,-0.285038,0.350922,-1.120902
4.640798,-5.793066,-3.868030,-0.183570,0.269961,-1.024227
3.710603,-5.321983,-3.911128,-0.099147,0.341068,-0.466952
3.646555,-5.101705,-3.847678,-0.130972,0.279548,-0.153360
3.670498,-5.216034,-3.907536,-0.097549,0.093257,0.003103
3.903346,-5.354905,-3.895565,-0.006601,-0.120465,0.147448
3.760285,-5.794263,-3.796799,0.129089,-0.252426,0.675561
3.726166,-5.952888,-3.906938,0.145601,-0.267207,1.081699
3.923099,-6.213270,-3.965599,0.145868,-0.354427,1.411537
4.096688,-8.099399,-4.190665,0.301798,-0.669617,1.888516
4.088308,-8.475308,-4.463618,0.520180,-0.925817,2.296386
4.043414,-8.656079,-5.020298,0.790895,-1.352861,2.617434
6.049858,-8.032957,-5.238780,1.143236,-2.347167,2.658448
6.892061,-8.883540,-4.758718,1.355893,-2.565017,2.259234
7.491240,-9.389341,-4.670128,1.570281,-2.339178,2.128204
7.730074,-8.498653,-5.464445,1.558430,-1.076154,2.324748
7.348778,-8.321473,-5.808629,1.387053,-0.592650,2.363765
7.215294,-7.558880,-6.098941,1.202093,-0.347636,2.308636
7.376313,-7.125507,-5.987006,1.072395,-0.347103,1.969611
7.652857,-7.197337,-5.864297,0.935906,-0.349766,1.180105
7.506803,-6.871110,-6.042675,0.831908,-0.143501,1.091154
7.247618,-6.439534,-6.170172,0.686364,0.070487,1.071979
6.920194,-6.172566,-6.328197,0.456663,0.132273,0.735483
7.440959,-5.473424,-6.650234,0.353331,0.021218,0.426019
7.599584,-5.439903,-6.670586,0.175030,-0.025255,0.121881
7.286526,-5.871480,-5.878663,-0.257741,0.261305,-0.162149
6.845371,-6.334183,-5.927747,-0.364002,0.412309,-0.310756
6.789703,-6.406611,-5.931338,-0.426987,0.431218,-0.487060
7.373320,-6.437139,-5.555429,-0.550693,0.117626,-1.110781
7.473881,-6.874702,-5.236985,-0.638845,0.103377,-1.326900
7.349975,-7.485254,-4.853294,-0.704626,0.245459,-1.501739
7.094381,-7.818664,-4.746747,-0.714347,0.448395,-1.641291
6.072005,-8.073061,-5.213640,-0.701164,0.622835,-1.686965
5.924754,-7.764193,-5.300434,-0.727263,0.526693,-1.662064
5.986408,-7.982675,-5.179521,-0.752963,0.357713,-1.779644
5.945106,-8.924243,-4.405556,-0.670936,0.279415,-1.918797
5.792468,-8.806921,-4.252917,-0.552024,0.389405,-1.861937
5.444094,-8.464533,-4.424710,-0.473060,0.538278,-1.794026
5.093325,-7.415221,-5.010122,-0.514340,0.709389,-1.739430
4.944278,-7.331419,-4.828752,-0.600495,0.726966,-1.796955
4.406154,-7.950951,-4.567771,-0.664012,0.768645,-1.753811
3.757891,-7.411629,-4.287635,-0.534980,0.842016,-1.161249
3.390362,-6.933363,-4.118237,-0.422060,0.754530,-1.007050
3.076706,-6.492807,-3.911128,-0.366666,0.615644,-0.861106
2.454182,-6.985439,-3.797397,-0.241096,0.312306,-0.450307
2.569109,-6.595165,-3.797996,-0.102742,0.167428,-0.158687
2.670269,-6.255769,-3.911726,0.019765,0.036531,0.037591
2.847450,-6.098941,-3.980563,0.050924,-0.067600,0.261167
3.290998,-6.594566,-4.294219,-0.100745,-0.145632,0.861852
3.802186,-6.978855,-4.279854,-0.097815,-0.253225,1.105135
4.190665,-7.157232,-4.258903,0.015504,-0.395573,1.210865
4.784457,-7.485853,-4.837731,0.115241,-0.477999,1.565470
5.049629,-7.813875,-5.013714,0.109382,-0.548841,1.733917
5.262723,-7.838417,-4.879631,0.153591,-0.652972,1.814346
5.694899,-8.031161,-4.564179,0.244140,-0.730471,1.959624
6.092955,-8.105983,-4.612665,0.352266,-0.799581,1.907824
6.300663,-8.209538,-4.892800,0.554003,-0.879078,1.745902
6.836393,-7.430185,-5.244766,0.716858,-0.855908,1.677591
7.275751,-7.302687,-5.372862,0.702477,-0.864829,1.581715
7.552894,-6.975264,-5.184309,0.707537,-0.854576,1.411004
7.746834,-6.893857,-5.113677,0.694753,-0.760965,1.259734
7.846199,-6.440132,-5.215435,0.632834,-0.388383,1.020579
7.588809,-6.107321,-5.396207,0.538157,-0.187977,0.932693
7.299096,-5.718244,-5.661977,0.443214,-0.093300,0.812849
6.998608,-5.746975,-5.596133,0.272636,-0.167204,0.414168
7.054875,-5.930141,-5.302828,0.243341,-0.239510,0.258770
6.997411,-5.930141,-5.264519,0.176228,-0.250562,0.087526
7.708525,-5.429129,-5.673949,-0.046282,-0.071861,-0.300236
7.852783,-6.015738,-5.377651,-0.128442,-0.033644,-0.627810
7.855776,-6.207883,-5.048431,-0.195688,0.106041,-0.779612
7.146458,-6.095948,-5.666766,-0.176912,0.279548,-0.952720
7.142866,-5.705075,-6.001971,-0.199816,0.146521,-1.195338
7.332616,-5.989401,-5.987006,-0.300352,-0.034976,-1.539024
7.563070,-6.659811,-5.581767,-0.420729,-0.066801,-1.698816
7.691765,-7.628914,-5.499762,-0.514207,0.321361,-1.757939
7.417016,-7.293110,-5.907395,-0.488507,0.532419,-1.786436
7.080614,-7.036319,-6.200101,-0.578790,0.648402,-1.842496
7.193147,-7.433178,-5.606309,-0.910625,0.637749,-2.074461
7.060861,-7.949753,-5.135226,-0.921277,0.660519,-2.212148
6.722662,-7.832431,-5.101107,-0.857360,0.768512,-2.235984
5.664970,-6.841780,-5.457861,-0.800767,0.933764,-2.129190
5.144205,-6.751993,-5.359095,-0.863220,0.882364,-1.936907
4.974207,-6.807661,-5.004137,-0.937390,0.801802,-1.648082
4.531856,-7.254202,-3.862044,-0.646169,0.555190,-1.300135
4.144574,-6.414393,-3.606450,-0.349088,0.493004,-1.098664
3.747715,-5.721835,-3.563951,-0.189030,0.441338,-0.882811
3.525043,-5.415361,-3.675287,-0.146951,0.333345,-0.686400
3.466981,-5.392017,-3.706413,-0.127910,0.053842,-0.304897
3.732152,-5.462649,-3.479551,-0.082768,-0.047759,-0.080921
3.984155,-5.532683,-3.416101,0.010311,-0.099159,0.142122
4.261896,-5.026284,-3.988345,0.086744,-0.188376,0.583414
4.515096,-5.235787,-3.952430,0.041204,-0.266541,0.761582
4.854491,-5.634442,-3.886586,0.021097,-0.303826,0.951202
5.154380,-6.110913,-4.519885,0.125760,-0.234183,1.348419
5.277090,-6.020527,-4.906568,0.131619,-0.223530,1.577987
5.550641,-6.128870,-4.964032,0.086611,-0.327928,1.732985
6.556257,-7.248815,-4.414534,0.157985,-0.666421,1.740176
6.675374,-7.498423,-4.440273,0.330028,-0.616752,1.753092
6.820231,-7.549303,-4.737169,0.454799,-0.449104,1.892245
6.741219,-7.380503,-5.137022,0.554136,-0.351631,2.057896
7.102761,-7.208111,-5.571591,0.625244,-0.526603,2.015684
7.487050,-7.352968,-5.147796,0.591954,-0.589188,1.949104
7.927007,-7.556486,-4.713825,0.562126,-0.531530,1.902365
8.062287,-6.839385,-4.946673,0.660664,-0.234450,1.673596
8.088624,-6.449709,-5.208851,0.642155,-0.118867,1.598227
8.120948,-5.761342,-5.387228,0.603406,-0.075323,1.482644
8.214326,-5.805636,-5.071776,0.463588,-0.030981,1.091686
8.196369,-5.681730,-4.973609,0.382094,0.079142,0.993814
8.060491,-5.825389,-5.121459,0.335088,0.129077,0.886220
8.228094,-4.939490,-5.342335,0.257589,-0.034310,0.414567
8.361577,-5.157972,-5.404587,0.188745,-0.069731,0.045847
8.378936,-5.447086,-5.126247,0.045997,0.008301,-0.209021
