0,1054983.00,-12.623473,1.233675,1.966937,-0.199635,-3.111489,-1.456311
0,1055006.00,-12.185910,1.470713,-0.106547,-0.000694,-3.001765,-1.196116
0,1055029.00,-13.700320,2.338057,-3.072516,-0.166079,-2.247014,-0.603820
0,1055052.00,-13.266948,3.364623,-4.066160,-0.273406,-1.395322,-0.380643
0,1055075.00,-11.649582,3.471769,-4.665938,-0.235588,-0.494361,-0.138825
0,1055098.00,-10.585904,2.778014,-4.528863,-0.146904,0.164515,0.107255
0,1055121.00,-10.709211,2.059118,-3.618422,-0.118141,0.635902,0.283293
0,1055144.00,-10.024435,2.909702,-2.737311,-0.110418,1.162683,0.455602
0,1055167.00,-10.001090,3.213182,-2.723543,-0.029190,1.600247,0.567456
0,1055190.00,-12.453476,-0.365134,0.738050,0.062424,2.486561,0.792497
0,1055213.00,-12.589952,-1.163641,1.921445,-0.179927,3.135317,1.017271
0,1055236.00,-13.642857,-0.678192,3.352053,-0.283526,3.550776,1.150165
0,1055259.00,-14.611959,-0.074823,5.141810,-0.123201,3.991802,1.296375
0,1055282.00,-14.106756,-0.302283,7.069241,0.317026,4.463988,1.471081
0,1055305.00,-14.424603,-2.171053,8.721324,0.800664,4.631770,1.609034
0,1055328.00,-12.577382,-8.551926,14.021758,0.757786,4.474374,1.659103
0,1055351.00,-10.466786,-11.246737,15.877359,0.001437,4.235485,1.834341
0,1055374.00,-7.079417,-11.058184,16.441223,-1.055588,3.658636,1.888138
0,1055397.00,-6.139645,-8.541151,16.301155,-1.874256,2.717460,1.972295
0,1055420.00,-7.932395,-8.313690,16.345449,-1.916068,1.847392,1.849788
0,1055443.00,-8.354394,-9.085860,17.805986,-1.450274,1.419150,1.498512
0,1055466.00,-5.974436,-8.820090,17.923906,-0.732542,1.277734,1.055887
0,1055489.00,-1.583845,-12.992199,19.614300,0.966048,-0.664806,-0.409939
0,1055512.00,-4.662347,-12.971848,19.614300,1.176175,-2.150073,-0.669068
0,1055535.00,-11.176105,-14.032533,19.611906,0.995344,-3.070742,-1.066951
0,1055558.00,-11.212019,-13.114309,18.334534,0.860586,-3.322414,-1.909854
0,1055581.00,-10.091475,-11.993766,15.928239,0.307705,-3.642531,-2.146346
0,1055604.00,-13.463283,-8.788365,14.475483,-0.297108,-4.496354,-2.141552
0,1055627.00,-16.884172,-5.978626,12.316999,-0.467020,-4.977328,-2.244618
0,1055650.00,-18.080137,-4.247530,8.383126,-0.106157,-4.823395,-2.518928
0,1055673.00,-17.937675,-2.793577,5.997182,0.008095,-4.611404,-2.510139
0,1055696.00,-16.440025,-0.875125,3.663914,0.117819,-4.310196,-2.339162
0,1055719.00,-15.066282,0.194539,0.450731,0.165490,-4.096341,-2.055797
0,1055742.00,-16.251472,-0.864949,-1.846622,0.014753,-3.956789,-1.640072
0,1055765.00,-17.743135,2.372176,-4.807802,-0.636666,-3.391924,-1.146314
0,1055788.00,-15.677433,8.053308,-8.404675,-0.582870,-1.036322,-0.487438
0,1055811.00,-13.064628,6.860336,-8.655480,-0.155426,0.062781,-0.168120
0,1055834.00,-12.336753,4.664741,-7.821058,0.106900,0.689166,0.205527
0,1055857.00,-12.842554,4.251720,-6.834597,0.100508,1.162151,0.548548
0,1055880.00,-12.961672,4.292424,-5.613492,0.136461,1.805048,0.941370
0,1055903.00,-12.672557,3.823136,-3.254484,0.336468,2.366450,1.213549
0,1055926.00,-15.809719,1.033151,-1.171423,0.333272,2.840766,1.357628
0,1055949.00,-15.211737,-4.174503,4.338514,-0.386592,4.508729,1.674816
0,1055972.00,-16.082073,-4.511505,8.378337,-0.930417,4.882377,2.072964
0,1055995.00,-16.016230,-0.940371,7.097972,-0.758108,4.854413,2.378433
0,1056018.00,-16.393335,-3.736941,14.086405,0.086127,4.823520,2.388021
0,1056041.00,-14.038519,-10.456610,14.265381,0.273882,5.112477,2.226897
0,1056064.00,-11.947077,-12.722837,18.849913,0.198514,4.530834,2.474042
0,1056087.00,-6.219256,-9.538387,19.292263,-0.461428,3.073530,1.937407
0,1056110.00,-5.950493,-12.388829,19.614300,0.080800,2.109984,1.552575
0,1056133.00,-4.136194,-15.053712,19.614300,0.299982,1.368016,1.186651
0,1056156.00,-3.559761,-15.097408,19.614300,0.114889,0.448146,0.691295
0,1056179.00,-2.731923,-14.855581,19.614300,-0.066209,-0.456277,0.082221
0,1056202.00,-2.912096,-14.432384,19.614300,-0.156757,-1.319154,-0.317526
0,1056225.00,-3.973979,-12.995790,18.542839,-0.300570,-2.243552,-0.587308
0,1056248.00,-17.070332,-10.436857,13.554267,0.010492,-3.738939,-1.606781
0,1056271.00,-11.702856,-9.260646,13.606941,0.479748,-3.344519,-2.763676
0,1056294.00,-11.775883,-8.314289,12.475624,0.298650,-3.623889,-2.558876
0,1056317.00,-14.418018,-5.137620,10.675093,0.065886,-4.308332,-2.503215
0,1056340.00,-15.971935,-4.959243,9.363003,0.334337,-4.427377,-2.511205
0,1056363.00,-16.207176,-4.592911,7.547507,0.384139,-4.223109,-2.419058
0,1056386.00,-15.252440,-3.141353,5.268111,0.272018,-4.010053,-2.372452
0,1056409.00,-14.296507,0.296896,-1.261210,0.130069,-3.769300,-1.809717
0,1056432.00,-16.112602,1.075051,-3.792609,-0.058219,-3.564766,-1.440065
0,1056455.00,-18.165134,3.584901,-6.210277,-0.461161,-2.759946,-1.119149
0,1056478.00,-16.827906,6.532912,-8.110771,-0.701915,-1.306371,-0.756687
0,1056501.00,-13.952323,6.604742,-8.333444,-0.550112,0.051329,-0.350816
0,1056524.00,-12.571995,5.970246,-7.818664,-0.447579,0.744827,0.014309
0,1056547.00,-11.795037,5.986408,-4.867062,-0.207092,1.797590,0.931516
0,1056570.00,-11.297018,4.650974,-2.934842,0.114357,2.203995,1.325670
0,1056593.00,-12.592945,1.757434,-0.826042,0.272817,2.481767,1.667625
0,1056616.00,-15.836057,-2.836076,3.068924,0.091453,2.899091,1.862838
0,1056639.00,-15.266208,-3.314342,4.495941,-0.585000,3.626411,1.818895
0,1056662.00,-14.061863,-2.290769,6.600552,-0.875289,4.248535,2.124630
0,1056685.00,-13.234624,-2.423056,8.502243,-0.788202,4.516719,2.503604
0,1056708.00,-14.934594,-7.955141,14.473088,0.211031,4.128957,2.547280
0,1056731.00,-11.933310,-11.510712,16.372385,0.249913,4.166242,2.403734
0,1056754.00,-7.330821,-10.746922,17.789825,0.029667,3.585132,2.232490
0,1056777.00,-5.773911,-9.431241,16.546572,-0.011347,2.627444,1.874023
0,1056800.00,-5.671554,-11.790847,17.715002,0.290128,1.663631,1.533400
0,1056823.00,-4.227777,-14.479672,17.092478,0.327945,0.966139,1.255361
0,1056846.00,-4.074540,-15.397297,17.739544,-0.234789,-0.180103,0.198869
0,1056869.00,-3.336490,-14.083412,16.900932,-0.481402,-0.624591,0.002858
0,1056892.00,-3.707610,-11.300011,16.438229,-0.659037,-1.399849,-0.169452
0,1056915.00,-10.856462,-10.494321,13.902042,-0.727481,-2.258465,-0.557480
0,1056938.00,-10.703225,-9.018819,14.032533,0.146315,-2.470190,-1.857655
0,1056961.00,-8.378936,-9.506063,13.612329,0.522892,-2.450749,-2.275512
0,1056984.00,-9.876585,-7.775566,12.182918,0.199046,-2.971405,-2.188691
0,1057007.00,-13.098147,-5.244167,9.871797,0.110628,-3.502447,-2.105599
0,1057030.00,-13.832008,-4.476787,8.593227,0.093317,-3.479810,-2.131432
0,1057053.00,-13.392650,-3.284414,6.956109,0.032064,-3.332801,-2.133030
0,1057076.00,-12.983220,-2.050140,5.389623,0.021144,-3.258498,-2.048340
0,1057099.00,-12.541468,-0.764388,4.218798,0.065620,-3.247845,-1.974570
0,1057122.00,-12.405590,0.837415,2.472139,0.156701,-3.181531,-1.812381
0,1057145.00,-11.926126,0.799106,0.789528,0.275747,-2.991645,-1.515434
0,1057168.00,-12.487596,2.081864,-2.966567,-0.243844,-2.471255,-0.699429
0,1057191.00,-13.259166,5.292054,-5.062199,-0.405767,-1.956192,-0.417129
0,1057214.00,-12.988008,5.891233,-6.097744,-0.114146,-1.168683,-0.221650
0,1057237.00,-12.074574,4.928117,-6.142039,0.236331,-0.322584,-0.004866
0,1057260.00,-11.181492,4.108659,-5.614090,0.410505,0.412459,0.248671
0,1057283.00,-11.917747,2.813330,-4.032041,0.476286,0.978656,0.534965
0,1057306.00,-13.214272,0.092181,-0.200525,0.099176,2.527841,1.017537
0,1057329.00,-13.010755,-0.489639,1.653879,-0.212951,3.229860,1.237784
0,1057352.00,-13.778135,-0.764388,3.126987,-0.457166,3.698051,1.490788
0,1057375.00,-14.432983,-0.778155,5.206457,-0.324006,4.044267,1.713698
0,1057398.00,-14.978291,-1.340821,7.011777,0.013421,4.359857,1.883078
0,1057421.00,-14.407843,-3.469974,10.147742,0.448588,4.539090,1.936342
0,1057444.00,-14.400062,-7.298497,12.849138,0.615305,4.569983,1.974692
0,1057467.00,-8.800337,-9.487508,18.173515,0.007562,3.987009,2.028489
0,1057490.00,-5.767327,-9.649723,18.103481,-0.329333,3.359025,1.830080
0,1057513.00,-4.819774,-11.279060,18.808609,-0.225468,2.383228,1.596784
0,1057536.00,-4.861076,-12.112884,19.178534,-0.271009,1.491855,1.385592
0,1057559.00,-4.337916,-12.242177,18.163939,-0.395114,0.924859,1.040974
0,1057582.00,-5.226809,-13.775143,19.100718,-0.305098,0.450010,0.595686
0,1057605.00,-1.208535,-12.200276,17.272652,-0.360492,-0.770535,-0.235499
0,1057628.00,-3.307758,-8.855406,16.267633,-0.226001,-2.020375,-0.356408
0,1057651.00,-12.352915,-9.100824,14.831039,0.127939,-2.899232,-0.858155
0,1057674.00,-10.366823,-9.037973,13.866127,0.720501,-2.640368,-2.047275
0,1057697.00,-8.169433,-8.702169,12.400801,0.678955,-2.514666,-2.096012
0,1057720.00,-10.251297,-6.660410,11.311982,0.335402,-3.094711,-1.980961
0,1057743.00,-12.428934,-5.666766,10.708612,0.248049,-3.443590,-1.976168
0,1057766.00,-13.036494,-4.462421,8.550729,0.105834,-3.349845,-1.891211
0,1057789.00,-13.253778,-2.821112,7.120120,0.018215,-3.338128,-1.892809
0,1057812.00,-13.171175,-1.950177,5.599725,0.114623,-3.203636,-1.786281
0,1057835.00,-12.270909,-1.880741,4.436083,0.219020,-3.012418,-1.660844
0,1057858.00,-11.445466,-0.619531,2.316508,0.183866,-2.905357,-1.526885
0,1057881.00,-11.362862,0.128096,0.498019,0.189991,-2.909086,-1.352179
0,1057904.00,-11.800425,0.524955,-1.002024,0.152707,-2.690170,-1.057363
0,1057927.00,-11.367650,2.296156,-4.094294,-0.056355,-1.588138,-0.503950
0,1057950.00,-11.073747,2.922871,-5.214837,-0.053691,-1.037121,-0.283969
0,1057973.00,-11.422121,3.478354,-6.035491,0.025672,-0.537238,-0.034161
0,1057996.00,-12.679740,3.358039,-5.818207,0.169751,0.021768,0.211919
0,1058019.00,-13.934964,2.638545,-4.701853,0.241658,0.815668,0.441753
0,1058042.00,-13.700320,1.461735,-2.757064,0.200911,1.803183,0.615927
0,1058065.00,-13.064628,-0.299290,1.101987,-0.204695,3.157688,0.932581
0,1058088.00,-13.742820,-1.780180,3.398144,-0.479005,3.620286,1.226066
0,1058111.00,-14.517384,-2.259643,5.259132,-0.653711,4.033348,1.522214
0,1058134.00,-15.030367,-1.683210,6.882483,-0.642259,4.339084,1.749918
0,1058157.00,-15.219519,-1.662858,8.719528,-0.346910,4.528171,1.928352
0,1058180.00,-15.458951,-3.832115,10.455413,0.075474,4.622448,1.977089
0,1058203.00,-14.808892,-6.575411,12.438512,0.350316,4.638960,1.972029
0,1058226.00,-10.881602,-10.294993,17.770071,-0.189781,4.392880,2.005319
0,1058249.00,-7.099170,-9.709581,18.414145,-0.545851,3.989139,1.856180
0,1058272.00,-4.813189,-9.493493,19.227018,-0.449710,3.091374,1.557368
0,1058295.00,-3.362828,-9.949613,19.127054,-0.245176,2.111848,1.306228
0,1058318.00,-3.971585,-12.181122,19.349129,0.090920,1.127529,0.947495
0,1058341.00,-3.255083,-13.680567,19.614300,0.214493,0.407399,0.483832
0,1058364.00,-2.484111,-12.469638,19.519724,-0.005488,-0.094348,0.165846
0,1058387.00,-7.518177,-7.623527,17.375008,0.006231,-1.896004,-0.362534
0,1058410.00,-9.262442,-7.700145,16.452595,1.133564,-2.312795,-1.447522
0,1058433.00,-6.770549,-10.114222,15.964153,1.484307,-2.218517,-1.856323
0,1058456.00,-8.563897,-7.882113,14.225276,0.824632,-2.984721,-1.633147
0,1058479.00,-12.048836,-6.607136,12.967058,0.589738,-3.731749,-1.703189
0,1058502.00,-13.475852,-6.420379,11.735179,0.515701,-3.918439,-1.628353
0,1058525.00,-15.056705,-3.853065,8.641713,0.259235,-4.243616,-1.737278
0,1058548.00,-15.175223,-2.758261,6.802872,0.396390,-4.211924,-1.800130
0,1058571.00,-14.432384,-1.874756,5.050826,0.646731,-4.172509,-1.843007
0,1058594.00,-14.035525,-1.196563,3.114417,0.850465,-4.170378,-1.684014
0,1058617.00,-14.348583,-2.166264,1.051707,0.959124,-4.007390,-1.431809
0,1058640.00,-14.356963,-2.391929,-1.226492,0.642203,-3.644928,-1.133264
0,1058663.00,-15.130929,-0.288516,-3.699230,0.061625,-3.080063,-0.734050
0,1058686.00,-13.755988,3.962007,-7.603774,-0.321343,-1.270151,-0.260267
0,1058709.00,-12.913186,3.044981,-7.436769,-0.129326,-0.435770,0.037213
0,1058732.00,-12.882060,2.132744,-6.054048,-0.108553,0.250537,0.256394
0,1058755.00,-12.838364,2.530800,-5.240576,-0.244377,0.987977,0.438824
0,1058778.00,-12.931144,2.093237,-3.302371,-0.263019,1.776818,0.636700
0,1058801.00,-12.491187,1.176211,-0.797310,-0.248638,2.476973,0.725384
0,1058824.00,-12.508546,-1.228288,2.477526,-0.362623,3.206957,0.961610
0,1058847.00,-13.870915,-2.704987,4.516293,-0.419349,3.460494,1.164812
0,1058870.00,-9.239696,-0.513582,5.970246,-0.669690,3.929483,1.321941
0,1058893.00,-17.460606,-0.874527,9.776622,-0.007884,3.782475,1.813302
0,1058916.00,-12.950298,-2.093237,9.245083,0.083996,4.371308,1.297973
0,1058939.00,-13.440536,-7.264378,13.593773,0.442463,4.381695,1.675614
0,1058962.00,-13.344165,-8.539954,15.733700,0.004899,4.204059,1.642058
0,1058985.00,-4.275663,-6.037287,18.177107,-0.308560,3.629607,1.433796
0,1059008.00,-3.342476,-7.075825,18.215416,-0.009749,2.375772,1.189314
0,1059031.00,-5.850530,-9.223534,18.825371,0.094116,1.192777,0.964273
0,1059054.00,-4.767697,-11.261702,19.614300,-0.142909,0.930186,0.883046
0,1059077.00,-4.562384,-10.793013,19.614300,-0.571418,0.655876,0.757343
0,1059100.00,-1.456946,-8.575869,17.559971,-0.820161,0.280897,0.222305
0,1059123.00,-0.425591,-8.681219,19.279694,-0.320811,-0.357472,0.288885
0,1059146.00,-8.851814,-9.009840,16.348442,0.154305,-2.579914,-0.662943
0,1059169.00,-7.971901,-8.980510,14.843610,0.463502,-2.635575,-1.597993
0,1059192.00,-8.788963,-7.575640,12.806041,-0.088846,-2.782850,-1.439799
0,1059215.00,-10.396752,-5.497966,11.300011,-0.432399,-3.136789,-1.428081
0,1059238.00,-11.277265,-5.633844,10.447632,-0.355166,-3.241187,-1.417961
0,1059261.00,-12.150594,-5.712856,9.540183,-0.391918,-3.352242,-1.423287
0,1059284.00,-13.537506,-2.172849,7.166211,-0.477673,-3.479011,-1.632082
0,1059307.00,-13.079592,-1.392898,5.814615,-0.161019,-3.352509,-1.720500
0,1059330.00,-12.284078,-0.849386,4.359465,0.183067,-3.306436,-1.740208
0,1059353.00,-11.826762,-0.832626,2.186616,0.442197,-3.318953,-1.562839
0,1059376.00,-13.244801,-1.124135,0.405239,0.506114,-3.313093,-1.328211
0,1059399.00,-15.270398,1.439587,-2.405697,0.260833,-2.930657,-1.108230
0,1059422.00,-15.032163,4.078132,-5.268709,0.140722,-2.047274,-0.783852
0,1059445.00,-13.399833,3.311350,-6.579003,0.361502,-0.332704,-0.139357
0,1059468.00,-13.711693,2.339853,-5.300434,0.260034,0.422047,0.098200
0,1059491.00,-12.796463,2.843858,-4.143976,0.022742,1.335259,0.367184
0,1059514.00,-12.205664,2.419464,-2.341050,-0.086981,2.036213,0.597018
0,1059537.00,-12.557630,1.294132,-0.325029,-0.193510,2.517986,0.717927
0,1059560.00,-12.967657,0.338797,1.645499,-0.382064,3.022130,0.861207
0,1059583.00,-13.057445,-1.054101,5.055614,-0.363688,3.711101,1.238317
0,1059606.00,-13.384270,-1.248041,6.960299,-0.162616,3.867697,1.391451
0,1059629.00,-13.377686,-2.605623,9.064311,0.240859,4.026957,1.464689
0,1059652.00,-12.619283,-4.568968,11.996161,0.498390,4.101792,1.463357
0,1059675.00,-10.703225,-6.450308,14.555693,0.429413,4.086080,1.449509
0,1059698.00,-8.449569,-8.574073,16.839878,0.305308,3.877018,1.497180
0,1059721.00,-5.515923,-9.514443,18.600304,0.102638,3.318279,1.363754
0,1059744.00,-2.932448,-8.704564,19.302439,-0.040908,1.597318,0.932848
0,1059767.00,-2.969560,-11.169520,19.614300,0.067484,0.903021,0.753614
0,1059790.00,-2.869597,-12.255346,19.614300,-0.153295,0.350673,0.495284
0,1059813.00,-1.881938,-10.461399,19.614300,-0.485663,-0.155602,0.207392
0,1059836.00,-1.270189,-8.823682,18.169325,-0.535997,-0.852561,-0.127373
0,1059859.00,-2.831288,-7.839016,17.939470,-0.291782,-1.727157,-0.208601
0,1059882.00,-7.534937,-6.265347,16.852448,0.006231,-2.435568,-0.186496
0,1059905.00,-5.658984,-7.953943,16.071299,0.616636,-2.614003,-1.816109
0,1059928.00,-8.675233,-7.546908,14.520376,0.139391,-3.241187,-1.398253
0,1059951.00,-11.465817,-5.811024,13.314834,-0.238784,-3.795399,-1.350848
0,1059974.00,-12.238585,-5.611696,12.013519,-0.262220,-3.840141,-1.274148
0,1059997.00,-13.181351,-5.241175,10.262072,-0.351171,-3.889144,-1.355375
0,1060020.00,-14.297704,-3.116212,7.836023,-0.435595,-4.005526,-1.544995
0,1060043.00,-14.425201,-0.040704,1.722716,0.108231,-4.016978,-1.518896
0,1060066.00,-16.598051,0.102956,-1.096002,0.318358,-3.832417,-1.354310
0,1060089.00,-16.976952,2.297952,-3.807573,0.200378,-3.076601,-1.114089
0,1060112.00,-16.375378,4.199644,-6.184538,0.192921,-2.023038,-0.908224
0,1060135.00,-14.645479,3.806376,-6.668790,0.351648,-1.001168,-0.718337
0,1060158.00,-13.758383,3.371208,-6.495800,0.334603,-0.179304,-0.388899
0,1060181.00,-12.999382,2.879773,-5.866692,0.193720,0.515259,-0.054135
0,1060204.00,-12.050033,3.414904,-4.091300,-0.144507,1.614629,0.631373
0,1060227.00,-11.972218,3.056354,-2.624179,-0.124000,2.063112,0.931782
0,1060250.00,-13.342369,0.529146,0.546504,-0.069138,2.417850,1.211419
0,1060273.00,-14.456328,-1.283956,2.768437,-0.308560,2.917733,1.296375
0,1060296.00,-13.752995,-1.981303,4.901779,-0.608969,3.577142,1.413822
0,1060319.00,-12.420554,-2.412281,6.913610,-0.755978,4.025359,1.672152
0,1060342.00,-14.000209,-4.436682,11.392791,-0.373276,4.011776,1.915303
0,1060365.00,-12.883257,-7.077621,13.958907,-0.106689,4.165976,1.918232
0,1060388.00,-10.626607,-10.029223,15.658278,-0.102162,4.141474,1.867099
0,1060411.00,-6.790901,-8.291543,16.877588,-0.182590,3.560896,1.633802
0,1060434.00,-4.967623,-6.813048,16.395731,-0.064344,2.728113,1.402636
0,1060457.00,-6.037886,-8.656078,16.419075,0.253376,1.823157,1.118206
0,1060480.00,-5.704476,-9.690427,16.340660,0.333538,1.354167,0.897427
0,1060503.00,-0.029929,-11.327545,19.235996,0.824632,1.522215,0.345345
0,1060526.00,-0.945758,-9.755074,17.445042,-0.118674,0.150667,0.302201
0,1060549.00,-1.105579,-8.991284,16.476538,-0.972496,-1.219018,0.358395
0,1060572.00,-9.895142,-8.372352,13.620111,-1.308858,-1.920505,0.379434
0,1060595.00,-7.807889,-6.068413,12.929947,-0.327469,-1.518628,-0.928464
0,1060618.00,-4.806006,-7.042903,14.088799,0.304243,-1.283734,-1.106899
0,1060640.00,-5.428530,-7.258991,12.306225,0.107166,-1.992944,-1.176408
0,1060663.00,-10.077110,-7.949753,13.103535,-0.226800,-2.513600,-1.175076
0,1060686.00,-9.133148,-6.704705,12.177530,-0.475010,-2.505344,-1.300780
0,1060709.00,-10.101053,-5.280082,11.092303,-0.578076,-2.901362,-1.421423
0,1060732.00,-11.518493,-4.479181,9.850247,-0.475543,-3.261960,-1.551387
0,1060755.00,-12.255944,-3.856657,8.615973,-0.318414,-3.403642,-1.635278
0,1060778.00,-12.672557,-3.189838,7.077621,-0.190047,-3.410566,-1.696265
0,1060801.00,-12.439110,-2.227320,5.376454,-0.100830,-3.355971,-1.698662
0,1060824.00,-12.659986,-0.047288,1.313287,-0.024130,-3.068079,-1.330874
0,1060847.00,-13.021529,0.496822,-0.386085,-0.008950,-2.784980,-1.065086
0,1060870.00,-13.254377,1.714336,-1.937606,-0.104825,-2.302941,-0.812615
0,1060893.00,-12.947904,2.898927,-3.504093,-0.181791,-1.605715,-0.594499
0,1060916.00,-11.953062,2.923469,-3.829122,-0.143974,-0.866676,-0.414466
0,1060939.00,-11.556802,3.111424,-3.897959,-0.158089,-0.203805,-0.175577
0,1060962.00,-10.751711,2.281790,-2.253059,-0.195906,1.011946,0.326437
0,1060985.00,-10.944453,2.169856,-1.566486,-0.331463,1.493719,0.540292
0,1061008.00,-11.808206,1.549127,-0.319642,-0.418017,1.923826,0.739233
0,1061031.00,-12.639036,1.127726,0.188553,-0.524546,2.377103,0.958414
0,1061054.00,-12.922764,1.234274,1.073256,-0.452905,2.744092,1.177596
0,1061077.00,-13.477648,0.479463,2.587067,-0.139180,3.049828,1.315816
0,1061100.00,-14.064258,-1.557508,4.653368,0.209699,3.415219,1.399441
0,1061123.00,-13.240610,-4.970616,9.563527,0.423821,4.069035,1.520882
0,1061146.00,-13.097549,-7.658843,12.255944,0.333005,4.154524,1.642324
0,1061169.00,-11.875846,-9.639547,15.219519,-0.029190,4.163845,1.846059
0,1061192.00,-9.701799,-10.211791,17.935879,-0.470216,4.130289,1.942734
0,1061215.00,-5.051425,-9.449199,19.438915,-0.655841,3.885807,1.781610
0,1061238.00,-1.232478,-8.651889,19.513739,-0.451840,3.043703,1.502506
0,1061261.00,-2.789986,-10.891779,19.614300,0.208368,0.505671,0.668658
0,1061284.00,-3.416700,-10.421294,19.170752,0.396123,0.046269,0.233491
0,1061307.00,-0.591997,-11.526873,19.614300,0.731154,-0.121246,0.002059
0,1061330.00,-2.277601,-10.215981,19.162970,0.530349,-0.968411,0.118441
0,1061353.00,-4.986179,-9.514443,17.805387,0.510907,-2.001999,-0.664807
0,1061376.00,-5.861304,-9.862818,17.664124,0.825964,-2.571658,-1.376415
0,1061399.00,-7.958732,-9.515042,15.284764,0.451784,-3.042246,-1.350049
0,1061422.00,-11.885423,-6.586784,11.662152,0.108498,-3.704318,-1.445658
0,1061445.00,-12.697698,-5.716448,10.165101,0.193454,-3.775958,-1.555648
0,1061468.00,-13.893661,-5.181915,9.017023,0.295188,-3.792736,-1.644865
0,1061491.00,-13.738030,-4.273868,7.451734,0.386003,-3.677153,-1.723962
0,1061514.00,-13.206491,-3.170683,5.275294,0.510108,-3.632944,-1.758584
0,1061537.00,-12.929947,-1.975916,2.745691,0.596396,-3.677419,-1.638740
0,1061560.00,-13.924788,-1.456347,0.679389,0.569231,-3.597257,-1.355109
0,1061583.00,-15.205751,0.087393,-2.643932,-0.135185,-2.283233,-0.712745
0,1061606.00,-13.465078,4.529462,-4.902378,-0.487261,-1.361233,-0.479715
0,1061629.00,-12.388829,5.655991,-5.627259,-0.203630,-0.697829,-0.276246
0,1061652.00,-12.070384,2.833682,-4.683297,0.246451,-0.177706,-0.119383
0,1061675.00,-11.914155,1.498847,-3.880600,0.201710,0.404203,0.251334
0,1061698.00,-11.533457,2.181229,-3.119804,-0.047566,0.933382,0.507534
0,1061721.00,-12.502560,0.474675,-0.700938,-0.219609,1.915038,0.859876
0,1061744.00,-13.393847,-0.694952,0.586011,-0.423344,2.450075,0.978655
0,1061767.00,-13.332193,-0.824845,1.612577,-0.554906,3.032251,1.150431
0,1061790.00,-14.782555,-1.968733,3.383179,-0.366884,3.430665,1.253231
0,1061813.00,-16.398724,-2.074083,6.381471,-0.173269,3.828282,1.278798
0,1061836.00,-15.224307,-0.838612,9.835882,0.168153,4.443481,1.255095
0,1061859.00,-10.994735,-2.339853,12.470237,0.872304,4.862936,1.176797
0,1061882.00,-8.629742,-10.779844,19.004944,0.826763,3.617889,1.189314
0,1061905.00,-5.151387,-7.953943,19.614300,-0.116809,3.275135,1.214614
0,1061928.00,-0.715304,-8.432210,19.614300,-0.342649,2.896161,1.179993
0,1061951.00,-0.031126,-10.077110,19.614300,-0.397244,1.796792,1.101961
0,1061974.00,-2.545166,-10.639776,19.614300,-0.454237,0.659604,0.846560
0,1061997.00,-2.842661,-9.160084,19.614300,-0.366085,0.077695,0.434829
0,1062020.00,-1.437791,-9.603034,19.614300,0.808121,-1.127936,-0.672264
0,1062043.00,-1.046319,-11.170717,18.596113,1.027302,-1.898667,-0.579318
0,1062066.00,-7.454128,-10.667311,18.605093,0.829692,-2.962883,-0.363599
0,1062089.00,-11.111458,-9.701799,16.963184,0.476818,-3.316023,-1.108496
0,1062112.00,-8.842836,-8.256227,13.916408,0.044581,-3.112288,-1.567632
0,1062135.00,-10.155524,-5.916973,12.176931,-0.191379,-3.463830,-1.452316
0,1062158.00,-12.706676,-4.148765,10.382386,-0.072867,-3.807384,-1.531945
0,1062181.00,-13.542893,-4.172708,6.923786,0.409439,-3.475815,-1.725028
0,1062204.00,-13.430360,-2.026196,3.967394,0.439533,-3.340258,-1.843007
0,1062227.00,-13.550076,-1.093009,1.447967,0.719702,-3.155432,-1.805456
0,1062250.00,-13.639864,-0.307072,-1.057094,0.833954,-2.936517,-1.673628
0,1062273.00,-15.522401,0.875125,-3.560359,0.702125,-2.573789,-1.400117
0,1062296.00,-17.030226,3.016848,-5.374658,0.405977,-1.747663,-1.067217
0,1062319.00,-14.999241,3.116811,-5.786482,0.232336,-0.536439,-0.665073
0,1062342.00,-10.617628,2.588862,-5.730814,-0.506436,0.543223,0.336557
0,1062365.00,-13.152618,3.117409,-5.195683,-0.636933,0.589296,0.732309
0,1062388.00,-13.691341,1.752645,-3.605253,-0.531204,1.201033,0.932848
0,1062411.00,-12.199080,0.732663,-1.908276,-0.499245,2.010913,1.152029
0,1062434.00,-12.346331,-0.073027,0.099364,-0.496316,2.439156,1.197037
0,1062457.00,-13.426170,-0.955335,2.399112,-0.477407,2.744891,1.093439
0,1062480.00,-12.409780,-4.209221,7.078219,-0.519752,3.905781,1.224202
0,1062503.00,-11.738172,-4.676713,8.701571,-0.586598,4.091140,1.348840
0,1062526.00,-11.616061,-6.182743,11.323356,-0.539726,4.062910,1.505436
0,1062549.00,-11.224589,-7.447544,13.686553,-0.691528,4.012309,1.629807
0,1062572.00,-10.142954,-7.375115,15.912675,-0.829748,3.957980,1.625546
0,1062595.00,-6.384464,-5.533881,16.920685,-0.701382,3.763566,1.500642
0,1062618.00,-3.280822,-5.583563,18.434496,-0.073399,3.038909,1.242844
0,1062641.00,-3.305963,-10.909736,19.614300,0.757253,1.145372,0.602078
0,1062664.00,-2.962976,-11.875247,19.614300,0.690141,0.681443,0.259058
0,1062687.00,0.993046,-12.618086,19.614300,0.237130,0.033219,0.083819
0,1062710.00,-0.146054,-10.180664,19.614300,-0.149833,-1.002766,-0.040020
0,1062733.00,-1.770004,-10.121405,19.614300,-0.240648,-1.865377,0.006586
0,1062756.00,-7.940774,-9.267230,19.614300,-0.325871,-2.775126,-0.132433
0,1062779.00,-9.804755,-8.383126,18.589529,0.078936,-3.129865,-1.231803
0,1062802.00,-8.963749,-7.886902,16.329288,0.435539,-3.917108,-1.586275
0,1062825.00,-12.557031,-6.954912,15.133323,0.410238,-4.580778,-1.653920
0,1062848.00,-14.997445,-6.404816,13.262757,0.455246,-4.704083,-1.698396
0,1062871.00,-15.379938,-5.192689,10.265663,0.497059,-4.606078,-1.907723
0,1062894.00,-15.473317,-3.037798,7.435572,0.697331,-4.589033,-2.162059
0,1062917.00,-15.124344,-0.553089,4.027253,1.075506,-4.503545,-2.258733
0,1062940.00,-15.961759,-1.077446,-1.456347,1.671797,-3.858517,-1.757252
0,1062963.00,-16.993114,0.761395,-4.128413,1.182567,-3.155698,-1.326346
0,1062986.00,-16.316717,2.223130,-6.517349,0.731687,-2.117050,-0.829393
0,1063009.00,-14.499426,1.523389,-7.337405,0.384405,-1.073341,-0.204339
0,1063032.00,-14.049891,-0.116723,-7.142268,-0.175666,-0.350015,0.410061
0,1063055.00,-14.131897,0.303481,-6.452703,-0.898193,0.342151,0.859077
0,1063078.00,-13.613526,3.598669,-6.169574,-1.339752,1.150965,1.190912
0,1063101.00,-14.115137,1.991479,-2.262636,-0.564494,2.573914,1.235121
0,1063124.00,-15.112372,-1.959155,1.007412,-0.295510,3.158486,1.078258
0,1063147.00,-15.402086,-4.434288,4.009893,-0.526942,3.872757,1.113413
0,1063170.00,-14.161227,-3.750109,6.430555,-0.877420,4.533497,1.338719
0,1063193.00,-15.409867,-4.848505,8.337035,-1.036679,4.891165,1.612763
0,1063216.00,-15.167442,-4.113448,9.601238,-0.733341,4.916732,2.025293
0,1063239.00,-13.914612,-8.328655,16.899734,-0.188183,5.317277,1.904916
0,1063262.00,-11.291631,-7.891691,18.760124,-0.514425,5.230457,2.022097
0,1063285.00,-5.085544,-5.932536,19.259939,-0.607637,4.709269,1.687599
0,1063308.00,-3.661520,-5.964859,19.614300,-0.122402,3.390718,1.401837
0,1063331.00,-3.788419,-7.768383,19.614300,0.364698,2.124898,0.991438
0,1063354.00,-2.332071,-10.853469,19.614300,0.866711,1.663099,0.709938
0,1063377.00,-2.513441,-14.473088,19.614300,1.433973,1.424476,0.717128
0,1063400.00,1.857995,-10.056160,19.614300,-1.929118,-1.212360,0.203397
0,1063423.00,-2.960581,-6.206087,19.614300,-0.834010,-2.249943,-0.256272
0,1063446.00,-5.159169,-5.442298,19.614300,-0.019869,-2.799096,-0.314330
0,1063469.00,-11.010896,-8.833858,19.614300,0.724230,-3.117082,-0.971341
0,1063492.00,-6.002570,-10.925299,17.240927,0.835019,-3.016945,-2.329042
0,1063515.00,-10.691254,-9.254061,16.786604,0.182002,-3.822830,-1.556181
0,1063538.00,-13.520746,-6.277917,14.871743,-0.314419,-4.369852,-1.540468
0,1063561.00,-16.104221,-5.263322,10.931884,-0.076329,-4.626851,-1.832887
0,1063584.00,-16.058130,-3.279625,7.939578,0.051505,-4.567195,-2.082429
0,1063607.00,-14.848398,-0.059260,4.398971,0.330342,-4.476912,-2.057395
0,1063630.00,-14.877131,0.325029,1.230084,0.772966,-4.431638,-1.837681
0,1063653.00,-16.522030,-0.873330,-1.503635,0.923703,-4.180232,-1.573491
0,1063676.00,-18.842730,-0.019155,-4.138588,0.471226,-3.402311,-1.169217
0,1063699.00,-16.018623,6.350944,-8.988890,-0.169807,-0.973204,-0.315928
0,1063722.00,-15.598420,4.254713,-8.571679,-0.041707,-0.200343,0.069438
0,1063745.00,-15.735496,2.728332,-7.402052,-0.276868,0.538162,0.476641
0,1063768.00,-14.166615,4.408548,-6.159398,-0.695789,1.384528,0.915803
0,1063791.00,-12.393618,5.549444,-5.163958,-0.717361,2.085483,1.192243
0,1063814.00,-13.369904,2.375169,-2.724740,-0.449177,2.463657,1.416485
0,1063837.00,-14.727485,-0.660235,-0.546504,-0.600979,2.830114,1.369613
0,1063860.00,-14.550903,-3.155719,4.342106,-0.938141,4.087411,1.749652
0,1063883.00,-12.917377,-3.752504,5.546451,-1.266247,4.564124,2.041805
0,1063906.00,-19.462259,-5.298040,12.143412,-0.803116,4.631503,2.654607
0,1063929.00,-15.940808,-7.812678,13.398636,-0.832678,5.420343,2.256459
0,1063952.00,-13.803276,-11.770495,19.180328,-0.912574,5.859772,2.521447
0,1063975.00,-7.620534,-7.841410,19.437719,-1.445214,5.442448,2.657271
0,1063998.00,-3.966796,-8.665656,19.614300,0.795337,2.329698,1.321142
0,1064021.00,-5.262125,-14.064258,19.614300,1.600423,1.211420,0.822325
0,1064044.00,-5.104698,-17.443247,19.614300,1.198812,0.763469,0.679577
0,1064067.00,-2.453583,-16.573509,19.614300,0.082664,0.524314,0.584501
0,1064090.00,-1.752046,-13.952323,19.614300,-0.683805,-0.245351,0.340818
0,1064113.00,-2.624179,-11.673525,19.614300,-0.951989,-1.296517,-0.348419
0,1064136.00,-3.860248,-9.450994,19.614300,-0.534133,-2.242220,-0.681319
0,1064159.00,-16.212564,-11.493352,16.359816,0.466964,-3.719498,-1.266691
0,1064182.00,-10.184855,-11.122830,13.497401,1.114655,-3.523486,-2.716005
0,1064205.00,-12.803646,-9.532401,13.316629,0.654188,-3.831086,-2.147411
0,1064228.00,-14.271965,-6.031301,11.429903,0.167088,-4.223642,-2.145813
0,1064251.00,-15.328461,-5.661378,9.513247,0.404113,-4.313658,-2.400149
0,1064274.00,-16.481327,-4.869456,7.233850,0.548725,-4.196477,-2.537038
0,1064297.00,-14.707732,-2.129152,4.466012,0.737812,-3.973035,-2.752224
0,1064320.00,-12.482208,-0.014965,-2.256052,1.523190,-4.152801,-2.200942
0,1064343.00,-16.576502,-0.907449,-4.891603,1.285100,-4.092346,-1.662709
0,1064366.00,-19.614300,0.810479,-7.757609,0.480280,-3.031593,-0.926333
0,1064389.00,-18.101686,3.337687,-9.563527,-0.240915,-1.373217,-0.360936
0,1064412.00,-16.526220,3.860847,-8.897905,-0.589794,-0.110593,0.097668
0,1064435.00,-16.111404,4.335522,-7.622330,-0.885942,0.746957,0.465722
0,1064458.00,-13.654828,4.238552,-4.461224,-0.924026,2.315051,1.186384
0,1064481.00,-12.676746,1.493459,-2.681044,-0.824688,2.766996,1.630873
0,1064504.00,-14.403054,-0.660833,0.245418,-0.885143,2.889237,2.082818
0,1064527.00,-17.561766,-1.845425,1.522191,-1.282226,3.192842,2.009580
0,1064550.00,-17.863451,-2.432034,5.027481,-1.196471,4.030685,1.979752
0,1064573.00,-15.875564,-3.663914,7.722891,-0.897394,4.983579,2.316647
0,1064596.00,-12.855722,-4.611467,8.638720,-0.879284,5.319408,2.527040
0,1064619.00,-12.674952,-8.983502,16.276613,0.203307,5.049892,2.209853
0,1064642.00,-9.847854,-14.443758,19.614300,0.121015,4.864799,2.381363
0,1064665.00,-6.418583,-9.042164,18.071756,-0.462227,3.923625,2.125962
0,1064688.00,-2.160279,-9.491099,19.614300,-0.072600,2.712134,1.621019
0,1064711.00,-5.331560,-13.163992,19.614300,0.037390,1.350173,1.491055
0,1064734.00,-6.655622,-15.842642,19.614300,-0.055556,0.771193,1.138713
0,1064757.00,-0.819457,-13.766164,19.614300,-0.537329,0.312057,0.215647
0,1064780.00,0.691960,-12.142214,19.614300,-0.226533,-0.816342,-0.269854
0,1064803.00,-4.922729,-12.501363,19.614300,0.304775,-2.435835,-0.596096
0,1064826.00,-12.582171,-13.454902,17.369022,0.607315,-3.466760,-1.426216
0,1064849.00,-9.988520,-10.919911,17.144554,1.023041,-3.625753,-2.669932
0,1064872.00,-10.948045,-10.467983,15.789368,0.656584,-3.895802,-2.538103
0,1064895.00,-13.760777,-7.496627,13.048466,0.196649,-4.445220,-2.376713
0,1064918.00,-16.401117,-5.611098,9.852043,0.242723,-4.392756,-2.501351
0,1064941.00,-16.621994,-2.655904,6.919596,0.318091,-4.334964,-2.639571
0,1064964.00,-14.823856,-0.004789,3.799792,0.717838,-4.261726,-2.584443
0,1064987.00,-14.227072,0.359149,-0.058062,1.168185,-4.376244,-2.292023
0,1065010.00,-16.951813,-1.680815,-2.719952,1.277909,-4.430040,-1.848866
0,1065033.00,-19.614300,-0.102357,-5.535676,0.580683,-3.675289,-1.204105
0,1065056.00,-19.614300,3.938064,-8.216122,-0.170073,-2.064318,-0.750828
0,1065079.00,-14.313866,4.915546,-8.263410,-0.537063,0.605541,0.140279
0,1065102.00,-14.450342,5.769722,-7.522965,-0.693925,0.934181,0.524579
0,1065125.00,-15.708559,6.571221,-5.915775,-0.715497,1.323274,0.960545
0,1065148.00,-14.907658,5.976232,-3.998521,-0.552775,2.084683,1.420480
0,1065171.00,-13.625498,3.346067,-1.917255,-0.362623,2.694291,1.703578
0,1065194.00,-15.314095,0.249608,-0.723086,-0.600180,2.897759,1.748852
0,1065217.00,-19.318602,-2.749881,6.498793,-1.212717,4.224300,2.401603
0,1065240.00,-15.290750,-2.684635,5.923557,-1.395679,5.339116,2.821856
0,1065263.00,-14.707732,-2.336261,12.244572,-0.211886,5.191042,3.155822
0,1065286.00,-12.269114,-7.769580,14.619740,0.248049,4.812601,2.660999
0,1065309.00,-14.420413,-12.900018,17.376205,0.507445,4.429366,2.668190
0,1065332.00,-8.208939,-11.440079,19.614300,0.275214,4.273036,2.533432
0,1065355.00,-2.831886,-12.707873,19.614300,0.216357,3.690062,2.107852
0,1065378.00,-3.481347,-19.306030,19.614300,0.606783,0.659871,1.054290
0,1065401.00,-2.910300,-19.614300,19.614300,0.072278,0.074765,0.729379
0,1065424.00,-1.852608,-18.153763,19.614300,-0.575679,-0.593965,0.233225
0,1065447.00,-4.132603,-16.186226,19.614300,-0.977822,-1.418492,-0.289562
0,1065470.00,-4.659354,-13.059240,18.244747,-0.980752,-2.118648,-0.709016
0,1065493.00,-6.222847,-9.361207,17.154730,-0.493120,-2.944773,-0.853628
0,1065516.00,-14.337211,-9.084064,15.958167,0.149777,-3.779686,-1.448321
0,1065539.00,-12.252353,-8.289148,14.713717,0.541268,-3.436666,-3.085391
0,1065562.00,-13.544689,-4.097286,11.957851,0.193187,-3.937081,-2.874465
0,1065585.00,-16.061123,-2.876780,10.224360,0.469628,-4.273444,-2.933589
0,1065608.00,-16.850651,-2.393725,7.612752,0.653655,-4.256400,-2.794037
0,1065631.00,-16.577700,-0.889491,3.011461,0.644067,-4.099271,-2.602553
0,1065654.00,-16.213762,0.405838,-1.232478,0.509576,-3.959985,-2.137025
0,1065677.00,-19.614300,7.015967,-8.320873,-0.053691,-3.216685,-1.202507
0,1065700.00,-19.614300,5.724828,-8.442386,0.083463,-1.791606,-0.886385
0,1065723.00,-16.053940,4.882625,-8.794351,-0.131457,-0.026170,-0.446424
0,1065746.00,-13.405220,4.725796,-8.749457,-0.503240,0.820728,0.169840
0,1065769.00,-13.580006,6.623298,-8.318480,-0.815633,0.924859,0.672120
0,1065792.00,-15.259624,7.842009,-7.093782,-0.673951,1.226600,1.023130
0,1065815.00,-14.843011,5.825389,-5.356701,-0.180993,2.043138,1.412756
0,1065838.00,-17.247511,-1.529973,0.649460,-0.253964,3.052225,2.121168
0,1065861.00,-17.448633,-2.297354,3.520853,-0.835075,3.742793,2.007449
0,1065884.00,-15.713347,-2.242284,5.864297,-0.913107,4.536693,2.176829
0,1065907.00,-14.777766,-3.870424,10.345873,-0.737069,4.988106,2.590957
0,1065930.00,-14.871144,-4.828154,8.071265,-0.633204,4.905280,2.950489
0,1065953.00,-16.937447,-4.888610,13.461487,0.243788,4.348405,2.872990
0,1065976.00,-11.795636,-13.531521,17.022444,0.189725,4.112179,2.537160
0,1065999.00,-9.500676,-11.590921,17.623419,-0.305098,3.491387,2.297472
0,1066022.00,-6.060033,-10.728965,18.661957,-0.331197,2.793894,2.098531
0,1066045.00,-7.862360,-13.988237,17.672503,-0.211087,1.958182,1.844728
0,1066068.00,-5.237583,-14.276155,19.614300,0.141521,1.312621,1.052958
0,1066091.00,-2.878576,-16.348442,19.614300,0.088523,0.868133,0.761870
0,1066114.00,-1.767011,-15.347016,19.614300,-0.380999,-0.343624,0.383429
0,1066137.00,-13.392650,-18.153164,15.441592,0.463236,-2.852093,-1.705586
0,1066160.00,-12.039258,-16.502277,18.717625,0.563639,-3.127735,-2.252342
0,1066183.00,-11.965034,-11.871655,17.427683,-0.001759,-3.377809,-2.372718
0,1066206.00,-14.264782,-9.253463,16.140137,-0.078193,-4.112320,-2.564469
0,1066229.00,-17.274446,-7.407439,14.890299,0.142586,-4.600485,-2.812146
0,1066252.00,-19.148005,-5.737398,13.093958,0.450453,-4.770664,-3.043046
0,1066275.00,-19.267721,-4.423513,10.726570,0.739943,-4.735509,-3.148509
0,1066298.00,-18.391998,-2.088449,5.433918,1.109062,-4.920069,-2.946904
0,1066321.00,-17.990948,-0.981074,1.243253,1.006795,-4.716601,-2.580714
0,1066344.00,-16.731535,-1.186986,-2.569708,0.703989,-4.171177,-1.843274
0,1066367.00,-17.656940,0.524955,-5.751165,-0.077394,-3.644129,-1.146314
0,1066390.00,-19.398212,5.073572,-8.246051,-0.807910,-2.783649,-0.820338
0,1066413.00,-17.838310,6.850160,-9.527613,-0.906981,-1.348183,-0.478649
0,1066436.00,-12.580974,6.690938,-8.756042,-0.653711,0.428439,0.185820
0,1066459.00,-12.776710,6.810654,-7.235048,-0.508300,0.710738,0.468385
0,1066482.00,-12.879665,5.976830,-5.364482,-0.345312,1.240182,0.805547
0,1066505.00,-12.567206,3.739335,-3.823735,-0.324273,1.847925,0.974660
0,1066528.00,-13.101739,1.407264,-1.871164,-0.337322,2.243144,1.132588
0,1066551.00,-13.714686,-0.888294,0.295100,-0.559167,2.695889,1.474809
0,1066574.00,-14.353372,-0.922413,3.289202,-0.786338,3.142774,2.081486
0,1066597.00,-15.891127,-0.147849,6.348549,-0.290450,3.902585,2.547014
0,1066620.00,-15.752854,-3.353250,9.769440,0.448056,4.204858,2.563526
0,1066643.00,-16.009047,-6.783718,12.941918,0.657916,4.429633,2.540622
0,1066666.00,-14.500623,-10.381787,16.253267,0.523424,4.601409,2.488956
0,1066689.00,-9.829297,-12.440906,17.790424,0.119417,4.531367,2.554205
0,1066712.00,-7.971901,-12.410977,19.130646,-0.377004,3.770224,2.680174
0,1066735.00,-5.127444,-15.226103,19.614300,-0.321876,2.370978,2.141408
0,1066758.00,-1.693984,-19.063007,19.614300,-0.447579,1.622086,1.808242
0,1066781.00,-5.626062,-19.614300,15.777994,-1.591158,0.568789,1.609301
0,1066804.00,-7.930000,-12.966460,19.614300,-1.158654,-0.870139,0.005521
0,1066827.00,-2.687030,-10.486539,15.252440,0.123944,-0.696498,-1.223014
0,1066850.00,-3.362229,-14.571256,19.242580,1.164989,-1.491197,-1.184131
0,1066873.00,-6.573017,-14.665832,17.646765,0.833155,-2.623857,-1.753524
0,1066896.00,-10.327915,-11.080332,14.625727,1.454480,-3.043311,-3.523488
0,1066919.00,-11.332335,-11.696870,15.159660,0.984691,-3.326942,-3.112556
0,1066942.00,-13.808064,-7.014171,11.942288,-0.046235,-4.025766,-2.724793
0,1066965.00,-17.290010,-4.965827,10.022040,-0.023597,-4.309131,-2.720266
0,1066988.00,-17.434269,-3.502297,7.333215,0.143918,-3.981823,-2.731185
0,1067011.00,-15.403881,-0.977483,4.602489,0.351648,-3.599388,-2.678454
0,1067034.00,-13.869120,0.753015,2.017816,0.668302,-3.488332,-2.504280
0,1067057.00,-14.840018,-0.410627,-2.131547,0.650459,-3.383934,-1.575356
0,1067080.00,-16.306541,1.792151,-4.354676,0.031797,-2.879258,-1.180403
0,1067103.00,-16.244289,4.882026,-6.310240,-0.393516,-1.945806,-0.866411
0,1067126.00,-14.015773,6.913610,-6.873505,-0.406566,-0.889047,-0.470393
0,1067149.00,-11.815389,6.896251,-6.998010,-0.160752,-0.214725,-0.135096
0,1067172.00,-11.714229,5.796059,-6.349746,0.057364,0.064912,0.263851
0,1067195.00,-14.486856,3.357440,-3.781834,-0.128527,1.010881,1.040175
0,1067218.00,-13.305257,2.737311,-3.016249,-0.478472,1.918500,1.294510
0,1067241.00,-12.513933,1.522191,-1.167831,-0.685137,2.537694,1.566157
0,1067264.00,-14.200734,0.279537,0.755409,-0.814834,2.890568,1.823689
0,1067287.00,-17.336102,-2.150103,6.425168,-0.872360,3.428802,2.053257
0,1067310.00,-15.613385,-1.459939,6.732838,-0.726150,4.124163,2.388287
0,1067333.00,-16.984135,-2.462562,9.218146,-0.186053,4.548411,2.453536
0,1067356.00,-10.151933,-6.795091,14.060067,0.942346,4.519649,2.068170
0,1067379.00,-10.414111,-12.166158,15.933027,1.001735,3.770224,2.074562
0,1067402.00,-10.460800,-14.349780,17.668911,0.287465,3.258889,2.095868
0,1067425.00,-8.231087,-14.941178,18.860088,-0.423610,3.295907,2.222636
0,1067448.00,-3.744722,-14.684387,19.614300,-0.896062,2.992836,2.054588
0,1067471.00,-2.413478,-15.572681,19.614300,-0.935211,2.039942,1.808775
0,1067494.00,-2.827098,-15.604406,19.614300,-0.445715,-0.225111,0.508866
0,1067517.00,-2.933645,-13.900247,18.208832,-0.096036,-1.308235,-0.989451
0,1067540.00,-4.656960,-14.753224,19.614300,0.670699,-1.992145,-1.226743
0,1067563.00,-6.255769,-13.286102,17.487541,0.290661,-2.474185,-1.323151
0,1067586.00,-18.406363,-17.265469,14.640092,0.364964,-3.122674,-1.554849
0,1067609.00,-9.549162,-11.456839,14.274360,0.900267,-3.048371,-3.060357
0,1067632.00,-12.563615,-10.399146,14.344992,0.565237,-3.406572,-2.697362
0,1067655.00,-16.117989,-5.150190,9.830495,0.277877,-3.893139,-2.711211
0,1067678.00,-15.294940,-4.061372,7.720497,0.471492,-3.729085,-2.609477
0,1067701.00,-15.066282,-3.267055,5.909191,0.635811,-3.763973,-2.486970
0,1067724.00,-15.178815,-1.723913,3.472368,0.662177,-3.766636,-2.368457
0,1067747.00,-14.143270,-0.371120,0.719494,0.570297,-3.517627,-2.029432
0,1067770.00,-13.945140,-0.386085,-1.967535,0.359371,-3.218283,-1.530614
0,1067793.00,-15.125542,0.739846,-3.815355,-0.117342,-2.867540,-1.053368
0,1067816.00,-15.324270,7.824051,-8.035949,-0.528807,-1.047774,-0.379844
0,1067839.00,-13.901443,6.719669,-8.203551,-0.102694,-0.076238,-0.127107
0,1067862.00,-13.446522,5.868487,-7.867149,0.072278,0.555207,0.254264
0,1067885.00,-13.810459,5.599126,-6.719669,0.067751,1.044437,0.605274
0,1067908.00,-14.023554,4.613263,-4.650375,0.082664,1.710238,0.942435
0,1067931.00,-13.905634,2.265629,-2.407492,-0.035049,2.453271,1.130191
0,1067954.00,-11.622645,-1.125332,1.364764,-0.630008,3.426671,1.597849
0,1067977.00,-13.304658,-1.791553,2.615799,-0.871827,3.408295,1.909177
0,1068000.00,-11.921936,-0.050281,4.979595,-1.036679,3.649314,2.227696
0,1068023.00,-18.069363,-1.590430,7.045298,-0.498979,3.892998,2.825052
0,1068046.00,-16.784807,-3.087480,9.119979,0.105568,4.486625,2.648482
0,1068069.00,-14.430589,-7.554690,12.139221,0.788679,4.719922,2.511327
0,1068092.00,-13.700919,-11.502930,15.786973,0.646731,4.382760,2.524377
0,1068115.00,-9.553351,-11.173112,18.743963,-0.340518,3.968366,2.491087
0,1068138.00,-5.678737,-10.648156,19.614300,-0.271808,3.207223,2.047930
0,1068161.00,-4.506716,-11.380819,19.614300,-0.007618,2.030088,1.691061
0,1068184.00,-4.765303,-15.788769,19.614300,0.543931,1.252966,1.500908
0,1068207.00,-6.076195,-19.614300,19.614300,0.668835,0.734440,1.059083
0,1068230.00,-1.182796,-18.216015,19.614300,-0.659836,-0.711678,-0.258402
0,1068253.00,3.625006,-5.506945,19.614300,-1.526975,-1.767904,-0.800098
0,1068276.00,-6.830407,-11.302405,13.900845,0.823833,-2.568462,-1.854193
0,1068299.00,-10.930686,-13.119697,18.934311,1.222248,-3.353840,-2.356473
0,1068322.00,-12.220030,-11.859085,15.712151,0.656851,-3.465961,-2.652887
0,1068345.00,-13.486627,-8.405273,13.471064,0.083463,-3.778355,-2.438766
0,1068368.00,-15.373953,-6.446118,11.888415,0.007828,-4.147208,-2.499753
0,1068391.00,-16.250874,-5.081354,10.329711,0.184399,-4.373847,-2.635044
0,1068414.00,-16.733330,-1.625746,5.855917,0.605451,-4.225506,-2.524787
0,1068437.00,-15.086035,-0.325628,2.874386,0.786549,-3.901128,-2.331971
0,1068460.00,-13.588386,-0.629109,0.050281,0.856857,-3.725890,-1.937551
0,1068483.00,-15.007023,0.143061,-2.345839,0.546861,-3.731483,-1.462702
0,1068506.00,-18.093904,4.138588,-4.999947,-0.039310,-3.356770,-1.074407
0,1068529.00,-18.152565,7.323637,-7.411030,-0.182058,-2.122909,-0.701027
0,1068552.00,-14.681993,5.959472,-7.728877,0.035526,-0.731652,-0.308204
0,1068575.00,-13.472260,5.936127,-6.744211,-0.572483,0.317916,0.596752
0,1068598.00,-14.416821,6.753788,-6.121687,-0.634536,0.901157,0.965339
0,1068621.00,-13.565041,5.431523,-4.724599,-0.395114,1.796792,1.238583
0,1068644.00,-12.634846,2.643333,-3.012059,-0.251567,2.491088,1.303299
0,1068667.00,-13.658420,0.247813,-0.876921,-0.191113,2.892965,1.350970
0,1068690.00,-15.625955,-1.454552,1.833453,-0.240116,3.337986,1.521415
0,1068713.00,-16.643543,-1.282759,4.998151,-0.172737,4.328431,2.155523
0,1068736.00,-16.374781,-2.033978,8.253833,0.376682,4.600610,2.096134
0,1068759.00,-16.040173,-6.197707,11.768101,0.929030,4.775050,2.088677
0,1068782.00,-14.935791,-9.945422,15.790565,0.727426,4.831510,2.203994
0,1068805.00,-12.401400,-11.807009,19.572998,0.210498,4.802481,2.394679
0,1068828.00,-6.802872,-10.098061,19.614300,-0.339187,4.473842,2.257258
0,1068851.00,-3.547191,-9.837678,19.411381,-0.384727,3.312419,1.920363
0,1068874.00,-6.393443,-14.186967,19.614300,-0.058752,1.167477,1.263085
0,1068897.00,-1.465326,-16.272423,19.614300,-0.318414,0.991706,0.927788
0,1068920.00,-3.323920,-13.833804,19.614300,-0.568755,-0.142019,0.311789
0,1068943.00,-2.136934,-11.294623,19.614300,-0.302701,-1.142850,-0.969211
0,1068966.00,-3.729758,-11.328144,19.614300,0.409706,-1.925565,-1.028600
0,1068989.00,-2.115385,-6.878892,19.614300,0.200911,-2.797764,-1.029666
0,1069012.00,-12.926953,-11.547225,19.614300,0.979098,-3.842538,-1.719435
0,1069035.00,-14.215100,-8.836850,15.388917,0.238195,-4.324577,-2.270451
0,1069058.00,-16.556150,-5.347722,12.451082,-0.310424,-4.719264,-2.183098
0,1069081.00,-17.698242,-4.625235,10.217776,-0.097368,-4.778920,-2.308002
0,1069104.00,-17.964611,-3.127585,7.625322,0.057364,-4.536835,-2.204404
0,1069127.00,-16.917692,-1.486276,4.278656,0.228342,-4.240953,-2.211861
0,1069150.00,-15.384727,-0.131688,1.093607,0.418761,-4.010852,-2.037421
0,1069173.00,-17.229553,2.857625,-5.211844,-0.063545,-3.441726,-1.341793
0,1069196.00,-19.614300,6.193517,-7.751024,-0.480336,-2.594828,-1.170815
0,1069219.00,-17.742537,6.750796,-9.017622,-0.458498,-0.900233,-0.672264
0,1069242.00,-13.135260,5.660181,-8.930229,-0.390054,0.465990,-0.070114
0,1069265.00,-11.727398,5.059206,-7.881515,-0.512295,0.785574,0.316316
0,1069288.00,-13.122091,5.381243,-6.807062,-0.566624,0.942703,0.597817
0,1069311.00,-13.159801,5.530289,-5.132233,-0.387391,1.501442,0.979454
0,1069334.00,-14.149256,-0.268763,-1.631732,0.021943,2.417051,1.370678
0,1069357.00,-14.859173,-2.600834,0.361543,-0.367683,2.854349,1.456699
0,1069380.00,-15.487683,-3.027024,2.949208,-0.673418,3.376337,1.698252
0,1069403.00,-16.796780,-3.608246,4.615657,-1.032951,4.019233,2.031685
0,1069426.00,-16.040173,-3.453812,7.172795,-0.807378,4.376102,2.508398
0,1069449.00,-15.519407,-3.674688,9.731130,-0.258225,4.373971,2.398141
0,1069472.00,-9.870001,-8.596819,17.692257,1.135694,4.155056,2.135283
0,1069495.00,-5.787080,-9.453987,18.617662,1.161261,3.289250,1.609301
0,1069518.00,-5.497367,-11.363461,19.614300,1.129835,2.268178,1.292113
0,1069541.00,-5.718842,-14.971107,19.614300,0.960456,1.772024,1.133653
0,1069564.00,-3.471171,-14.539531,19.614300,0.159631,1.502508,0.954686
0,1069587.00,0.076020,-12.408583,19.614300,-0.464890,1.065743,0.778915
0,1069610.00,-2.391929,-13.554865,19.614300,-0.653444,0.127230,0.650815
0,1069633.00,-1.612577,-6.306050,19.614300,0.205438,-1.028599,-1.185197
0,1069656.00,-2.790584,-6.734035,19.614300,1.043281,-1.857121,-1.009692
0,1069679.00,-5.964261,-6.777732,18.062180,1.052602,-2.960219,-1.093583
0,1069702.00,-11.431699,-9.657505,18.887623,1.421722,-3.499784,-1.616902
0,1069725.00,-10.249501,-10.324923,17.503105,0.865379,-3.293386,-1.892809
0,1069748.00,-11.715425,-6.927976,14.039716,-0.220674,-3.570891,-1.503183
0,1069771.00,-14.128305,-4.973011,12.246367,-0.579674,-3.953593,-1.477084
0,1069794.00,-15.341629,-3.398742,7.975492,-0.220674,-3.796198,-1.556980
0,1069817.00,-14.292915,-1.889121,5.317793,0.025938,-3.670228,-1.782020
0,1069840.00,-13.363319,-0.459710,1.504833,0.245386,-3.612703,-1.745002
0,1069863.00,-15.118359,-2.534392,-1.853207,0.470693,-3.518959,-1.551653
0,1069886.00,-17.426487,0.736255,-6.008555,-0.101096,-3.165286,-1.606781
0,1069909.00,-18.385412,8.769211,-10.922905,-0.661434,-2.285098,-1.389731
0,1069932.00,-15.788769,2.050738,-9.340257,0.256838,0.325639,-0.356941
0,1069955.00,-12.953291,1.291738,-7.975492,-0.457965,1.234590,0.463059
0,1069978.00,-11.569372,4.397175,-7.697152,-1.143207,1.530205,1.011412
0,1070001.00,-12.893434,4.979595,-6.751394,-1.163448,1.548315,1.363487
0,1070024.00,-15.097408,2.652312,-3.079100,-0.890469,1.786671,1.643922
0,1070047.00,-16.627380,0.574039,-1.562296,-1.023630,2.520383,1.793062
0,1070070.00,-15.062691,0.302882,0.008380,-0.986345,3.293244,1.825819
0,1070093.00,-14.766393,-2.335064,3.532226,-0.840135,3.722819,2.504669
0,1070116.00,-19.012726,-2.602630,6.088167,-0.454503,3.732407,2.749950
0,1070139.00,-18.809807,-5.557824,10.730761,0.165490,4.416050,2.612262
0,1070162.00,-15.324270,-8.589038,13.973872,0.274149,4.978785,2.555270
0,1070185.00,-11.722011,-10.788224,17.369022,0.044581,4.774784,2.491619
0,1070208.00,-9.109204,-11.408354,19.376064,-0.282993,4.051458,2.535562
0,1070231.00,-5.429728,-15.106387,19.614300,-0.325072,2.661533,1.879083
0,1070254.00,-2.709177,-15.010015,19.614300,-0.511230,1.827951,1.588528
0,1070277.00,-3.089276,-16.784807,19.614300,-0.701116,0.714733,1.348041
0,1070300.00,-6.812449,-13.896056,19.614300,-0.475010,-0.492763,0.153595
0,1070323.00,-0.739846,-14.687380,17.582117,0.065354,-0.610476,-0.999571
0,1070346.00,-16.747097,-19.614300,15.788171,1.151674,-1.911184,-0.482111
0,1070369.00,-5.142409,-12.324781,19.614300,0.788413,-3.059024,-2.352212
0,1070392.00,-12.963467,-8.780583,17.042795,0.511973,-4.283831,-2.277109
0,1070415.00,-16.621994,-8.915863,15.517014,0.855259,-4.589300,-2.517330
0,1070438.00,-16.887764,-7.652857,12.840159,0.673629,-4.804486,-2.757551
0,1070461.00,-18.545235,-7.604970,12.144010,0.564970,-4.946968,-2.797765
0,1070484.00,-19.352720,-5.361489,8.730902,0.280274,-4.816205,-2.916810
0,1070507.00,-18.729597,-2.621186,5.604513,0.264561,-4.471320,-2.848100
0,1070530.00,-16.369991,-0.843401,0.679389,0.442996,-4.084357,-2.809217
0,1070553.00,-18.196859,3.018045,-6.604143,0.470959,-3.769300,-1.790809
0,1070576.00,-19.368881,6.036090,-9.050544,0.397988,-2.814808,-1.335401
0,1070599.00,-17.513281,3.242513,-8.326261,0.646198,-1.321818,-0.883456
0,1070622.00,-13.563245,1.151670,-7.603774,0.259501,-0.024572,-0.267191
0,1070645.00,-12.054223,2.520026,-7.360151,-0.512295,0.394882,0.331763
0,1070668.00,-13.964893,4.584531,-6.623298,-0.991405,0.478507,0.738967
0,1070691.00,-14.149855,4.656960,-3.122797,-0.702181,1.966704,1.443383
0,1070714.00,-13.408213,1.667646,-2.060316,-0.553308,2.595752,1.458031
0,1070737.00,-13.721869,-0.220278,-0.040704,-0.469417,2.890036,1.510230
0,1070760.00,-14.677803,-0.633897,4.042816,-0.539992,3.171003,1.939538
0,1070783.00,-15.834261,-1.489269,3.639971,-0.804182,3.544384,2.361655
0,1070806.00,-19.614300,-4.563581,6.652628,-0.684338,4.244540,2.808008
0,1070829.00,-18.377632,-6.113905,10.530235,-0.571684,5.332191,3.049560
0,1070852.00,-11.671729,-7.317053,14.630515,-0.380733,5.486657,3.080453
0,1070875.00,-12.363689,-9.859825,16.445412,-0.135984,4.630172,2.865267
0,1070898.00,-11.747749,-13.508176,18.629635,-0.010548,4.257057,2.716394
0,1070921.00,-7.175788,-15.827078,19.614300,-0.188449,3.977421,2.564325
0,1070944.00,-5.242970,-15.567893,19.614300,-0.514425,2.744092,2.112646
0,1070967.00,-3.429869,-16.146721,19.614300,-0.708040,1.445782,1.525144
0,1070990.00,-8.959559,-15.873169,18.380026,-0.702980,0.201001,0.758941
0,1071013.00,-6.175560,-14.784350,18.612873,0.490134,-1.047241,-0.728724
0,1071036.00,-8.634530,-14.975298,17.348671,0.488270,-2.234231,-1.275746
0,1071059.00,-11.392791,-13.292686,19.178534,0.820638,-3.192451,-2.143150
0,1071082.00,-11.426909,-9.864614,16.711182,0.627289,-3.525617,-2.471789
0,1071105.00,-13.503985,-8.888927,16.556150,0.804392,-4.102999,-2.618798
0,1071128.00,-15.612187,-8.381330,15.065683,0.847536,-4.541628,-2.799896
0,1071151.00,-18.040031,-6.368901,11.323954,0.694668,-4.811144,-2.746099
0,1071174.00,-18.828962,-4.800619,8.344817,0.617169,-4.779985,-2.670731
0,1071197.00,-17.545006,-2.609813,4.567173,0.552453,-4.535237,-2.490165
0,1071220.00,-16.843470,-1.139698,0.082604,0.485873,-4.352541,-2.165521
0,1071243.00,-19.312016,-0.341191,-3.312547,0.383606,-4.170378,-1.846470
0,1071266.00,-19.614300,2.935441,-6.137250,0.024873,-3.234529,-1.574823
0,1071289.00,-17.379797,6.247988,-8.760232,-0.171938,-1.691470,-1.317025
0,1071312.00,-12.004540,3.867431,-8.464533,-0.231061,0.010316,-0.152141
0,1071335.00,-11.112655,3.638175,-7.762397,-0.765299,0.235889,0.445748
0,1071358.00,-12.044645,5.330962,-7.249413,-1.298472,0.400741,0.826586
0,1071381.00,-11.892007,7.590605,-7.572049,-1.308858,0.869465,0.990373
0,1071404.00,-12.221227,6.923786,-5.284871,-0.593789,1.437259,1.176530
0,1071427.00,-12.630057,3.156317,-3.962606,-0.157024,2.128094,1.438856
0,1071450.00,-14.128305,-1.425221,1.077446,-0.033984,3.038110,1.923559
0,1071473.00,-15.661271,-0.911040,3.604056,-0.205760,3.488990,2.176030
0,1071496.00,-16.472349,-1.657471,5.816411,-0.068872,4.187281,2.474042
0,1071519.00,-15.931829,-4.731782,9.521029,0.174545,4.740695,2.765663
0,1071542.00,-14.416223,-7.214097,11.842325,0.082132,4.940701,3.008547
0,1071565.00,-14.233057,-9.344447,13.910422,-0.210288,4.645085,3.162746
0,1071588.00,-14.123517,-10.608650,15.860599,-0.649450,4.288749,3.231989
0,1071611.00,-8.724317,-10.481152,18.864876,-0.905650,3.706573,2.690561
0,1071634.00,-6.927377,-13.867324,19.614300,-0.605507,2.750484,2.181090
0,1071657.00,-6.247389,-15.235082,19.614300,-0.775685,1.745924,1.891068
0,1071680.00,-3.998521,-17.969398,19.614300,-0.838004,0.628445,1.383461
0,1071703.00,-7.822256,-14.093588,17.219976,-0.212418,-1.105832,1.292912
0,1071726.00,-15.203357,-11.492155,19.614300,1.011323,-2.242753,-0.383040
0,1071749.00,-5.891832,-12.219431,18.783470,1.314662,-1.764442,-2.336232
0,1071772.00,-10.863646,-13.178358,17.179272,0.842742,-3.570359,-2.614004
0,1071795.00,-14.690971,-11.703454,15.758840,0.272551,-4.168248,-2.910419
0,1071818.00,-15.618174,-7.594795,13.187935,-0.344513,-4.227371,-2.795635
0,1071841.00,-16.243092,-4.852695,10.199221,-0.598050,-4.197543,-2.661942
0,1071864.00,-16.589670,-2.402704,7.654653,-0.505903,-4.165318,-2.700026
0,1071887.00,-17.516273,-1.473108,5.698491,-0.108021,-4.058257,-2.607080
0,1071910.00,-13.661412,1.763419,0.293903,0.476552,-3.477945,-2.525852
0,1071933.00,-13.683560,0.538723,-1.728103,0.632083,-3.438530,-2.018512
0,1071956.00,-15.241666,0.907449,-3.821341,0.226744,-3.148774,-1.373751
0,1071979.00,-16.502277,4.204432,-6.160595,-0.424409,-2.577517,-1.109562
0,1072002.00,-15.707362,7.259590,-7.932993,-0.666228,-1.657914,-0.927665
0,1072025.00,-14.245627,7.613949,-8.298127,-0.437991,-0.775595,-0.516733
0,1072048.00,-13.372896,7.277547,-7.648068,-0.167144,-0.111659,0.020967
0,1072071.00,-12.122461,4.241544,-5.177725,0.111693,0.981586,0.790366
0,1072094.00,-12.576185,2.332670,-3.580112,-0.113880,1.413557,1.183987
0,1072117.00,-13.897253,0.855971,-2.008838,-0.591658,1.907581,1.443117
0,1072140.00,-14.848997,0.725480,-0.608757,-1.071833,2.593089,1.700116
0,1072163.00,-14.881320,0.602172,1.174416,-1.122701,3.448243,2.029820
0,1072186.00,-11.495747,0.995440,0.748825,-0.969833,4.120967,2.324637
0,1072209.00,-16.003660,-2.063308,7.593597,0.713843,4.535362,2.435959
0,1072232.00,-16.240698,-7.517578,12.400203,1.280040,4.723650,2.601876
0,1072255.00,-14.595199,-10.201614,14.559882,0.919975,4.573712,2.403201
0,1072278.00,-12.125454,-11.689088,17.515076,0.504516,4.277564,2.319310
0,1072301.00,-10.016653,-11.256913,18.478792,-0.113614,3.902852,2.436491
0,1072324.00,-8.080244,-11.085120,18.324957,-0.423876,3.216278,2.245007
0,1072347.00,-8.057498,-11.896796,18.934311,-0.346377,2.359260,1.951522
0,1072370.00,-5.171739,-13.829015,19.614300,0.079469,0.920865,1.007151
0,1072393.00,-4.991566,-15.731904,19.614300,-0.005488,-0.015783,0.531503
0,1072416.00,-5.430326,-16.097637,19.614300,-0.554373,-0.953230,0.047866
0,1072439.00,-5.557824,-12.044046,18.831356,-1.094471,-1.966312,-0.649360
0,1072462.00,-8.613580,-11.448459,18.185488,-0.827884,-2.971937,-0.980396
0,1072485.00,-14.021758,-9.917289,15.532577,-0.714432,-3.674490,-1.000370
0,1072508.00,-19.614300,-8.488476,15.378142,-0.252366,-3.879556,-2.105067
0,1072531.00,-14.705338,-6.115103,10.971390,-0.048631,-3.805786,-2.976200
0,1072554.00,-18.397984,-4.509110,9.516239,0.013155,-4.301940,-2.846502
0,1072577.00,-18.825371,-4.160736,7.644477,0.107432,-4.075834,-2.874998
0,1072600.00,-17.612047,-3.515466,5.299836,-0.060616,-3.685942,-2.934920
0,1072623.00,-16.017427,-1.078643,2.579884,-0.351437,-3.374613,-2.771399
0,1072646.00,-14.151052,1.677224,-0.602172,-0.554640,-3.204967,-2.415596
0,1072669.00,-16.205980,3.179063,-4.679706,-0.782077,-3.076068,-1.423287
0,1072692.00,-17.147549,6.806464,-6.467667,-1.046267,-2.331437,-1.110361
0,1072715.00,-15.051317,9.869402,-8.205946,-0.865968,-1.126072,-0.955362
0,1072738.00,-11.724404,10.461399,-8.741077,-0.377537,-0.155602,-0.601955
0,1072761.00,-10.648755,9.137937,-8.033555,0.148179,0.295811,-0.106866
0,1072784.00,-11.578949,7.512789,-7.087797,0.416364,0.588763,0.307528
0,1072807.00,-12.298444,6.822625,-6.113307,0.448322,1.086249,0.751750
0,1072830.00,-13.280116,5.942711,-4.877836,0.266159,2.102527,1.753913
0,1072853.00,-17.266665,3.318533,-3.763278,-0.061148,2.606937,2.207456
0,1072876.00,-19.132442,-0.517174,0.386085,-0.234257,3.559831,2.440752
0,1072899.00,-17.656342,-2.150103,4.031443,-0.566358,4.757206,2.752347
0,1072922.00,-17.006283,-3.233534,6.763965,-0.808709,5.362020,3.266345
0,1072945.00,-19.614300,-3.147338,10.464991,-0.513094,5.221136,3.715361
0,1072968.00,-15.635532,-8.085032,17.144554,1.301612,5.232321,3.176861
0,1072991.00,-12.510940,-12.764140,18.043024,1.496824,4.375836,2.878050
0,1073014.00,-11.699265,-15.926443,19.614300,1.225977,3.094303,2.548612
0,1073037.00,-10.409921,-16.687838,19.614300,0.480813,2.252199,2.019700
0,1073060.00,-7.297899,-17.317545,19.614300,-0.214815,1.676415,1.656706
0,1073083.00,-3.762081,-19.286278,19.614300,-1.009515,0.895298,1.653244
0,1073106.00,-9.850247,-16.457983,19.614300,-1.323506,-0.499687,0.769593
0,1073129.00,-9.574901,-15.090225,16.663895,-0.744260,-1.426215,-0.656551
0,1073152.00,-9.802361,-12.127848,17.064344,-0.245442,-2.675789,-2.092017
0,1073175.00,-13.488422,-11.592717,15.763030,0.331141,-3.513366,-2.943442
0,1073198.00,-15.435606,-9.422262,15.015403,0.473090,-3.768501,-3.055563
0,1073221.00,-14.685584,-9.198992,13.751799,0.574025,-3.861180,-3.452913
0,1073244.00,-15.995878,-7.534937,12.164362,0.342327,-4.306201,-3.489665
0,1073267.00,-18.022673,-5.606907,10.474567,0.127673,-4.620459,-3.373549
0,1073290.00,-19.381453,-2.390134,6.241403,0.181203,-4.223642,-3.208697
0,1073313.00,-16.164080,-0.223869,3.149733,0.315162,-3.733346,-3.057427
0,1073336.00,-12.556432,2.048344,-0.904456,0.591336,-3.631080,-2.589769
0,1073359.00,-12.242177,0.471682,-3.234731,0.820904,-4.132028,-1.921306
0,1073382.00,-19.614300,-2.951602,-2.529603,0.486139,-4.241486,-1.333803
0,1073405.00,-19.614300,0.955934,-4.384605,-0.797524,-2.295750,-0.955629
0,1073428.00,-9.485113,6.960299,-7.212900,-1.383961,0.501943,0.219642
0,1073451.00,-10.366823,7.484057,-6.255171,-1.182090,-0.094082,0.335491
0,1073474.00,-14.721499,9.562330,-6.068413,-0.912308,-0.326845,0.354933
0,1073497.00,-13.996019,10.799597,-6.561046,-0.232392,0.628711,0.480636
0,1073520.00,-10.816956,6.492209,-4.865266,0.676825,1.522748,0.742961
0,1073543.00,-12.286472,2.238094,-3.835108,0.683749,1.732342,1.132588
0,1073566.00,-14.431787,0.241827,-1.646696,0.250712,2.046600,1.537128
0,1073589.00,-15.207547,0.993644,1.690991,-0.506436,3.544118,2.456199
0,1073612.00,-15.698982,0.268763,3.865636,-0.243578,4.005384,2.856744
0,1073635.00,-19.000156,-2.986320,7.457121,0.174811,4.241877,3.098830
0,1073658.00,-19.614300,-6.115701,11.336524,0.359371,4.751081,3.067404
0,1073681.00,-16.346048,-8.371154,14.053483,0.400118,5.257089,3.247969
0,1073704.00,-13.900845,-10.961214,16.372984,0.368692,4.932178,3.303896
0,1073727.00,-10.754105,-15.093817,19.614300,-0.227332,3.553439,2.881778
0,1073750.00,-7.152443,-19.226419,19.614300,-1.185819,3.112946,2.914003
0,1073773.00,-3.389764,-19.380854,19.614300,-1.429501,1.816499,2.861272
0,1073796.00,-1.574268,-19.614300,19.614300,-0.989274,0.121638,2.476439
0,1073819.00,-10.958221,-19.614300,19.614300,0.091453,-1.978563,1.795991
0,1073842.00,-9.331877,-19.614300,19.614300,-0.180993,-2.845435,-0.459741
0,1073865.00,-10.353056,-19.614300,19.614300,1.030231,-4.564532,-2.510938
0,1073888.00,-9.510254,-16.927868,19.614300,2.978896,-5.179731,-4.968541
0,1073911.00,-13.300468,-17.524055,19.614300,1.856889,-5.435133,-4.457206
0,1073934.00,-17.675497,-11.383812,19.614300,0.825165,-6.386162,-3.508041
0,1073957.00,-19.614300,-8.425027,14.395272,-0.000161,-6.941173,-2.487236
1,1073980.00,-19.614300,-0.978081,-2.409887,-1.228430,-6.336360,-2.388697
0,1074003.00,-19.614300,6.960299,-11.324553,-2.535263,-4.989845,-2.138889
0,1074026.00,-19.614300,6.526328,-6.970475,-3.328098,-2.873399,-0.626191
0,1074049.00,-19.377262,16.751287,-6.041477,-4.415750,1.097701,0.428970
0,1074072.00,-11.228780,19.613701,-8.206545,-3.705207,1.506769,0.113913
0,1074095.00,-7.169802,19.613701,-13.350749,-2.038043,0.791167,0.317914
0,1074118.00,-11.117443,17.350466,-12.978432,0.127939,-0.277044,0.457999
0,1074141.00,-13.656624,9.470747,-8.146687,1.759416,-0.105001,0.512594
0,1074164.00,-12.481010,4.438478,-3.495114,1.886451,1.185853,1.093971
0,1074187.00,-11.358073,2.442210,1.219908,-0.216946,2.047665,2.039674
0,1074210.00,-13.869120,3.442439,2.490695,-0.265682,1.748321,2.156589
0,1074233.00,-16.644142,2.855830,3.240717,0.378014,1.946730,2.509995
0,1074256.00,-13.852360,1.886129,3.604654,0.777227,2.621585,2.945962
0,1074279.00,-18.926531,2.849245,5.144803,1.706152,2.781111,3.768358
0,1074302.00,-18.043623,0.541716,7.503810,2.152238,3.167275,3.475939
0,1074325.00,-19.614300,-2.381155,9.433636,2.496857,3.715628,3.533730
0,1074348.00,-11.750742,-9.237900,14.501821,2.586340,3.459162,3.512425
0,1074371.00,-17.557575,-10.514672,16.352633,2.015616,2.225034,3.505234
0,1074394.00,-19.614300,-12.992798,19.614300,1.619598,2.313719,3.020798
0,1074417.00,-17.732361,-15.611589,19.614300,1.308802,3.679941,1.943000
0,1074440.00,-5.230999,-15.491275,19.614300,0.911985,4.297271,1.045767
0,1074463.00,3.842291,-14.373724,19.614300,0.672830,2.690296,0.518986
0,1074486.00,0.108942,-15.347615,19.614300,0.142320,-0.467995,-0.075973
0,1074509.00,-11.397579,-8.609389,19.614300,-0.810573,-4.265454,-2.129302
0,1074532.00,-13.413600,-6.312634,19.252756,0.513304,-4.109923,-2.538636
0,1074555.00,-10.775654,-5.131634,17.278637,0.518098,-4.033490,-2.111725
0,1074578.00,-15.836057,-6.661008,19.580181,1.126639,-4.683311,-2.340493
0,1074601.00,-15.862993,-8.305310,18.436892,0.877630,-4.842038,-3.317090
0,1074624.00,-16.625586,-6.839386,17.969997,0.522359,-5.048968,-3.589269
0,1074647.00,-17.723982,-1.444376,13.857747,-0.718693,-5.407701,-2.489899
0,1074670.00,-19.614300,-1.093009,9.334271,-1.467585,-5.409566,-1.656051
0,1074693.00,-19.614300,1.231281,4.697663,-2.130456,-5.028994,-1.425151
0,1074716.00,-19.614300,4.611467,-1.182197,-2.671618,-4.216718,-1.095447
0,1074739.00,-18.150770,6.519145,-5.146599,-2.951521,-3.347981,-0.386236
0,1074762.00,-18.734386,10.246509,-8.704564,-3.258855,-2.684045,0.085417
0,1074785.00,-19.607117,15.074662,-10.038202,-3.203460,-1.672827,0.125099
0,1074808.00,-12.201473,13.581203,-7.136282,-1.253198,1.407964,0.762935
0,1074831.00,-8.438195,12.849737,-6.283304,-0.185520,1.613031,0.613796
0,1074854.00,-9.163675,11.735179,-3.833911,0.827296,1.040442,0.496083
0,1074877.00,-10.835512,9.349236,-1.736483,1.556214,0.844431,0.771724
0,1074900.00,-11.742961,5.639830,0.353163,1.885119,1.104359,1.513425
0,1074923.00,-15.435008,1.500642,3.058150,1.642235,1.389322,2.116374
0,1074946.00,-16.247282,1.239661,7.077022,0.750329,2.869795,2.328632
0,1074969.00,-15.069275,0.041901,9.413283,0.923703,3.579539,2.709203
0,1074992.00,-14.798118,-2.262636,11.677715,1.250478,3.828282,2.842363
0,1075015.00,-15.724721,-4.809598,15.426627,1.710147,3.761968,2.761668
0,1075038.00,-15.620568,-6.550869,18.171721,2.023872,3.892199,2.490288
0,1075061.00,-11.438283,-8.581256,19.614300,2.306704,4.264248,2.134750
0,1075084.00,-7.164415,-11.138992,19.614300,2.335999,4.065307,1.864169
0,1075107.00,-2.587067,-14.009787,19.614300,1.140754,2.580838,1.416751
0,1075130.00,10.525447,-13.175963,19.614300,0.420092,1.839669,1.850853
0,1075153.00,-16.283796,-19.614300,19.614300,-0.488060,-0.377180,1.953919
0,1075176.00,0.082604,-8.602206,19.614300,0.110095,-0.835783,-2.416128
0,1075199.00,-3.085685,-8.067674,19.614300,1.135428,-0.766540,-1.737811
0,1075222.00,-0.468090,-9.049346,19.614300,1.695499,-1.640070,-2.147944
0,1075245.00,-3.959613,-9.557542,19.614300,1.155136,-3.181265,-2.234764
0,1075268.00,-11.448459,-9.068501,19.186314,-0.574081,-3.739738,-1.272017
0,1075291.00,-13.538703,-4.773084,16.828505,-1.562928,-3.759180,-1.248314
0,1075314.00,-14.708929,-0.074224,14.420413,-1.801551,-3.790606,-1.543930
0,1075337.00,-14.628719,1.606591,12.072779,-1.334692,-3.744532,-1.808918
0,1075360.00,-14.528157,0.932589,9.817326,-0.775952,-3.771963,-1.960987
0,1075383.00,-14.316858,1.549127,7.221879,-0.543188,-3.860648,-1.983092
0,1075406.00,-14.725689,2.936039,1.280365,-0.987144,-3.608709,-1.209432
0,1075429.00,-15.215927,3.908733,-0.843401,-1.375705,-3.051034,-0.517532
0,1075452.00,-15.099802,6.173165,-3.205999,-1.663331,-2.298680,-0.110595
0,1075475.00,-14.663437,9.147513,-4.577348,-1.597283,-1.568696,-0.116187
0,1075498.00,-13.686553,11.944682,-6.260558,-1.270775,-0.958291,-0.197149
0,1075521.00,-13.614723,11.877642,-6.874104,-0.679011,-0.503682,0.037746
0,1075544.00,-14.042708,11.043220,-6.897448,-0.157556,-0.059194,0.448145
0,1075567.00,-15.782784,9.330680,-3.941057,0.724496,1.111550,1.045235
0,1075590.00,-16.944031,7.227865,-0.650059,0.988686,1.952589,1.224468
0,1075613.00,-17.142160,4.570165,1.771201,0.916513,2.905482,1.300636
0,1075636.00,-16.866814,2.448795,5.254344,1.054733,3.710036,1.356297
0,1075659.00,-16.982340,0.926005,8.902694,1.251810,4.328431,1.422078
0,1075681.00,-16.213762,0.201123,13.081388,1.562339,4.797687,1.330730
0,1075704.00,-13.765566,-0.803894,17.691658,1.932258,5.035244,1.183721
0,1075727.00,-8.108975,-8.171826,19.614300,2.290192,4.458662,1.523013
0,1075750.00,-9.084064,-12.662381,19.614300,2.086457,3.710835,1.609034
0,1075773.00,-6.859139,-15.244659,19.614300,1.651556,3.692192,1.145904
0,1075796.00,1.011003,-14.392280,19.614300,1.165256,3.718025,0.548814
0,1075819.00,4.558194,-12.803646,19.614300,1.164191,2.627710,0.015907
0,1075842.00,4.854491,-13.629687,19.614300,1.265392,0.838838,-0.453083
0,1075865.00,4.771887,-11.039029,19.614300,0.171083,-2.353542,-0.563073
0,1075888.00,-7.568457,-8.110771,19.614300,-1.365585,-3.461167,-1.377746
0,1075911.00,-8.123342,-3.067129,19.614300,-0.103760,-3.345052,-2.088555
0,1075934.00,-6.819034,-3.290399,19.614300,-0.214815,-3.090716,-1.080000
0,1075957.00,-8.725514,-2.815725,18.451855,0.191856,-3.993542,-1.355908
0,1075980.00,-13.921795,-2.186018,17.483351,0.405178,-5.011683,-1.439532
0,1076003.00,-15.279975,-2.754071,16.352034,0.538605,-5.199706,-1.548191
0,1076026.00,-17.647364,-2.588264,10.946249,-0.444649,-4.879855,-1.253108
0,1076049.00,-17.438457,-0.624320,7.754017,-0.962909,-4.517660,-1.042183
0,1076072.00,-16.238901,1.503635,4.225981,-1.261187,-4.170112,-0.797967
0,1076095.00,-15.994082,3.367616,-0.364536,-1.425773,-4.046805,-0.461072
0,1076118.00,-18.079538,4.886815,-4.625834,-1.489956,-3.943207,-0.087691
0,1076141.00,-19.614300,7.083607,-7.747433,-1.402869,-3.277939,0.046001
0,1076164.00,-19.614300,9.118183,-9.987922,-1.115776,-1.866176,-0.071446
0,1076187.00,-14.291120,6.424569,-7.908451,-0.222006,1.066275,0.195141
0,1076210.00,-12.328373,6.280910,-6.203094,0.024074,1.541391,0.259590
0,1076233.00,-12.753963,5.562014,-3.819545,0.334603,1.821027,0.553341
0,1076256.00,-12.780900,3.687258,-0.640482,0.616370,2.288419,0.987443
0,1076279.00,-14.989663,1.040334,2.507456,0.646464,2.737967,1.229262
0,1076302.00,-15.064487,-0.264573,5.009524,0.464035,3.347574,1.054822
0,1076325.00,-14.201332,-0.989454,10.910335,0.284801,4.306592,1.263351
0,1076348.00,-12.542665,-0.750620,12.938926,0.454447,4.483429,1.374140
0,1076371.00,-12.746780,-2.522420,15.088429,0.803593,4.394744,1.608768
0,1076394.00,-13.733242,-5.534479,17.814367,0.858455,4.375836,1.794127
0,1076417.00,-11.803417,-7.801904,19.614300,0.776961,4.601143,1.837803
0,1076440.00,-6.659213,-8.794950,19.614300,0.728225,4.710334,1.696920
0,1076463.00,-3.140754,-8.564496,19.614300,0.659514,4.196070,1.383461
0,1076486.00,8.838646,-7.942570,19.614300,1.533577,2.516122,0.208723
0,1076509.00,14.394674,-11.671729,19.614300,1.436370,0.359728,0.800753
0,1076532.00,-8.051512,-17.734158,19.614300,0.466964,-2.266988,-0.033895
0,1076555.00,2.744493,-6.137849,19.614300,0.016351,-1.823565,-2.238759
0,1076578.00,1.466523,-6.143236,19.614300,0.506114,-1.528748,-0.676525
0,1076601.00,2.359606,-4.699459,19.614300,0.291193,-2.695230,-1.127671
0,1076624.00,-12.304429,-3.365222,19.614300,0.689874,-5.684142,-0.996376
0,1076647.00,-15.006424,-4.272671,19.614300,0.713044,-5.333398,-1.016882
0,1076670.00,-14.479074,-4.186475,16.793787,0.196649,-4.917140,-1.229672
0,1076693.00,-14.148059,-2.223130,14.336013,-0.415354,-4.946968,-1.085327
0,1076716.00,-15.736692,-0.738050,10.083096,-0.938940,-5.052697,-0.694102
0,1076739.00,-17.355854,0.763789,7.339200,-1.143474,-4.911281,-0.465866
0,1076762.00,-17.474972,2.190806,3.774651,-1.266247,-4.244681,-0.296220
0,1076785.00,-15.666658,2.586468,-1.986690,-1.491554,-2.900830,0.288087
0,1076808.00,-15.770812,3.895565,-4.560588,-1.606604,-2.358868,0.470516
0,1076831.00,-16.477736,6.045069,-6.859139,-1.570917,-1.692003,0.475043
0,1076854.00,-16.243092,7.291913,-7.188358,-1.176497,-0.816875,0.305131
0,1076877.00,-15.138710,6.942940,-6.696923,-0.576744,0.204996,0.161052
0,1076900.00,-12.796463,6.432949,-5.117269,0.010225,1.092907,0.149866
0,1076923.00,-11.420924,5.344729,-2.928258,0.474954,1.603443,0.390087
0,1076946.00,-14.297106,1.967535,2.340451,0.565237,2.124898,1.035115
0,1076969.00,-15.612187,0.809880,3.833911,0.281073,2.827184,1.013276
0,1076992.00,-15.421241,0.395662,6.461082,0.178273,3.697785,0.987710
0,1077015.00,-14.650269,-0.250805,9.330081,0.387601,4.391016,1.062013
0,1077038.00,-13.358530,-0.456119,11.953661,0.686679,4.677310,1.116875
0,1077061.00,-13.345362,-0.388479,15.248251,1.046743,4.557200,1.173335
0,1077084.00,-14.631114,-3.985352,19.614300,1.721066,4.691691,1.058018
0,1077107.00,-8.863188,-5.760144,19.614300,1.738111,5.272270,0.809009
0,1077130.00,-1.690392,-7.819263,19.614300,1.501618,5.109814,0.706475
0,1077153.00,2.892343,-7.961126,19.614300,1.076571,4.131886,0.546417
0,1077176.00,6.577207,-6.891462,19.614300,0.928231,2.896428,0.395946
0,1077199.00,9.249272,-8.744070,19.614300,0.597994,1.587996,0.520584
0,1077222.00,15.074063,-11.379622,19.614300,0.139657,-0.122844,0.982117
0,1077245.00,1.887326,-3.432263,19.614300,-1.818063,-2.176439,-1.195849
0,1077268.00,-0.534533,-2.440414,19.614300,0.112759,-1.806787,-1.143917
0,1077291.00,2.388937,-3.134768,19.614300,0.741807,-2.798030,-1.224612
0,1077314.00,-3.904543,-3.830918,19.614300,1.435038,-4.644694,-1.279740
0,1077337.00,-12.339148,-5.203464,19.614300,1.500819,-5.425012,-0.981462
0,1077360.00,-13.505781,-6.050456,19.614300,0.933025,-5.198906,-1.145249
0,1077383.00,-15.351805,-2.083660,12.248163,-1.262519,-5.089982,-0.566535
0,1077406.00,-17.500711,0.813471,7.987464,-1.694490,-4.942174,-0.220851
0,1077429.00,-18.053799,2.667277,4.391190,-1.709670,-4.368520,-0.127906
0,1077452.00,-17.752712,2.629566,1.706554,-1.559199,-3.570625,-0.001936
0,1077475.00,-16.075489,1.976514,-0.548899,-1.467319,-2.787910,0.235621
0,1077498.00,-16.243092,2.824105,-3.455009,-1.540823,-2.358868,0.375972
0,1077521.00,-18.378231,6.491012,-5.920564,-1.521648,-2.004663,0.071835
0,1077544.00,-15.983907,8.474111,-6.555060,-0.010814,0.306997,-0.402482
0,1077567.00,-12.503757,5.338145,-5.364482,0.660313,1.187451,-0.330575
0,1077590.00,-12.574389,3.089875,-3.851270,0.826230,1.399176,-0.128971
0,1077613.00,-14.371329,2.430837,-1.975916,0.757520,1.738201,0.314719
0,1077636.00,-14.713120,1.628739,1.154064,0.654987,2.450075,0.790633
0,1077659.00,-16.653719,-0.606362,4.823365,0.425418,3.221338,1.122468
0,1077682.00,-15.968344,-0.841006,7.239836,0.101041,4.015771,0.924059
0,1077705.00,-15.971935,-0.089787,12.947904,0.267224,5.077057,0.748554
0,1077728.00,-13.670391,-1.553916,15.833064,0.484009,5.438986,0.886242
0,1077751.00,-13.188534,-2.552948,18.973219,0.856058,5.283721,1.156290
0,1077774.00,-11.206632,-4.315170,19.614300,0.811050,5.246170,1.357895
0,1077797.00,-7.281138,-8.432808,19.614300,0.593467,5.387853,1.623948
0,1077820.00,1.406665,-9.702997,19.614300,0.360703,5.156154,1.442052
0,1077843.00,8.547137,-5.763736,19.614300,0.782820,1.738734,0.099532
0,1077866.00,8.939806,-8.190981,19.614300,1.039819,0.152797,0.169041
0,1077889.00,1.975916,-16.569319,19.614300,0.717305,-1.119414,1.169873
0,1077912.00,-1.205542,-13.835001,19.614300,-1.302467,-1.835283,-0.382774
0,1077935.00,1.668245,-4.175701,19.614300,-0.687533,-2.230502,-1.217688
0,1077958.00,1.715533,-3.793207,19.614300,-0.151697,-2.640901,-0.663209
0,1077981.00,-3.357440,-3.964401,19.614300,0.212362,-4.291021,-0.919143
0,1078004.00,-14.461117,-5.432721,19.614300,0.608380,-5.436198,-0.915414
0,1078027.00,-15.248251,-5.231597,18.377033,0.090121,-5.088384,-1.200377
0,1078050.00,-14.716112,-3.180859,14.801709,-0.689131,-4.941375,-1.318357
0,1078073.00,-15.618773,-0.380697,11.430501,-0.981018,-5.013814,-1.066418
0,1078096.00,-17.186455,1.283358,7.935986,-0.904318,-4.985318,-0.780923
0,1078119.00,-17.844296,1.825073,4.207425,-0.822025,-4.595159,-0.535908
0,1078142.00,-17.692856,1.403074,1.079241,-0.900856,-3.972768,-0.119916
0,1078165.00,-18.764315,4.682100,-5.235787,-1.503006,-2.359933,0.383695
0,1078188.00,-18.307598,7.730673,-7.258991,-1.357861,-1.358303,0.122169
0,1078211.00,-17.005085,7.190753,-6.751394,-0.665429,-0.202740,0.093406
0,1078234.00,-14.679599,5.915775,-5.416559,-0.032919,0.807945,0.027892
0,1078257.00,-13.330398,5.192689,-3.540008,0.369758,1.398377,-0.042150
0,1078280.00,-12.643825,4.622242,-1.397088,0.592401,1.859643,0.205794
0,1078303.00,-15.090225,0.857168,3.592084,0.409706,2.547015,1.248437
0,1078326.00,-16.690830,-0.128096,5.434516,0.089056,3.157155,1.273205
0,1078349.00,-16.639353,-0.527350,7.590006,-0.135185,4.104189,1.240181
0,1078372.00,-15.012409,-0.531540,11.423319,0.113558,4.851750,1.182656
0,1078395.00,-13.990033,-0.928998,14.562876,0.505581,5.138843,1.112880
0,1078418.00,-11.565182,-0.313656,17.372015,0.996409,5.137778,1.013010
0,1078441.00,-10.177073,-2.158483,19.614300,1.419325,4.938038,1.205027
0,1078464.00,-6.799281,-9.284589,19.614300,1.293356,4.707671,1.268411
0,1078487.00,-0.450731,-9.462966,19.614300,0.779624,4.666125,0.947229
0,1078510.00,5.393813,-6.977658,19.614300,0.331141,3.861305,0.554673
0,1078533.00,7.409833,-4.846710,19.614300,0.516500,2.188282,0.282760
0,1078556.00,16.457384,-4.214608,19.614300,0.701593,0.431901,0.572516
0,1078579.00,-10.665515,-19.614300,19.614300,-0.562363,-1.221681,1.623416
0,1078602.00,0.626116,-7.930000,19.614300,0.099975,-0.405144,-0.539104
0,1078625.00,6.218059,-4.853294,19.614300,0.280008,-1.478414,-1.246184
0,1078648.00,1.290540,-4.912554,19.614300,0.387601,-3.685143,-1.294122
0,1078671.00,-6.478441,-6.428759,19.614300,0.523957,-4.854022,-0.840578
0,1078694.00,-10.679282,-6.215066,19.614300,0.176143,-5.074269,-0.600358
0,1078717.00,-13.687750,-5.078361,19.614300,-0.455036,-5.021537,-0.783852
0,1078740.00,-14.014575,-2.092040,17.342686,-1.066507,-5.037783,-1.126606
0,1078763.00,-17.170893,0.943364,10.995932,-0.775952,-5.179998,-0.910088
0,1078786.00,-17.604265,0.854774,8.188587,-0.486195,-4.832184,-0.790244
0,1078809.00,-17.137371,0.742240,5.331560,-0.457965,-4.384233,-0.689575
0,1078832.00,-16.697414,0.765585,2.245876,-0.753314,-3.957854,-0.315129
0,1078855.00,-17.124802,1.376137,-0.424394,-1.155724,-3.407104,0.225768
0,1078878.00,-17.334904,3.854861,-3.499903,-1.456666,-2.677920,0.329100
0,1078901.00,-17.099062,6.953715,-6.439534,-1.294477,-1.867241,0.068106
0,1078924.00,-15.733101,5.623668,-6.513758,-0.012944,0.002593,-0.077038
0,1078947.00,-14.112144,4.708437,-6.387457,0.346055,0.722190,0.038278
0,1078970.00,-14.409638,4.985580,-4.818576,0.568699,1.149367,0.210854
0,1078993.00,-15.277581,4.087709,-1.166036,0.738611,1.759240,0.521117
0,1079016.00,-16.548368,1.420433,2.175842,0.631817,2.643956,0.716596
0,1079039.00,-16.243690,-0.269361,5.105297,0.271485,3.554238,0.723786
0,1079062.00,-16.897341,-0.127498,11.222794,-0.149300,4.853880,1.013010
0,1079085.00,-16.712379,1.300716,14.617945,0.274681,5.290646,0.854816
0,1079108.00,-12.347528,1.869967,19.370678,0.874168,5.697583,0.781844
0,1079131.00,-11.921338,-0.101160,19.614300,1.463534,5.641123,1.105157
0,1079154.00,-8.899701,-3.089875,19.614300,1.430244,5.336452,1.233789
0,1079177.00,-7.113536,-8.578263,19.614300,1.289095,5.102357,1.754445
0,1079200.00,0.367529,-10.816358,19.614300,0.756721,5.020863,1.744325
0,1079223.00,8.094610,-5.849931,19.614300,0.566835,2.277233,0.414322
0,1079246.00,8.375344,-6.616714,19.614300,0.965249,0.670524,0.254264
0,1079269.00,10.247705,-14.424603,19.614300,0.848868,-0.444293,1.021532
0,1079292.00,-2.731325,-19.293461,19.614300,-0.913906,-1.433139,0.421247
0,1079315.00,4.361859,-8.429216,19.614300,-0.638531,-1.678686,-1.325814
0,1079338.00,3.744124,-5.778101,19.614300,-0.579940,-1.991346,-0.758285
0,1079361.00,-7.760602,-2.639143,19.614300,0.672031,-5.034587,-0.910354
0,1079384.00,-12.301436,-5.140613,19.614300,1.148478,-5.361362,-1.134330
0,1079407.00,-13.174767,-6.450907,19.614300,0.458442,-5.081193,-1.349250
0,1079430.00,-14.315661,-3.698632,17.944260,-0.517089,-5.066545,-1.330075
0,1079453.00,-14.993255,-0.099364,14.648473,-1.019102,-5.078263,-1.159896
0,1079476.00,-15.781586,0.879914,10.755900,-0.927222,-5.039913,-0.951900
0,1079499.00,-17.568350,0.757205,7.425396,-0.588196,-4.898764,-0.923138
0,1079522.00,-16.668682,1.119346,0.740445,-0.595919,-3.719498,-0.376649
0,1079545.00,-17.342686,1.427017,-2.138131,-0.797257,-3.186591,0.192744
0,1079568.00,-18.132214,3.754300,-4.581538,-1.007384,-2.498420,0.234290
0,1079591.00,-18.087320,5.442298,-5.736800,-0.942402,-1.434471,0.124300
0,1079614.00,-15.885739,4.789246,-5.122655,-0.631873,-0.198213,0.155725
0,1079637.00,-13.222652,4.346296,-4.420520,-0.404435,0.706210,0.223371
0,1079660.00,-12.828188,4.268481,-3.446030,-0.213750,1.128328,0.313653
0,1079683.00,-11.452050,4.063167,0.640482,0.379079,2.040208,0.758142
0,1079706.00,-12.860511,2.281790,3.483741,0.477884,2.297473,1.137115
0,1079729.00,-15.284165,0.870337,5.597330,0.308238,2.648750,1.165345
0,1079752.00,-15.937816,0.168201,6.200700,0.053369,3.407229,1.101961
0,1079775.00,-15.797748,0.495026,9.200788,0.073077,4.174498,1.297973
0,1079798.00,-15.937217,-0.221475,11.191069,0.217689,4.792094,1.367748
0,1079821.00,-12.618086,-3.178465,19.614300,0.869641,5.613692,1.481201
0,1079844.00,-11.359270,-3.982359,19.614300,0.802794,5.561759,1.608768
0,1079867.00,-7.220083,-5.555429,19.614300,0.932226,5.635264,1.468684
0,1079890.00,1.405468,-7.567260,19.614300,1.359670,5.540720,1.010879
0,1079913.00,9.322299,-7.721694,19.614300,1.632648,4.516453,0.418850
0,1079936.00,11.432297,-6.587383,19.614300,1.735980,2.497746,-0.020046
0,1079959.00,14.227670,-6.466470,19.614300,1.587640,0.521384,-0.015252
0,1079982.00,-1.180402,-15.448176,19.614300,-0.868365,-2.320785,-0.008062
0,1080005.00,-0.928399,-9.612611,19.614300,-0.540525,-2.427845,-1.094115
0,1080028.00,1.301913,-6.450907,19.614300,-0.217478,-2.570859,-0.799299
0,1080051.00,0.011373,-3.031812,19.614300,0.390531,-3.889943,-1.328743
0,1080074.00,-6.991425,-2.767240,19.614300,1.273914,-5.255366,-1.048308
0,1080097.00,-13.161597,-4.503723,19.614300,1.861949,-5.748059,-0.965749
0,1080120.00,-14.813681,-4.641995,18.748753,-0.164747,-5.376009,-1.155369
0,1080143.00,-15.145294,-1.418038,15.151879,-0.940538,-5.393587,-0.702624
0,1080166.00,-16.125771,0.808683,11.100683,-1.335757,-5.455639,-0.265060
0,1080189.00,-17.436064,2.530202,6.605939,-1.461460,-5.342720,0.024430
0,1080212.00,-18.537453,2.748684,2.454182,-1.421246,-4.746162,0.280630
0,1080235.00,-18.111862,1.688597,-0.713508,-1.375438,-3.727488,0.511529
0,1080258.00,-17.012268,1.272583,-2.130948,-1.476374,-2.556744,0.585300
0,1080281.00,-12.818012,4.744951,-3.013256,-1.422045,-0.675458,0.095537
0,1080304.00,-11.501134,5.236386,-3.769863,-0.980486,-0.179304,-0.069049
0,1080327.00,-10.869631,5.673350,-4.078132,-0.483532,0.153064,-0.198747
0,1080350.00,-10.714599,4.837132,-3.050368,0.042184,0.524047,0.016174
0,1080373.00,-10.736746,4.118237,-2.388937,0.342060,0.904086,0.356264
0,1080396.00,-11.006706,4.224784,-1.053502,0.463236,1.160286,0.688898
0,1080419.00,-13.574618,3.392757,0.835619,0.461372,1.524080,1.084916
0,1080442.00,-16.677662,1.584444,4.048203,0.067218,3.103092,0.944033
0,1080465.00,-16.070103,2.121371,5.561415,-0.170606,4.085014,1.196504
0,1080488.00,-17.154730,3.216175,5.679336,-0.106157,4.579304,1.673484
0,1080511.00,-19.614300,0.681185,8.946390,0.109030,4.841630,2.339284
0,1080534.00,-19.614300,-4.940687,18.425518,0.128205,5.687196,2.865799
0,1080557.00,-19.614300,-9.733524,19.614300,-0.252366,7.273133,3.140375
0,1080580.00,8.957764,-6.495800,19.614300,0.757253,8.004182,1.841266
0,1080603.00,13.378284,-1.888523,19.614300,2.667568,4.563325,0.331497
0,1080626.00,6.435942,-6.444322,19.614300,3.647360,0.456668,-0.389166
0,1080649.00,0.761395,-12.725830,19.614300,3.658545,-0.829924,0.314985
0,1080672.00,-0.283727,-19.614300,19.614300,2.135194,-0.457342,2.317712
