-3.330504,-8.507032,-2.046548,0.262665,0.463247,0.048397
-3.317336,-8.422033,-2.054928,0.227378,0.380821,0.049329
-3.313744,-8.442984,-2.047147,0.182902,0.297729,0.055188
-3.349060,-8.538158,-2.096829,0.135897,0.213305,0.064643
-3.383778,-8.551926,-2.067498,0.041752,0.038999,0.082752
-3.368814,-8.501645,-2.059717,-0.003522,-0.041696,0.087280
-3.391560,-8.598017,-2.058520,-0.047332,-0.115467,0.088345
-3.438847,-8.710549,-2.046548,-0.087147,-0.181515,0.083418
-3.456805,-8.670444,-2.070491,-0.121369,-0.234113,0.069836
-3.466382,-8.665057,-2.036971,-0.153460,-0.274194,0.046400
-3.444833,-8.644706,-2.025598,-0.199667,-0.329322,-0.019914
-3.465185,-8.614777,-2.017218,-0.207124,-0.360215,-0.054669
-3.450220,-8.624354,-1.995070,-0.211252,-0.390709,-0.085961
-3.440643,-8.586045,-2.016021,-0.215113,-0.408686,-0.111661
-3.467579,-8.622559,-1.959155,-0.228030,-0.409351,-0.130304
-3.399341,-8.485483,-1.938804,-0.251067,-0.391907,-0.144019
-3.367018,-8.471117,-1.926832,-0.268511,-0.378192,-0.150278
-3.325716,-8.393302,-1.937008,-0.264782,-0.402427,-0.136296
-3.335293,-8.416048,-1.957360,-0.249069,-0.431056,-0.119385
-3.306561,-8.360380,-1.941198,-0.234555,-0.453161,-0.101142
-3.331103,-8.389710,-1.918452,-0.224035,-0.457023,-0.082366
-3.393954,-8.506433,-1.900494,-0.218576,-0.442375,-0.065854
-3.435854,-8.568088,-1.887924,-0.218975,-0.403626,-0.054136
-3.379588,-8.456153,-1.840038,-0.226832,-0.344902,-0.044149
-3.396947,-8.435203,-1.891516,-0.241479,-0.219731,-0.032431
-3.406524,-8.454357,-1.904685,-0.240014,-0.168997,-0.033496
-3.434657,-8.577066,-1.957360,-0.223902,-0.136240,-0.037092
-3.505888,-8.792555,-2.021408,-0.194740,-0.127185,-0.039089
-3.577120,-8.939207,-2.062111,-0.156656,-0.136773,-0.036293
-3.602260,-8.976918,-2.024999,-0.118306,-0.147159,-0.029502
-3.417299,-8.591432,-1.974120,-0.071833,-0.150755,0.002190
-3.450819,-8.665656,-1.959155,-0.057851,-0.146360,0.018569
-3.484339,-8.680022,-1.966338,-0.040541,-0.130115,0.023762
-3.497508,-8.689599,-1.971127,-0.022298,-0.103216,0.013243
-3.496311,-8.633931,-1.947184,-0.000593,-0.068994,-0.012857
-3.456805,-8.530376,-1.971726,0.023776,-0.029978,-0.050541
-3.427474,-8.453758,-1.954367,0.052006,0.002113,-0.098479
-3.397545,-8.387316,-1.959155,0.119385,0.038599,-0.205539
-3.375996,-8.417844,-1.956761,0.149612,0.044059,-0.245887
-3.355046,-8.405872,-1.992676,0.175179,0.032873,-0.268258
-3.274836,-8.279572,-1.980106,0.201145,0.003179,-0.271720
-3.348462,-8.459146,-2.059118,0.234302,-0.046091,-0.261200
-3.434059,-8.669248,-2.082463,0.268790,-0.100819,-0.242558
-3.453812,-8.706360,-1.987887,0.311668,-0.168598,-0.179307
-3.386172,-8.555517,-1.907079,0.304078,-0.153684,-0.138826
-3.326913,-8.417245,-1.856200,0.282239,-0.117731,-0.097147
-3.326314,-8.410062,-1.907079,0.257871,-0.079381,-0.056799
-3.318533,-8.342422,-1.882537,0.238563,-0.043161,-0.023776
-3.315540,-8.265804,-1.868171,0.231639,-0.008273,-0.007797
-3.292195,-8.177214,-1.851411,0.236432,0.026215,-0.012857
-3.303568,-8.135313,-1.840636,0.290629,0.085471,-0.086760
-3.489128,-8.552525,-1.975317,0.340564,0.105179,-0.145884
-3.605851,-8.873962,-2.032182,0.394893,0.130480,-0.205140
-3.616626,-8.905088,-1.976514,0.434441,0.170827,-0.249349
-3.581310,-8.899701,-1.901093,0.444828,0.229284,-0.267459
-3.594478,-8.984101,-1.896903,0.417131,0.314240,-0.255607
-3.608845,-9.188217,-1.941198,0.277579,0.522370,-0.139492
-3.589091,-9.241491,-1.951374,0.184633,0.616780,-0.042418
-3.545395,-9.151105,-1.952571,0.089424,0.688420,0.065175
-3.517860,-9.135542,-2.019612,0.009528,0.726504,0.173568
-3.564549,-9.218745,-2.077076,-0.048131,0.725172,0.269975
-3.501100,-9.037374,-2.098026,-0.085815,0.698008,0.345477
-3.495713,-8.966743,-2.084857,-0.103392,0.652467,0.392749
-3.388567,-8.589636,-1.977113,-0.127095,0.569775,0.416984
-3.397545,-8.580059,-1.953170,-0.153194,0.552597,0.407397
-3.365821,-8.506433,-1.912466,-0.205925,0.558456,0.397543
-3.330504,-8.451962,-1.906480,-0.284224,0.578963,0.395279
-3.368814,-8.652488,-1.941797,-0.377436,0.591613,0.410459
-3.389165,-8.773400,-2.054928,-0.476507,0.579495,0.447744
-3.338884,-8.710549,-1.992077,-0.576110,0.536884,0.505669
-3.227548,-8.533968,-2.048943,-0.761869,0.377092,0.642291
-3.265857,-8.560306,-2.057921,-0.827250,0.255783,0.696620
-3.356243,-8.671043,-2.102216,-0.866133,0.118628,0.727780
-3.359236,-8.629742,-2.110596,-0.883044,-0.019326,0.730177
-3.325117,-8.448371,-2.044154,-0.887439,-0.134775,0.702746
-3.304167,-8.359182,-2.007640,-0.881713,-0.224925,0.650813
-3.395750,-8.434005,-2.006443,-0.845626,-0.351826,0.501141
-3.383778,-8.366365,-1.974120,-0.821391,-0.384184,0.414854
-3.402334,-8.384323,-1.999859,-0.793827,-0.405623,0.332427
-3.351454,-8.328655,-2.003450,-0.754012,-0.439845,0.259988
-3.407123,-8.430414,-2.067498,-0.695821,-0.497770,0.193808
-3.435256,-8.498054,-2.084259,-0.615792,-0.570741,0.125630
-3.477157,-8.566890,-2.103413,-0.517120,-0.655431,0.052259
-3.392158,-8.236473,-2.014823,-0.292213,-0.787393,-0.146682
-3.450220,-8.202354,-1.995070,-0.167176,-0.819218,-0.279976
-3.484339,-8.217319,-1.989683,-0.033483,-0.823746,-0.442564
-3.638175,-8.535166,-2.011831,0.104071,-0.799777,-0.630586
-3.687857,-8.565094,-1.994472,0.246819,-0.757166,-0.841778
-3.498107,-8.199960,-1.906480,0.382376,-0.696844,-1.055101
-3.643562,-8.749457,-2.044154,0.640573,-0.574337,-1.443928
-3.701026,-9.028396,-2.084857,0.765744,-0.535987,-1.599992
-3.616626,-8.987094,-2.045351,0.875867,-0.513616,-1.712645
-3.499304,-8.900300,-1.993274,0.958027,-0.491378,-1.776695
-3.480748,-8.942799,-1.997465,1.015952,-0.471138,-1.795071
-3.569937,-9.301948,-2.105209,1.060826,-0.465944,-1.771635
-3.698033,-9.719757,-2.211158,1.097712,-0.479394,-1.709050
-3.545993,-9.379763,-1.989084,1.109696,-0.471138,-1.490934
-3.480748,-9.212759,-1.901093,1.077471,-0.416276,-1.354178
-3.549585,-9.382756,-1.925635,1.026604,-0.335448,-1.204773
-3.526839,-9.320503,-1.879544,0.960690,-0.232914,-1.038722
-3.463389,-9.132549,-1.863981,0.887319,-0.117198,-0.858556
-3.365222,-8.835054,-1.751448,0.806224,0.009970,-0.676526
-3.311350,-8.668649,-1.726307,0.721534,0.148722,-0.500089
-3.339483,-8.706958,-1.726307,0.554818,0.435017,-0.174912
-3.298181,-8.617769,-1.723913,0.471060,0.571905,-0.018449
-3.261069,-8.578862,-1.716730,0.380512,0.702802,0.130557
-3.248499,-8.570481,-1.721519,0.280109,0.831301,0.277566
-3.210190,-8.512420,-1.699371,0.164393,0.955539,0.422044
-3.197619,-8.503441,-1.680815,0.037891,1.071788,0.562794
-3.211387,-8.687803,-1.746659,-0.250534,1.252486,0.841898
-3.273639,-8.875159,-1.810707,-0.408595,1.309878,0.981050
-3.283815,-8.919455,-1.881340,-0.569985,1.336910,1.116607
-3.343673,-9.119979,-1.940001,-0.724983,1.329719,1.239647
-3.394552,-9.226526,-1.948381,-0.877851,1.300824,1.345376
-3.434059,-9.253463,-1.970528,-1.030053,1.265270,1.424473
-3.471171,-9.315715,-1.983099,-1.178926,1.225455,1.472411
-3.559162,-9.439023,-2.109399,-1.452570,1.113201,1.482398
-3.639372,-9.506662,-2.179433,-1.558033,1.018125,1.449774
-3.709406,-9.637153,-2.256650,-1.631804,0.887095,1.398108
-3.743525,-9.629970,-2.291368,-1.671752,0.721843,1.327932
-3.718983,-9.493493,-2.301544,-1.682538,0.537150,1.238449
-3.656731,-9.298955,-2.294959,-1.669621,0.348196,1.134451
-3.620816,-9.049346,-2.318304,-1.581203,-0.030511,0.889037
-3.555571,-8.875159,-2.281192,-1.503837,-0.227322,0.762934
-3.459798,-8.628544,-2.227320,-1.408894,-0.427461,0.638030
-3.313744,-8.198164,-2.153095,-1.299303,-0.619212,0.512194
-3.182655,-7.862959,-2.064506,-1.177994,-0.793785,0.384893
-3.132374,-7.721096,-2.050738,-1.040972,-0.954376,0.250001
-3.116811,-7.618139,-2.029189,-0.883044,-1.102716,0.104324
-3.106036,-7.382897,-1.892114,-0.515656,-1.323762,-0.247351
-3.092269,-7.264977,-1.796341,-0.322041,-1.377825,-0.454149
-3.211985,-7.439164,-1.810109,-0.128959,-1.390608,-0.678391
-3.343673,-7.762996,-1.849615,0.059862,-1.363976,-0.917679
-3.458601,-8.024576,-1.882537,0.235500,-1.299926,-1.158167
-3.500501,-8.229889,-1.878945,0.390099,-1.205382,-1.380411
-3.553176,-8.533370,-1.891516,0.520995,-1.094993,-1.566702
-3.693843,-9.193006,-2.038767,0.734984,-0.897649,-1.797468
-3.780039,-9.500676,-2.069294,0.830859,-0.829205,-1.839280
-3.800390,-9.661097,-2.118977,0.911155,-0.766354,-1.846870
-3.861446,-9.799967,-2.101618,0.979332,-0.690186,-1.833155
-3.926092,-9.881972,-2.060316,1.035127,-0.585123,-1.816377
-3.982957,-9.940035,-2.010035,1.082265,-0.440378,-1.808387
-3.894367,-9.690427,-1.847221,1.157767,-0.035305,-1.846870
-3.814756,-9.519233,-1.866375,1.189459,0.203718,-1.883489
-3.790215,-9.585076,-1.886727,1.225812,0.429024,-1.910121
-3.650745,-9.474339,-1.893910,1.269089,0.612519,-1.901067
-3.547191,-9.429445,-1.958557,1.312499,0.732629,-1.839813
-3.428073,-9.364799,-1.952571,1.340329,0.797079,-1.709582
-3.274238,-9.094838,-1.883734,1.332473,0.830502,-1.511440
-3.136564,-8.816499,-1.757434,1.171482,0.929041,-0.976270
-3.045580,-8.620763,-1.668844,1.018215,1.026647,-0.671466
-3.038397,-8.629742,-1.624549,0.832457,1.142097,-0.358141
-2.965370,-8.433407,-1.573669,0.615406,1.268066,-0.040154
-2.913293,-8.310698,-1.570676,0.385172,1.390574,0.260255
-2.963574,-8.473512,-1.657471,0.159200,1.494838,0.534165
-2.979736,-8.446575,-1.737082,-0.253197,1.586585,0.981583
-3.021038,-8.398090,-1.793348,-0.419381,1.568875,1.137380
-3.099452,-8.547735,-1.838841,-0.561596,1.520671,1.243109
-3.202408,-8.718331,-1.860988,-0.692226,1.458618,1.311820
-3.247900,-8.732697,-1.886727,-0.822590,1.398696,1.352567
-3.405327,-9.108007,-1.934614,-0.955750,1.339706,1.369079
-3.576521,-9.506662,-1.992676,-1.104223,1.291236,1.376935
-3.829122,-10.174679,-2.100420,-1.461359,1.231447,1.391050
-3.805778,-10.106441,-2.096829,-1.660699,1.200288,1.401836
-3.802186,-10.123799,-2.190806,-1.848855,1.129313,1.406896
-3.846481,-10.211791,-2.347036,-2.000923,1.001613,1.399572
-3.854861,-10.150137,-2.408690,-2.102924,0.811593,1.370943
-3.847080,-10.009470,-2.434429,-2.151394,0.573503,1.314483
-3.695040,-9.456382,-2.405697,-2.103989,0.034072,1.116074
-3.602260,-9.188816,-2.378761,-2.018500,-0.249826,0.993168
-3.565148,-9.008044,-2.384148,-1.900920,-0.533590,0.865600
-3.499903,-8.807520,-2.320698,-1.759371,-0.802839,0.731508
-3.353250,-8.367562,-2.168659,-1.606104,-1.037734,0.592223
-3.186246,-7.945563,-2.051935,-1.449907,-1.234012,0.453337
-3.134768,-7.711518,-1.986091,-1.289449,-1.393937,0.312853
-3.056354,-7.369130,-1.858594,-0.931248,-1.610722,-0.013256
-3.019841,-7.142268,-1.820285,-0.736568,-1.668114,-0.208069
-3.031214,-7.078219,-1.755638,-0.534831,-1.688620,-0.420726
-3.104241,-7.162021,-1.732293,-0.327367,-1.673706,-0.653490
-3.227548,-7.450537,-1.784370,-0.116442,-1.628432,-0.904630
-3.375996,-7.787538,-1.801130,0.091421,-1.553463,-1.162960
-3.466981,-8.083836,-1.852608,0.289164,-1.461982,-1.412502
-3.577120,-8.619565,-1.879544,0.621798,-1.239072,-1.819306
-3.690850,-9.071494,-1.956162,0.749898,-1.115366,-1.959391
-3.794405,-9.423459,-1.953170,0.852697,-0.981940,-2.057396
-3.835706,-9.612013,-1.942395,0.934458,-0.838127,-2.114655
-3.910529,-9.832889,-1.966338,0.993447,-0.679400,-2.139290
-4.000915,-10.092673,-2.037570,1.039654,-0.503096,-2.138890
-4.051196,-10.265663,-2.011232,1.106234,-0.109741,-2.099209
-4.041618,-10.233938,-2.000458,1.132200,0.102116,-2.069647
-3.930881,-10.074117,-1.982500,1.158832,0.314507,-2.035026
-3.887783,-10.054364,-1.984296,1.188261,0.504393,-1.984425
-3.736941,-9.843663,-2.027992,1.221018,0.655530,-1.904795
-3.590288,-9.595252,-1.988486,1.253243,0.761126,-1.788413
-3.472966,-9.396523,-1.959155,1.271619,0.828105,-1.632882
-3.233534,-8.858399,-1.753842,1.217156,0.954474,-1.225279
-3.119804,-8.631536,-1.679618,1.128072,1.055276,-0.994246
-3.021636,-8.418442,-1.638316,1.003701,1.173922,-0.749765
-2.930054,-8.205347,-1.582049,0.850966,1.298826,-0.495695
-2.915688,-8.199960,-1.589831,0.678790,1.416407,-0.235633
-2.888153,-8.176017,-1.597613,0.491967,1.515877,0.027491
-2.949807,-8.429216,-1.719723,0.091288,1.640648,0.536562
-2.934842,-8.402281,-1.754441,-0.109118,1.654364,0.767595
-2.998292,-8.498652,-1.829862,-0.297939,1.637186,0.965870
-3.112621,-8.668649,-1.865777,-0.479303,1.601499,1.121667
-3.189239,-8.771605,-1.898100,-0.648150,1.549034,1.239514
-3.313145,-9.015227,-1.968733,-0.806211,1.481389,1.321008
-3.462192,-9.315715,-2.011831,-0.959611,1.403756,1.371342
-3.617224,-9.634160,-2.121969,-1.258423,1.239969,1.408760
-3.796799,-9.992111,-2.145913,-1.411424,1.159807,1.409959
-3.838101,-10.153728,-2.171652,-1.573213,1.077647,1.408494
-3.929085,-10.332704,-2.199186,-1.732206,0.983503,1.405165
-3.933874,-10.388970,-2.248868,-1.886672,0.876043,1.399839
-3.921304,-10.371013,-2.288974,-2.018900,0.742350,1.388121
-3.896762,-10.271050,-2.390134,-2.114642,0.571239,1.363486
-3.770461,-9.808347,-2.420063,-2.160183,0.111571,1.257890
-3.710603,-9.574901,-2.414675,-2.109848,-0.152352,1.172002
-3.630393,-9.210364,-2.359606,-2.017169,-0.418273,1.062677
-3.467579,-8.715937,-2.250664,-1.892398,-0.668880,0.928851
-3.348462,-8.363972,-2.169257,-1.746987,-0.888595,0.776250
-3.303568,-8.103588,-2.123765,-1.584399,-1.075818,0.604340
-3.084487,-7.490642,-1.926233,-1.223668,-1.370501,0.243343
-3.012658,-7.306279,-1.865178,-1.030985,-1.486350,0.063311
-2.949807,-7.122514,-1.816095,-0.828848,-1.583291,-0.117654
-2.965968,-7.065051,-1.786165,-0.622583,-1.657993,-0.299151
-2.987517,-7.089592,-1.786764,-0.413788,-1.701137,-0.485575
-3.045580,-7.168006,-1.740673,-0.208322,-1.707396,-0.679989
-3.155719,-7.372123,-1.731695,-0.012710,-1.670377,-0.885455
-3.470572,-8.104187,-1.758032,0.331908,-1.454525,-1.319423
-3.611837,-8.454357,-1.774792,0.469329,-1.277688,-1.530748
-3.722575,-8.848822,-1.877150,0.586244,-1.078481,-1.717971
-3.815355,-9.219942,-1.936409,0.693038,-0.880339,-1.873236
-3.971585,-9.696412,-2.002253,0.793041,-0.698042,-1.988553
-3.976972,-9.841269,-2.004049,0.884123,-0.524402,-2.070313
-4.044013,-10.209396,-2.110596,1.046578,-0.210011,-2.141687
-4.064364,-10.330908,-2.181229,1.126341,-0.078449,-2.143817
-4.054787,-10.394358,-2.166264,1.202908,0.040330,-2.128104
-4.027253,-10.369217,-2.117779,1.271353,0.159242,-2.096412
-3.969190,-10.237530,-2.036372,1.318092,0.293467,-2.050206
-3.872819,-10.038202,-1.977113,1.340063,0.448732,-1.990816
-3.759088,-9.874191,-1.934015,1.342194,0.612785,-1.912252
-3.508881,-9.449199,-1.905283,1.302246,0.882967,-1.657251
-3.349659,-9.149309,-1.843629,1.259634,0.979375,-1.476286
-3.213182,-8.857800,-1.760427,1.195984,1.062201,-1.267757
-3.143148,-8.705761,-1.730497,1.107432,1.139966,-1.039521
-3.065333,-8.569284,-1.704160,0.993980,1.215335,-0.793707
-2.985123,-8.380133,-1.680217,0.857890,1.287241,-0.535510
-2.906709,-8.226297,-1.679618,0.700362,1.352223,-0.271720
-2.812133,-7.999435,-1.634126,0.333906,1.458086,0.248403
-2.788789,-7.962922,-1.649689,0.137894,1.489245,0.488891
-2.786993,-7.995844,-1.684407,-0.059582,1.498433,0.709803
-2.883963,-8.241262,-1.740075,-0.250934,1.479658,0.911408
-2.946215,-8.389710,-1.838242,-0.441352,1.434649,1.094636
-3.022235,-8.556714,-1.866375,-0.622317,1.363675,1.252564
-3.271245,-8.992481,-1.941797,-0.950956,1.174721,1.474009
-3.404130,-9.200189,-1.966338,-1.099829,1.078180,1.529403
-3.583105,-9.515042,-2.012429,-1.241778,0.991226,1.545649
-3.738138,-9.843064,-2.102815,-1.380397,0.919986,1.531001
-3.901551,-10.095067,-2.146511,-1.517153,0.861928,1.491719
-4.009893,-10.297986,-2.187215,-1.651112,0.808398,1.434327
-4.039823,-10.403337,-2.224925,-1.777747,0.748609,1.363619
-4.018872,-10.291402,-2.311719,-1.966568,0.546205,1.213947
-3.939261,-10.094469,-2.364993,-2.015305,0.391207,1.136315
-3.895565,-9.951407,-2.404500,-2.025957,0.195462,1.056152
-3.808172,-9.775425,-2.417668,-1.996795,-0.034506,0.972928
-3.751307,-9.586273,-2.419464,-1.930615,-0.286977,0.887971
-3.617224,-9.210963,-2.346437,-1.835938,-0.546906,0.798754
-3.260470,-8.302916,-2.120174,-1.596383,-1.025217,0.624847
-3.141353,-7.935986,-2.051337,-1.464155,-1.214837,0.530170
-3.046777,-7.592401,-1.932818,-1.323138,-1.364509,0.422976
-2.977341,-7.328426,-1.817292,-1.175864,-1.472901,0.297406
-2.961778,-7.191351,-1.765814,-1.019001,-1.542277,0.151996
-2.958786,-7.095578,-1.694583,-0.853882,-1.573437,-0.013256
-3.014454,-7.136282,-1.695780,-0.677978,-1.575434,-0.195819
-3.185648,-7.460712,-1.746061,-0.305529,-1.509786,-0.582249
-3.291596,-7.716905,-1.787363,-0.115110,-1.448399,-0.775864
-3.399940,-7.989260,-1.785567,0.060528,-1.360514,-0.960557
-3.477755,-8.180207,-1.792750,0.214461,-1.238539,-1.130070
-3.648949,-8.656078,-1.872361,0.349352,-1.090998,-1.279875
-3.877607,-9.239696,-1.964543,0.464802,-0.921352,-1.412103
-3.989542,-9.537788,-2.006443,0.565338,-0.726805,-1.532879
-4.312776,-10.312352,-2.101019,0.737514,-0.294701,-1.746468
-4.123624,-9.875987,-1.973521,0.817676,-0.061138,-1.859521
-4.057780,-9.739511,-1.974120,0.899969,0.182678,-1.992281
-4.102674,-9.996302,-2.157286,1.014487,0.388011,-2.140488
-4.079329,-10.145349,-2.271615,1.173347,0.514114,-2.284834
-3.942852,-10.037603,-2.245277,1.357773,0.558856,-2.402148
-3.630992,-9.644935,-2.061513,1.666705,0.545540,-2.497624
-3.579514,-9.765249,-2.082463,1.749663,0.539281,-2.463402
-3.530430,-9.826304,-2.040562,1.778426,0.535686,-2.356075
-3.405327,-9.643139,-1.945388,1.746601,0.546205,-2.176974
-3.284414,-9.409094,-1.829862,1.655253,0.584955,-1.933291
-3.202408,-9.207971,-1.744265,1.511573,0.654598,-1.643136
-3.094663,-8.911673,-1.683808,1.333405,0.739021,-1.317559
-2.912096,-8.386119,-1.624549,0.937121,0.904539,-0.634315
-2.803753,-8.116757,-1.630534,0.736182,0.969388,-0.298618
-2.707381,-7.827044,-1.598810,0.545364,1.009203,0.016439
-2.683438,-7.765390,-1.626943,0.375318,1.017992,0.301135
-2.710973,-7.831833,-1.664055,0.220054,1.001080,0.559332
-2.782803,-7.988661,-1.713737,0.076374,0.957803,0.798754
-2.984524,-8.448371,-1.811904,-0.208189,0.861795,1.207422
-3.135367,-8.703965,-1.767609,-0.361989,0.838758,1.372141
-3.309554,-9.079275,-1.735286,-0.534564,0.855270,1.505834
-3.471769,-9.426453,-1.753244,-0.733772,0.916657,1.609566
-3.584303,-9.694018,-1.780778,-0.957481,1.013198,1.686799
-3.691448,-9.880775,-1.767609,-1.202895,1.129313,1.742060
-3.885389,-10.308162,-1.852009,-1.458030,1.246361,1.772820
-4.063167,-10.814562,-2.109399,-1.958445,1.404023,1.781209
-4.157145,-10.984558,-2.241087,-2.158185,1.379787,1.756575
-4.115244,-10.815759,-2.361402,-2.300134,1.273259,1.705308
-4.066160,-10.600269,-2.464956,-2.376435,1.087634,1.619420
-4.038626,-10.418301,-2.518829,-2.390017,0.838625,1.505568
-3.952430,-10.141757,-2.549955,-2.352865,0.548469,1.372275
-3.866234,-9.734123,-2.449992,-2.183486,-0.049952,1.083983
-3.707012,-9.294166,-2.324888,-2.079887,-0.313876,0.936708
-3.560359,-8.897905,-2.240488,-1.977487,-0.540647,0.791963
-3.404130,-8.579460,-2.175243,-1.868695,-0.747844,0.655873
-3.275435,-8.311894,-2.168060,-1.749118,-0.950248,0.533899
-3.150930,-7.989260,-2.098625,-1.611696,-1.155714,0.429767
-2.992306,-7.627717,-1.980106,-1.456432,-1.356519,0.335490
-2.839668,-7.119522,-1.832855,-1.093970,-1.700738,0.132554
-2.922272,-7.174591,-1.809510,-0.889569,-1.821381,0.002190
-3.007869,-7.226069,-1.815496,-0.671054,-1.894619,-0.158001
-3.082692,-7.226667,-1.738878,-0.447744,-1.908468,-0.350684
-3.111424,-7.172795,-1.649090,-0.232557,-1.858932,-0.571064
-3.222760,-7.317652,-1.598810,-0.034282,-1.743882,-0.811817
-3.358638,-7.598985,-1.605394,0.146682,-1.573570,-1.069349
-3.678280,-8.426224,-1.758631,0.464935,-1.114567,-1.599725
-3.872220,-8.936214,-1.829263,0.606218,-0.861563,-1.844607
-3.987746,-9.400713,-1.901692,0.736715,-0.605763,-2.062590
-4.115244,-9.865212,-1.987887,0.854695,-0.353957,-2.246484
-4.225981,-10.317141,-2.068097,0.963353,-0.113736,-2.394025
-4.313973,-10.660128,-2.148906,1.066819,0.105978,-2.506545
-4.164926,-10.696043,-2.223130,1.258303,0.462714,-2.621063
-4.129011,-10.725373,-2.210559,1.348319,0.587219,-2.630784
-4.108061,-10.738542,-2.245876,1.434873,0.687488,-2.621196
-4.057780,-10.735549,-2.236298,1.515968,0.766718,-2.595496
-3.935670,-10.550588,-2.198588,1.590005,0.820648,-2.546493
-3.721976,-10.171685,-2.127357,1.645799,0.847680,-2.464733
-3.578915,-9.922676,-2.089646,1.682151,0.850876,-2.343557
-3.311350,-9.360010,-1.914860,1.653256,0.839557,-1.976302
-3.095860,-8.744669,-1.740075,1.575623,0.857001,-1.744470
-3.099452,-8.836850,-1.690991,1.461771,0.903873,-1.495062
-2.924666,-8.444779,-1.613176,1.296919,0.981372,-1.211431
-2.846252,-8.232284,-1.610781,1.111294,1.061402,-0.909423
-2.825302,-8.211932,-1.588634,0.900635,1.140632,-0.589040
-2.829492,-8.317282,-1.601204,0.425919,1.268599,0.092606
-2.845055,-8.431611,-1.643105,0.171717,1.306816,0.435760
-2.837274,-8.395098,-1.643105,-0.091141,1.326390,0.769725
-2.873787,-8.475906,-1.711343,-0.349605,1.329852,1.070267
-2.962976,-8.647100,-1.721519,-0.603408,1.320798,1.331261
-3.042587,-8.838047,-1.729300,-0.851219,1.301623,1.549644
-3.211985,-9.182830,-1.793947,-1.092106,1.274724,1.725415
-3.556169,-9.922676,-1.930423,-1.546049,1.197491,1.958578
-3.699230,-10.218375,-2.014823,-1.758039,1.145958,2.023028
-3.892572,-10.603861,-2.098625,-1.949390,1.078579,2.052723
-4.025457,-10.851673,-2.166264,-2.120634,0.994955,2.054986
-4.091300,-10.924701,-2.218341,-2.269640,0.897082,2.032349
-4.151757,-11.024065,-2.281192,-2.397474,0.786826,1.987873
-4.205031,-11.118042,-2.370380,-2.498942,0.654997,1.927153
-4.176898,-10.888187,-2.493688,-2.589358,0.301058,1.766162
-4.066759,-10.569143,-2.438020,-2.570848,0.087336,1.662563
-3.963204,-10.172284,-2.375768,-2.511326,-0.140634,1.540189
-3.859650,-9.821516,-2.356014,-2.414785,-0.370735,1.401170
-3.712399,-9.380960,-2.315910,-2.282690,-0.603099,1.248968
-3.568141,-8.991284,-2.277002,-2.119303,-0.834265,1.094902
-3.186845,-7.950352,-2.061513,-1.725016,-1.278354,0.786104
-3.040193,-7.481064,-1.954367,-1.507166,-1.463846,0.624980
-2.960581,-7.166211,-1.817292,-1.283856,-1.606061,0.450141
-2.891744,-6.892061,-1.687998,-1.057617,-1.697941,0.252665
-2.862414,-6.654424,-1.598810,-0.830579,-1.734560,0.030287
-2.868998,-6.537102,-1.572472,-0.609534,-1.712988,-0.217257
-2.962976,-6.647840,-1.530571,-0.393415,-1.640816,-0.486640
-3.229344,-7.155437,-1.577859,0.027238,-1.375161,-1.080534
-3.320328,-7.469093,-1.609584,0.221385,-1.200056,-1.380144
-3.432263,-7.877923,-1.692188,0.401950,-1.017360,-1.659647
-3.573528,-8.335838,-1.807116,0.568667,-0.837861,-1.904129
-3.635781,-8.668649,-1.850812,0.719404,-0.664220,-2.108397
-3.718385,-8.993080,-1.889720,0.850167,-0.496704,-2.270053
-4.072146,-10.036407,-1.976514,1.059495,-0.129582,-2.517198
-4.243340,-10.480554,-2.059717,1.143918,0.095192,-2.629053
-4.392985,-10.974382,-2.186616,1.225412,0.327157,-2.734915
-4.412739,-11.266490,-2.336860,1.318758,0.527297,-2.816276
-4.387598,-11.453247,-2.436823,1.427283,0.656196,-2.856490
-4.318163,-11.469409,-2.451189,1.542866,0.712922,-2.850764
-4.288832,-11.507718,-2.444604,1.644733,0.729966,-2.802827
-3.948240,-10.898363,-2.252460,1.740609,0.753402,-2.587906
-3.748912,-10.497313,-2.158483,1.729157,0.768050,-2.415597
-3.595077,-10.140559,-2.058520,1.678156,0.783630,-2.196149
-3.450220,-9.775425,-1.943592,1.591602,0.807199,-1.937819
-3.225154,-9.204977,-1.777187,1.470027,0.852473,-1.657783
-3.080896,-8.766816,-1.687998,1.324483,0.918121,-1.369891
-2.926462,-8.386119,-1.617964,1.158300,0.993224,-1.072678
-3.264660,-8.037146,-1.587437,0.812083,1.060070,-0.366796
-2.849245,-7.847396,-1.533564,0.639375,1.045289,0.066640
-2.793577,-7.901268,-1.528177,0.427650,1.094825,0.387423
-2.773824,-7.873135,-1.501840,0.192490,1.185773,0.643623
-2.822908,-8.012006,-1.509621,-0.047465,1.276056,0.866266
-2.879174,-8.181404,-1.601803,-0.289683,1.349960,1.064675
-2.973151,-8.487279,-1.707751,-0.745890,1.403357,1.398906
-3.141353,-8.942201,-1.826270,-0.949624,1.362743,1.538059
-3.246703,-9.207971,-1.866974,-1.149498,1.294032,1.668689
-3.459798,-9.763453,-1.953768,-1.343379,1.207745,1.786669
-3.667505,-10.247705,-2.045950,-1.545649,1.119593,1.893996
-3.802186,-10.535623,-2.098625,-1.753911,1.036900,1.985344
-4.016478,-10.998924,-2.154891,-1.962307,0.957936,2.049127
-4.267283,-11.366453,-2.217144,-2.359257,0.829037,2.074561
-4.348092,-11.363461,-2.269220,-2.524375,0.760859,2.022895
-4.363056,-11.261702,-2.338057,-2.646483,0.674705,1.924756
-4.313973,-11.042023,-2.442210,-2.711465,0.549934,1.790397
-4.193059,-10.656536,-2.445802,-2.713197,0.375228,1.630472
-4.050597,-10.228551,-2.464956,-2.654739,0.149921,1.459095
-3.729159,-9.394728,-2.410486,-2.392414,-0.405756,1.119537
-3.560958,-8.939207,-2.309325,-2.214512,-0.698975,0.957215
-3.411911,-8.553721,-2.285382,-2.019699,-0.979942,0.806078
-3.233534,-8.140102,-2.145314,-1.814766,-1.234012,0.665328
-3.039594,-7.601978,-1.959754,-1.611430,-1.451462,0.534431
-2.866604,-7.153641,-1.807714,-1.413288,-1.618844,0.405532
-2.797169,-6.853752,-1.702963,-1.219007,-1.727769,0.261453
-2.811535,-6.526328,-1.597014,-0.813402,-1.786360,-0.122980
-2.861815,-6.459885,-1.541346,-0.591557,-1.748409,-0.374519
-2.928856,-6.516750,-1.496452,-0.362921,-1.667847,-0.666539
-3.018644,-6.642453,-1.492861,-0.127894,-1.547604,-0.991849
-3.146141,-6.890265,-1.549726,0.102473,-1.392472,-1.338732
-3.344272,-7.429586,-1.611978,0.324851,-1.216168,-1.685880
-3.684266,-8.657874,-1.849615,0.715143,-0.841989,-2.300813
-3.902748,-9.478529,-1.991479,0.870674,-0.665951,-2.519329
-3.965599,-9.970563,-2.036971,0.989186,-0.497237,-2.663142
-4.047006,-10.395555,-2.092040,1.072145,-0.340508,-2.720534
-4.154750,-10.832519,-2.170455,1.119683,-0.187773,-2.704554
-4.288832,-11.213217,-2.223728,1.142853,-0.035305,-2.635844
-4.378620,-11.385608,-2.254256,1.152707,0.126352,-2.539702
-4.359465,-11.280257,-2.269220,1.176143,0.480291,-2.355675
-4.295417,-11.091704,-2.274607,1.217955,0.639284,-2.289361
-4.205031,-10.919911,-2.282389,1.288930,0.753669,-2.238361
-4.085315,-10.696641,-2.285382,1.377348,0.820915,-2.188559
-3.874614,-10.230946,-2.217742,1.466432,0.854471,-2.128237
-3.684266,-9.791587,-2.050140,1.533944,0.882301,-2.052070
-3.452016,-9.363602,-1.943592,1.567767,0.919453,-1.952067
-3.072516,-8.550130,-1.727505,1.515035,1.018125,-1.646864
-2.953398,-8.403478,-1.627542,1.435406,1.070190,-1.437803
-2.804352,-8.070666,-1.567683,1.307838,1.136105,-1.185464
-2.682241,-7.777362,-1.528177,1.146315,1.204149,-0.904097
-2.719952,-7.924613,-1.535959,0.963220,1.267400,-0.604620
-2.679847,-7.892290,-1.517403,0.745503,1.328388,-0.277179
-2.710973,-8.047920,-1.573071,0.253477,1.410681,0.399673
-2.748684,-8.248446,-1.641309,-0.019368,1.436780,0.726981
-2.880970,-8.583651,-1.716730,-0.296741,1.439177,1.037111
-3.018644,-8.967939,-1.806517,-0.569586,1.406952,1.328731
-3.125191,-9.257054,-1.880143,-0.832577,1.340905,1.593187
-3.212584,-9.369587,-1.924438,-1.082252,1.256215,1.814233
-3.346067,-9.694018,-1.965141,-1.308890,1.152750,1.983080
-3.692047,-10.166299,-2.053133,-1.714097,0.959934,2.163512
-3.871621,-10.440449,-2.047745,-1.898124,0.891223,2.175097
-4.103871,-10.878011,-2.145314,-2.066971,0.838625,2.141940
-4.251122,-11.107267,-2.188412,-2.221037,0.793883,2.077624
-4.310980,-11.110261,-2.246474,-2.353664,0.745413,1.987208
-4.302001,-10.951636,-2.248868,-2.461524,0.688420,1.868163
-4.275065,-10.703824,-2.427844,-2.541287,0.488680,1.537659
-4.203235,-10.488934,-2.471541,-2.501339,0.316371,1.352700
-4.075737,-10.192636,-2.517033,-2.419579,0.093994,1.178926
-3.885389,-9.794580,-2.475132,-2.308124,-0.164603,1.030852
-3.681871,-9.371982,-2.416471,-2.178958,-0.443574,0.915802
-3.474164,-8.981109,-2.400310,-2.036077,-0.734129,0.830313
-3.331702,-8.629143,-2.282988,-1.876552,-1.027480,0.767595
-3.037200,-7.748032,-1.957360,-1.531268,-1.523901,0.643489
-2.865407,-7.195541,-1.804721,-1.352833,-1.685158,0.551076
-2.779810,-6.808858,-1.663456,-1.170803,-1.782498,0.425906
-2.761254,-6.535306,-1.556909,-0.980384,-1.817786,0.255860
-2.818717,-6.423971,-1.522191,-0.778647,-1.790221,0.035880
-2.900723,-6.423971,-1.468319,-0.563593,-1.706197,-0.237098
-3.025827,-6.541891,-1.459939,-0.339485,-1.571306,-0.558547
-3.284414,-7.122514,-1.549726,0.114724,-1.183944,-1.296786
-3.460995,-7.647470,-1.660463,0.336702,-0.972752,-1.664974
-3.614830,-8.254431,-1.860389,0.548426,-0.774210,-1.997075
-3.803383,-8.990087,-1.951972,0.744971,-0.603632,-2.267123
-3.929085,-9.604830,-2.062710,0.916081,-0.462083,-2.460738
-3.963803,-9.960386,-2.092639,1.050973,-0.339176,-2.574058
-4.245735,-10.816358,-2.068696,1.182801,-0.020524,-2.625457
-4.297811,-10.967798,-2.117779,1.192255,0.207313,-2.608945
-4.339712,-11.223392,-2.231510,1.205971,0.430090,-2.573125
-4.345099,-11.334130,-2.354817,1.247517,0.593078,-2.516266
-4.364254,-11.362263,-2.399711,1.323019,0.687755,-2.453814
-4.322951,-11.247335,-2.394922,1.421823,0.740486,-2.400816
-4.188271,-10.946249,-2.342247,1.528485,0.772178,-2.362333
-3.771658,-10.110032,-2.153095,1.705454,0.789755,-2.253941
-3.557965,-9.703595,-1.994472,1.739410,0.804003,-2.151008
-3.355046,-9.268427,-1.850214,1.722632,0.834231,-2.005331
-3.158711,-8.850617,-1.714934,1.656585,0.890824,-1.822635
-3.010862,-8.560905,-1.629936,1.547260,0.966991,-1.603321
-2.906709,-8.395696,-1.600007,1.396789,1.051148,-1.345123
-2.716959,-8.093412,-1.549127,1.003568,1.202152,-0.706088
-2.658896,-7.925810,-1.545536,0.767874,1.255416,-0.344026
-2.621186,-7.826446,-1.541346,0.518332,1.296829,0.020034
-2.654706,-7.997041,-1.603598,0.261200,1.315471,0.380099
-2.753472,-8.296331,-1.641309,-0.003123,1.313873,0.735503
-2.826499,-8.477103,-1.701167,-0.278631,1.297761,1.076393
-2.889350,-8.645903,-1.699371,-0.554805,1.270197,1.380131
-3.208394,-9.279800,-1.859791,-1.059615,1.175120,1.831810
-3.337089,-9.436628,-1.879544,-1.277465,1.108540,1.971095
-3.542402,-9.710778,-1.937606,-1.467883,1.039830,2.041004
-3.682470,-9.936443,-2.029788,-1.638328,0.980574,2.052723
-3.872819,-10.214185,-2.074083,-1.787201,0.925179,2.010777
-3.975176,-10.396153,-2.114786,-1.919562,0.870983,1.933677
-4.146370,-10.729563,-2.188412,-2.037942,0.812925,1.836470
-4.304395,-11.146774,-2.345240,-2.248068,0.665517,1.653242
-4.335522,-11.234167,-2.440414,-2.335821,0.554195,1.587328
-4.255312,-11.117443,-2.488301,-2.396808,0.397998,1.542453
-4.103871,-10.775055,-2.440414,-2.424239,0.192399,1.508897
-3.932677,-10.363232,-2.385345,-2.412654,-0.042629,1.473609
-3.809968,-9.959788,-2.341050,-2.366048,-0.287244,1.422343
-3.557965,-9.082867,-2.223130,-2.167373,-0.746246,1.238449
-3.441242,-8.593227,-2.099822,-2.021030,-0.940926,1.100628
-3.298181,-8.108377,-1.998662,-1.854580,-1.099120,0.930183
-3.196422,-7.712715,-1.887326,-1.670553,-1.223226,0.731775
-3.098853,-7.412826,-1.845425,-1.468683,-1.319234,0.512859
-3.040193,-7.200929,-1.819087,-1.249501,-1.403391,0.281960
-3.002482,-7.065051,-1.815496,-1.014607,-1.478893,0.045867
-2.999489,-6.877096,-1.689195,-0.522713,-1.555327,-0.452019
-3.031214,-6.917800,-1.647893,-0.289150,-1.533622,-0.712213
-3.065333,-6.965686,-1.611978,-0.074363,-1.469172,-0.972408
-3.102445,-7.077022,-1.563493,0.117654,-1.363044,-1.223282
-3.194028,-7.370925,-1.595218,0.286767,-1.225223,-1.456711
-3.380785,-7.919824,-1.727505,0.440034,-1.069026,-1.670833
-3.806975,-9.118782,-1.877748,0.707420,-0.729868,-2.016383
-3.828524,-9.323497,-1.871164,0.803961,-0.528130,-2.141021
-3.954226,-9.717961,-1.937008,0.880927,-0.307750,-2.233834
-4.159539,-10.302176,-2.087850,0.955497,-0.088968,-2.303210
-4.318163,-10.734352,-2.201581,1.038722,0.114367,-2.357539
-4.364254,-10.932482,-2.246474,1.134064,0.294799,-2.404944
-4.338514,-10.972587,-2.248270,1.238196,0.450863,-2.443028
-4.263093,-10.952235,-2.260840,1.453249,0.697475,-2.488569
-4.173306,-10.866638,-2.245876,1.551788,0.788956,-2.484441
-3.997324,-10.610445,-2.205771,1.630219,0.865390,-2.451284
-3.809369,-10.275240,-2.093237,1.679888,0.931437,-2.379777
-3.568141,-9.807150,-1.985493,1.694136,0.990294,-2.262729
-3.365222,-9.396523,-1.890917,1.675227,1.040229,-2.105600
-3.038995,-8.695585,-1.743666,1.543798,1.119593,-1.683084
-2.882766,-8.391506,-1.681414,1.432343,1.151551,-1.423421
-2.794176,-8.215523,-1.657471,1.292658,1.176053,-1.134331
-2.743895,-8.060491,-1.640710,1.128072,1.192964,-0.818475
-2.766042,-8.150278,-1.637717,0.938319,1.200021,-0.485575
-2.756465,-8.139503,-1.643105,0.720336,1.210275,-0.138959
-2.733719,-8.014998,-1.606591,0.480248,1.227985,0.197803
-2.885160,-8.406470,-1.670041,-0.033616,1.272061,0.798088
-2.981532,-8.633332,-1.696378,-0.302999,1.285776,1.061079
-3.064734,-8.781182,-1.756236,-0.567988,1.288839,1.285720
-3.130578,-8.862589,-1.782574,-0.814201,1.272594,1.456964
-3.271245,-9.087656,-1.819686,-1.038975,1.237040,1.573346
-3.469375,-9.548563,-1.899297,-1.252031,1.197624,1.646717
-3.721378,-10.121405,-2.040562,-1.469481,1.163669,1.697318
-4.063167,-11.004910,-2.181828,-1.928884,1.085104,1.787201
-4.129610,-11.206034,-2.244080,-2.150595,1.020122,1.821423
-4.139786,-11.228181,-2.327881,-2.348871,0.914659,1.843928
-4.175701,-11.352686,-2.431436,-2.503336,0.748209,1.855779
-4.186475,-11.323356,-2.547560,-2.605470,0.520372,1.854980
-4.172109,-11.198252,-2.558335,-2.657269,0.252454,1.837403
-3.967993,-10.409921,-2.396119,-2.640225,-0.278189,1.723950
-3.841094,-9.974752,-2.308727,-2.581501,-0.510287,1.624213
-3.751905,-9.610217,-2.214151,-2.489354,-0.715886,1.496113
-3.602260,-9.139732,-2.144117,-2.363119,-0.901644,1.347240
-3.443636,-8.644107,-2.103413,-2.211316,-1.070758,1.184386
-3.251492,-8.094610,-1.980106,-2.033547,-1.228019,1.011677
-3.103044,-7.658244,-1.934614,-1.834473,-1.375827,0.830846
-2.977341,-7.162021,-1.846024,-1.368280,-1.635889,0.428436
-2.925265,-6.910018,-1.759229,-1.109816,-1.731897,0.203129
-2.834281,-6.583792,-1.668245,-0.852284,-1.787825,-0.034828
-2.806147,-6.440731,-1.550923,-0.606870,-1.789289,-0.283971
-2.894737,-6.559848,-1.516205,-0.375838,-1.736691,-0.546296
-3.035404,-6.803471,-1.511417,-0.157588,-1.631095,-0.822869
-3.492121,-7.835424,-1.607190,0.217923,-1.261310,-1.407309
-3.726765,-8.468124,-1.750251,0.372389,-1.013898,-1.695734
-3.915916,-9.026002,-1.850812,0.506614,-0.750374,-1.960190
-3.991338,-9.377968,-1.889121,0.621665,-0.484321,-2.187227
-4.058379,-9.725743,-1.987289,0.726328,-0.235977,-2.369390
-4.134398,-10.141158,-2.094435,0.830593,-0.013866,-2.510940
-4.111054,-10.294394,-2.167462,0.940583,0.171227,-2.618134
-4.123624,-10.618227,-2.301544,1.192522,0.390009,-2.736113
-4.060174,-10.602065,-2.288375,1.319690,0.449265,-2.753158
-4.038027,-10.629601,-2.265629,1.431944,0.492409,-2.748098
-4.045808,-10.699634,-2.248868,1.527819,0.534620,-2.723596
-4.045210,-10.793612,-2.219538,1.596929,0.590148,-2.680186
-3.798594,-10.283022,-2.104610,1.637143,0.659258,-2.613872
-4.002711,-10.905546,-2.138131,1.638608,0.740619,-2.513736
-3.547789,-9.852043,-1.929825,1.545263,0.913461,-2.183499
-3.329906,-9.339060,-1.839439,1.473756,0.978576,-1.976835
-3.178465,-8.964348,-1.777785,1.392262,1.027845,-1.754857
-3.006073,-8.592629,-1.719723,1.295721,1.061269,-1.509043
-2.848647,-8.240065,-1.698174,1.183866,1.075384,-1.240326
-2.743296,-7.970105,-1.668844,1.053636,1.076182,-0.952567
-2.657699,-7.853981,-1.619161,0.736182,1.045822,-0.330044
-2.667277,-7.878522,-1.602401,0.544165,1.028644,0.003788
-2.788190,-8.271192,-1.648492,0.328047,1.013065,0.346676
-2.932448,-8.708156,-1.715533,0.079437,1.010401,0.702346
-3.049770,-8.991284,-1.716730,-0.202996,1.031574,1.056152
-3.121001,-9.162478,-1.679019,-0.507799,1.076715,1.381196
-3.220964,-9.404305,-1.699970,-0.818595,1.135838,1.659767
-3.566944,-10.180664,-1.790954,-1.422609,1.232512,2.077091
-3.701026,-10.469180,-1.906480,-1.709303,1.267800,2.214778
-3.809369,-10.633790,-2.020211,-1.970563,1.282847,2.297604
-3.970387,-10.963608,-2.134540,-2.184817,1.242499,2.330894
-4.082921,-11.104874,-2.296156,-2.341946,1.131577,2.327698
-4.152955,-11.195858,-2.385944,-2.445145,0.958203,2.293077
-4.129610,-10.850476,-2.394324,-2.531167,0.545673,2.138877
-4.164926,-10.772062,-2.400908,-2.531300,0.348063,2.024093
-4.206827,-10.755900,-2.374571,-2.511459,0.169629,1.888270
-4.125420,-10.442245,-2.323092,-2.475106,0.017427,1.736601
-3.930282,-9.850247,-2.209961,-2.424505,-0.108543,1.570550
-3.736342,-9.358214,-2.156687,-2.352732,-0.231583,1.399173
-3.586098,-8.988291,-2.187215,-2.246737,-0.387380,1.232590
-3.285611,-8.227495,-2.167462,-1.903184,-0.827341,0.921395
-3.118008,-7.757609,-2.100420,-1.680274,-1.069026,0.765065
-2.989313,-7.348179,-1.962148,-1.438455,-1.296863,0.601278
-2.866604,-6.995615,-1.853805,-1.186117,-1.490212,0.425773
-2.843259,-6.747204,-1.747856,-0.932979,-1.631495,0.232691
-2.825302,-6.582594,-1.655076,-0.692093,-1.701404,0.013775
-2.870196,-6.547278,-1.574268,-0.463590,-1.697142,-0.231772
-3.094065,-6.880688,-1.529973,-0.045201,-1.494739,-0.793441
-3.321526,-7.342792,-1.614971,0.144286,-1.319634,-1.097845
-3.568141,-7.928803,-1.683210,0.327514,-1.113502,-1.412769
-3.753701,-8.530376,-1.869368,0.509677,-0.902177,-1.724230
-3.944648,-9.111000,-1.973521,0.690508,-0.703635,-2.017448
-4.008098,-9.488107,-2.046548,0.865614,-0.523736,-2.278708
-4.219995,-10.346471,-2.162074,1.164292,-0.208812,-2.671264
-4.223587,-10.601467,-2.156089,1.275614,-0.046224,-2.805889
-4.134997,-10.661923,-2.202179,1.362833,0.110239,-2.888315
-4.148166,-10.882800,-2.235101,1.435273,0.241002,-2.917477
-4.149363,-10.982164,-2.287178,1.490134,0.346066,-2.898435
-4.139187,-11.084521,-2.271615,1.531547,0.430223,-2.837315
-4.109258,-11.061775,-2.259643,1.559111,0.501064,-2.743970
-3.912325,-10.609847,-2.102216,1.549790,0.653133,-2.483642
-3.732152,-10.233938,-2.080069,1.517166,0.729833,-2.321320
-3.616626,-9.964577,-2.023802,1.477751,0.789222,-2.140621
-3.509480,-9.740707,-1.937008,1.425685,0.835962,-1.938218
-3.313145,-9.164274,-1.832855,1.351781,0.890824,-1.726893
-3.165895,-8.788963,-1.743068,1.262431,0.958469,-1.517299
-2.972553,-8.404077,-1.746659,1.038322,1.079512,-1.062957
-2.919279,-8.265804,-1.710744,0.906094,1.106010,-0.806091
-2.828295,-8.008414,-1.650886,0.757488,1.125718,-0.537640
-2.761254,-7.850389,-1.640112,0.594367,1.142363,-0.272386
-2.782204,-7.957535,-1.646098,0.418063,1.148888,-0.001538
-2.770232,-8.013802,-1.656273,0.223782,1.142363,0.281960
-2.786394,-8.161053,-1.696977,0.011392,1.124919,0.577442
-2.878576,-8.457350,-1.694583,-0.468118,1.074318,1.164678
-3.019841,-8.903892,-1.708350,-0.722853,1.043958,1.437789
-3.186845,-9.367193,-1.778983,-0.995831,1.022519,1.697052
-3.350856,-9.770637,-1.844826,-1.282924,1.007206,1.931813
-3.575324,-10.246509,-1.926832,-1.565090,0.994023,2.121300
-3.785426,-10.578122,-2.004049,-1.829546,0.980840,2.248468
-4.102674,-10.894772,-2.170455,-2.254061,0.927842,2.277231
-4.242742,-11.003714,-2.271615,-2.384824,0.851142,2.185350
-4.294818,-10.963608,-2.380556,-2.449007,0.727702,2.041537
-4.243340,-10.772661,-2.463161,-2.453401,0.562318,1.863768
-4.236157,-10.729563,-2.545166,-2.413719,0.360048,1.682804
-4.202038,-10.687064,-2.547560,-2.352466,0.132077,1.525409
-4.143976,-10.606854,-2.537385,-2.285353,-0.110274,1.412489
-3.860847,-10.077708,-2.384746,-2.163911,-0.585788,1.314749
-3.717786,-9.703595,-2.261439,-2.104388,-0.795782,1.300501
-3.534022,-9.237900,-2.215348,-2.034480,-0.984337,1.284655
-3.340081,-8.726112,-2.095033,-1.936341,-1.157178,1.254960
-3.205401,-8.229291,-2.004049,-1.805578,-1.317903,1.199699
-3.082093,-7.804897,-1.865178,-1.637663,-1.456789,1.103957
-2.975546,-7.284131,-1.755638,-1.439920,-1.558257,0.958014
-3.009665,-6.809457,-1.627542,-0.987309,-1.608724,0.502340
-3.156317,-6.875300,-1.619760,-0.741762,-1.546938,0.186085
-3.283216,-6.966285,-1.608387,-0.485695,-1.437347,-0.183568
-3.373003,-7.093782,-1.598810,-0.229894,-1.282482,-0.587975
-3.446629,-7.295504,-1.626943,0.019115,-1.104980,-1.002635
-3.559761,-7.688772,-1.707153,0.255341,-0.921352,-1.401716
-3.669301,-8.488476,-1.871164,0.669070,-0.583392,-2.075240
-3.836904,-9.118782,-1.964543,0.843909,-0.443840,-2.322518
-3.924297,-9.588069,-1.992676,0.988920,-0.308017,-2.505880
-3.911128,-9.734721,-1.973521,1.091986,-0.161540,-2.629985
-3.907536,-9.861022,-1.987887,1.154837,0.003844,-2.703489
-3.988943,-10.207601,-2.053731,1.195584,0.176686,-2.739842
-4.166722,-10.716394,-2.212954,1.233801,0.343003,-2.756221
-4.073942,-10.742133,-2.329677,1.352713,0.555127,-2.729189
-4.004507,-10.646959,-2.320100,1.432876,0.585221,-2.682450
-3.954226,-10.567946,-2.303938,1.512639,0.587751,-2.618267
-3.898558,-10.418900,-2.254854,1.577754,0.583756,-2.541433
-3.792609,-10.267459,-2.186018,1.616503,0.585887,-2.446357
-3.637576,-9.931056,-2.089646,1.621031,0.599336,-2.323317
-3.381982,-9.406100,-1.893910,1.526088,0.673373,-1.985756
-3.248499,-9.116387,-1.811306,1.430745,0.726105,-1.769904
-3.126987,-8.819491,-1.764018,1.308770,0.781499,-1.523291
-3.013256,-8.545939,-1.747258,1.169352,0.832500,-1.253642
-2.820513,-8.039540,-1.662858,1.017150,0.870184,-0.969345
-2.911498,-8.410062,-1.741871,0.859355,0.893354,-0.673996
-2.865407,-8.315486,-1.732892,0.680388,0.899346,-0.346556
-2.928856,-8.478300,-1.742469,0.288764,0.863925,0.341349
-2.880371,-8.329253,-1.706554,0.068384,0.860863,0.666792
-2.910300,-8.391506,-1.688597,-0.153593,0.869784,0.957081
-2.979137,-8.576468,-1.658668,-0.387289,0.891489,1.221804
-3.038995,-8.731500,-1.665252,-0.636299,0.930772,1.463889
-3.110825,-8.913468,-1.649689,-0.894363,0.980574,1.677344
-3.213781,-9.142725,-1.675428,-1.153493,1.029044,1.856977
-3.536416,-9.852642,-1.844228,-1.633402,1.085504,2.099994
-3.729159,-10.365027,-1.974120,-1.856045,1.090297,2.171102
-3.959014,-10.822942,-2.116582,-2.054853,1.066329,2.212914
-4.128413,-11.131211,-2.262037,-2.220105,1.000281,2.220371
-4.245136,-11.285645,-2.386542,-2.339017,0.884565,2.191742
-4.358866,-11.376629,-2.490695,-2.408526,0.724240,2.123164
-4.410943,-11.170717,-2.531997,-2.408926,0.355786,1.869894
-4.299008,-10.752309,-2.466153,-2.363518,0.184543,1.699582
-4.124821,-10.325521,-2.388937,-2.302264,0.020889,1.523145
-4.023661,-10.057956,-2.394922,-2.224632,-0.149290,1.357094
-3.872220,-9.691624,-2.373373,-2.126760,-0.333850,1.209553
-3.648351,-9.186421,-2.314713,-2.009845,-0.539848,1.079722
-3.460995,-8.704564,-2.228517,-1.874688,-0.753703,0.968001
-3.095262,-7.795918,-2.024999,-1.560696,-1.162372,0.765730
-2.989912,-7.473283,-1.932219,-1.376669,-1.346798,0.657205
-2.927061,-7.126705,-1.835848,-1.176396,-1.502596,0.529238
-2.819316,-6.751993,-1.737082,-0.970531,-1.607792,0.372509
-2.764247,-6.490413,-1.595817,-0.762135,-1.650670,0.177429
-2.854632,-6.498793,-1.557508,-0.552541,-1.632160,-0.057066
-3.167690,-6.912413,-1.525783,-0.132821,-1.426295,-0.642837
-3.296385,-7.250012,-1.567085,0.070914,-1.255850,-0.971875
-3.514867,-7.760602,-1.700568,0.265728,-1.061303,-1.305708
-3.736342,-8.413653,-1.845425,0.455747,-0.862895,-1.627423
-3.889579,-8.957165,-1.932219,0.635114,-0.672343,-1.919709
-3.926691,-9.275011,-1.960951,0.789846,-0.482856,-2.164457
-3.850073,-9.300152,-1.906480,0.907559,-0.291238,-2.356874
-4.164328,-10.400942,-2.186616,1.078004,0.069492,-2.607614
-4.253516,-10.817554,-2.318902,1.168952,0.200522,-2.679920
-4.316966,-11.057586,-2.370380,1.264029,0.293201,-2.719069
-4.238552,-10.980369,-2.321895,1.351115,0.368570,-2.731719
-4.218200,-10.985157,-2.328480,1.426617,0.439011,-2.724262
-4.221193,-11.112057,-2.362000,1.495328,0.494539,-2.700826
-4.181088,-11.113254,-2.345240,1.556182,0.522769,-2.649559
-3.866833,-10.345274,-2.102815,1.609446,0.563649,-2.472989
-3.679477,-9.926867,-2.013626,1.595597,0.618511,-2.368059
-3.456805,-9.409094,-1.904685,1.561242,0.690950,-2.252875
-3.299378,-9.117584,-1.841833,1.511840,0.752737,-2.113324
-3.126388,-8.827871,-1.801729,1.444860,0.791753,-1.935821
-3.054559,-8.697979,-1.815496,1.358173,0.807998,-1.714509
-2.863013,-8.292740,-1.696977,1.101307,0.812526,-1.148313
-2.797169,-8.107180,-1.659266,0.938319,0.812925,-0.829128
-2.819915,-8.220312,-1.685604,0.753093,0.815056,-0.490369
-2.801957,-8.239467,-1.636520,0.539372,0.820249,-0.127507
-2.786993,-8.207742,-1.625147,0.304743,0.834630,0.240547
-2.774423,-8.130525,-1.613774,0.059729,0.854471,0.593155
-2.779211,-8.166440,-1.585042,-0.179560,0.874844,0.913405
-2.940229,-8.530376,-1.627542,-0.638829,0.916790,1.441385
-3.097058,-8.912271,-1.665252,-0.868130,0.943821,1.656438
-3.225154,-9.210963,-1.689794,-1.098631,0.972451,1.843928
-3.435854,-9.725144,-1.822080,-1.325269,0.994422,1.997727
-3.663315,-10.346471,-1.919050,-1.549377,1.013997,2.125828
-3.957817,-11.011495,-2.021408,-1.776948,1.029310,2.233288
-4.221193,-11.638807,-2.168060,-2.233421,1.035702,2.383226
-4.349887,-11.863873,-2.290171,-2.431962,0.996286,2.413187
-4.457034,-12.009329,-2.444006,-2.589491,0.907868,2.409725
-4.524673,-12.040455,-2.543969,-2.694554,0.767384,2.369644
-4.499533,-11.872254,-2.554145,-2.746753,0.584422,2.298403
-4.418126,-11.503529,-2.545166,-2.749949,0.376959,2.197201
-4.252319,-11.009100,-2.524814,-2.705739,0.151918,2.070433
-3.944050,-10.060948,-2.445203,-2.482563,-0.331719,1.760037
-3.720779,-9.397720,-2.300347,-2.320507,-0.567945,1.588393
-3.474762,-8.723120,-2.168060,-2.141274,-0.786860,1.415552
-3.259872,-8.146687,-2.038168,-1.944863,-0.983937,1.240845
-3.100051,-7.650463,-1.940599,-1.736068,-1.159442,1.062278
-2.962976,-7.222477,-1.852009,-1.514356,-1.307916,0.877185
-2.850442,-6.632277,-1.673034,-1.049761,-1.504593,0.451739
-2.889949,-6.537102,-1.600007,-0.811271,-1.531225,0.200599
-2.927659,-6.497596,-1.556909,-0.575445,-1.504992,-0.083298
-3.015052,-6.535306,-1.497649,-0.346809,-1.419770,-0.403415
-3.198817,-6.838189,-1.536557,-0.124431,-1.280351,-0.756955
-3.246703,-6.929771,-1.524586,0.092619,-1.099120,-1.140190
-3.303568,-7.142268,-1.609584,0.297686,-0.897916,-1.525955
-3.594478,-8.258621,-1.837045,0.701694,-0.534522,-2.249413
-3.682470,-8.753049,-1.923839,0.902632,-0.403093,-2.556347
-3.884790,-9.492296,-2.052534,1.085994,-0.296565,-2.809085
-4.029647,-10.147742,-2.186616,1.243123,-0.198160,-3.004697
-4.033837,-10.386577,-2.202179,1.368027,-0.109209,-3.134528
-4.219995,-10.980369,-2.219538,1.453782,-0.012002,-3.205503
-4.455238,-11.671131,-2.305135,1.501986,0.118362,-3.233466
-4.579144,-12.110489,-2.365592,1.509310,0.466442,-3.195382
-4.521680,-12.149996,-2.418267,1.503051,0.623438,-3.133197
-4.402563,-11.954260,-2.503864,1.513837,0.719580,-3.034259
-4.231369,-11.525077,-2.441612,1.539670,0.754601,-2.910020
-4.079329,-11.174908,-2.375768,1.576422,0.745945,-2.775795
-3.927888,-10.846885,-2.334466,1.606383,0.708927,-2.629452
-3.513072,-9.874191,-2.099822,1.608780,0.594809,-2.259667
-3.379588,-9.544373,-2.008838,1.553519,0.555127,-2.027569
-3.179063,-9.006847,-1.810109,1.452051,0.552730,-1.767241
-2.954596,-8.405273,-1.617366,1.312898,0.595475,-1.493064
-2.805549,-8.003626,-1.529374,1.150710,0.666982,-1.211431
-2.706184,-7.864156,-1.474305,0.971609,0.744214,-0.910222
-2.636749,-7.837819,-1.480291,0.772002,0.815322,-0.569865
-2.511646,-7.779158,-1.531769,0.296621,0.894685,0.249868
-2.493089,-7.992252,-1.542543,0.031632,0.904539,0.707673
-2.526610,-8.261614,-1.549726,-0.251866,0.896683,1.190511
-2.587067,-8.543546,-1.543142,-0.558134,0.888959,1.675214
-2.689424,-8.878152,-1.515008,-0.884909,0.901210,2.132619
-2.807344,-9.150507,-1.495255,-1.220339,0.931171,2.534762
-3.215577,-9.668878,-1.564092,-1.833541,1.027979,3.049026
-3.489727,-10.017252,-1.674231,-2.084681,1.093227,3.116139
-3.795003,-10.241719,-1.795743,-2.278961,1.153548,3.051290
-4.108061,-10.525447,-1.981303,-2.393879,1.183376,2.866064
-4.337317,-10.705021,-2.192602,-2.430631,1.175653,2.584431
-4.415731,-10.698437,-2.360205,-2.401868,1.123721,2.250732
-4.513300,-10.950439,-2.526610,-2.329429,1.011067,1.922359
-4.592313,-11.525676,-2.742099,-2.162047,0.614916,1.478137
-4.600693,-11.750742,-2.783401,-2.114775,0.378823,1.388520
-4.489357,-11.615463,-2.727135,-2.104522,0.144328,1.375737
-4.242143,-11.158746,-2.612207,-2.119835,-0.076718,1.414087
-3.958416,-10.526046,-2.503864,-2.138478,-0.286445,1.470413
-3.726166,-9.826903,-2.365592,-2.127159,-0.502963,1.508764
-3.432862,-8.964348,-2.199785,-2.062044,-0.722144,1.492918
-3.161106,-7.669617,-1.965740,-1.744590,-1.132810,1.235386
-3.036601,-7.105754,-1.864580,-1.504369,-1.288208,0.990105
-3.004278,-6.707099,-1.759229,-1.232856,-1.387279,0.675847
-3.018644,-6.525729,-1.680217,-0.946029,-1.430423,0.305263
-2.998890,-6.361718,-1.595817,-0.655341,-1.417107,-0.106468
-3.000686,-6.317423,-1.551522,-0.376370,-1.358383,-0.534311
-3.141353,-6.848963,-1.661062,0.135364,-1.180748,-1.352447
-3.204204,-7.185964,-1.734688,0.362535,-1.090332,-1.712911
-3.208992,-7.431981,-1.735885,0.554818,-0.998052,-2.020511
-3.221563,-7.757609,-1.752645,0.711015,-0.910566,-2.262064
-3.389165,-8.420238,-1.885530,0.837251,-0.835064,-2.438634
-3.542402,-8.918856,-1.949578,0.937920,-0.765555,-2.557945
-3.762081,-9.553950,-2.018415,1.007829,-0.686058,-2.628653
-4.007499,-10.252494,-2.062111,1.058696,-0.415876,-2.675925
-4.034435,-10.421892,-2.109399,1.061625,-0.254220,-2.659946
-4.131405,-10.686465,-2.204574,1.072544,-0.108276,-2.622128
-4.344501,-11.215013,-2.318304,1.096247,0.021288,-2.577253
-4.364254,-11.282053,-2.326684,1.125675,0.143396,-2.531446
-4.264889,-11.064769,-2.320698,1.159498,0.255916,-2.479514
-4.109857,-10.763083,-2.268023,1.208900,0.444072,-2.340362
-4.008697,-10.618227,-2.226721,1.220086,0.516378,-2.240625
-3.882994,-10.382386,-2.151898,1.214493,0.569908,-2.108263
-3.747715,-10.097462,-2.071090,1.187062,0.619710,-1.945143
-3.587296,-9.708982,-1.981901,1.128205,0.678700,-1.753259
-3.384377,-9.247477,-1.889720,1.044847,0.748209,-1.540070
-3.194028,-8.782978,-1.783771,0.946442,0.818385,-1.314630
-2.967764,-8.317881,-1.745462,0.725929,0.907868,-0.820606
-2.836675,-8.039540,-1.687400,0.605419,0.913993,-0.546962
-2.777416,-7.841410,-1.684407,0.482379,0.902275,-0.269856
-2.794774,-7.982077,-1.731096,0.356276,0.875777,0.007916
-2.839668,-8.123342,-1.748455,0.218589,0.840889,0.297007
-2.883364,-8.262811,-1.722117,0.060528,0.809196,0.592622
-2.916286,-8.360978,-1.684407,-0.118839,0.799076,0.880248
-3.083290,-8.801534,-1.660463,-0.525909,0.854604,1.397175
-3.175472,-9.025403,-1.719124,-0.753346,0.910265,1.625944
-3.194626,-9.095437,-1.691590,-0.990238,0.977111,1.827149
-3.329307,-9.424058,-1.762222,-1.221804,1.036501,1.992800
-3.516064,-9.901726,-1.884931,-1.433129,1.064731,2.124895
-3.658527,-10.233339,-1.994472,-1.618488,1.052879,2.231823
-3.882994,-10.653543,-2.245876,-1.895993,0.895085,2.355662
-3.927888,-10.645164,-2.284783,-1.978952,0.761658,2.365116
-3.999119,-10.697240,-2.344043,-2.026091,0.601999,2.337818
-4.118237,-10.835512,-2.386542,-2.045532,0.431022,2.280160
-4.146969,-10.744528,-2.378761,-2.046597,0.271629,2.193207
-4.129610,-10.530235,-2.350029,-2.035145,0.137803,2.079355
-4.119434,-10.410520,-2.330874,-2.013573,0.027281,1.941534
-3.982957,-9.918486,-2.332071,-1.915168,-0.187374,1.631404
-3.796799,-9.428248,-2.282988,-1.824886,-0.322797,1.473077
-3.626802,-8.921848,-2.189010,-1.702512,-0.472736,1.311021
-3.449622,-8.389710,-2.114786,-1.554704,-0.621875,1.133918
-3.280223,-7.842009,-1.983099,-1.383593,-0.764356,0.936308
-3.131775,-7.337405,-1.893910,-1.193174,-0.887263,0.714730
-3.050368,-6.836991,-1.744863,-0.776516,-1.042661,0.190346
-3.153923,-6.941743,-1.730497,-0.555337,-1.060371,-0.123779
-3.290998,-7.131493,-1.754441,-0.331495,-1.032274,-0.473457
-3.152726,-6.871709,-1.634126,-0.110050,-0.971420,-0.845107
-3.077305,-6.808259,-1.647295,0.092220,-0.895386,-1.199579
-3.180260,-7.173394,-1.746659,0.286501,-0.827341,-1.527819
-3.279625,-7.555887,-1.808912,0.482779,-0.778737,-1.837549
-3.508881,-8.483088,-1.928628,0.846838,-0.707497,-2.362599
-3.598669,-8.908081,-1.980106,0.987588,-0.664486,-2.559410
-3.730356,-9.531803,-2.124962,1.097579,-0.620676,-2.699494
-3.894367,-10.052568,-2.158483,1.174412,-0.573138,-2.776328
-4.063766,-10.586502,-2.220137,1.215958,-0.510819,-2.799631
-4.069153,-10.681677,-2.177637,1.228209,-0.427195,-2.776860
-3.949437,-10.342880,-2.029189,1.190258,-0.193898,-2.647828
-4.284044,-11.194062,-2.215348,1.164558,-0.053415,-2.572060
-4.111652,-10.785830,-2.209362,1.127007,0.102516,-2.478049
-4.154151,-10.916919,-2.257249,1.123545,0.216368,-2.387767
-3.942852,-10.382386,-2.165067,1.128472,0.302922,-2.287497
-3.826728,-10.142355,-2.133941,1.138326,0.365108,-2.177240
-3.722575,-9.952006,-2.081864,1.142587,0.409583,-2.045811
-3.416101,-9.295363,-1.940001,1.100641,0.466176,-1.692005
-3.260470,-9.007445,-1.844826,1.039388,0.503195,-1.471359
-3.166493,-8.750056,-1.744863,0.945377,0.559921,-1.219820
-3.044383,-8.500447,-1.638915,0.819807,0.637154,-0.943779
-2.979137,-8.407069,-1.615570,0.666273,0.728102,-0.642704
-2.918082,-8.307106,-1.601204,0.485442,0.820515,-0.315529
-2.837872,-8.308902,-1.633527,0.092886,0.962730,0.381697
-2.833682,-8.371753,-1.647295,-0.117507,1.003877,0.743226
-2.816922,-8.370556,-1.623950,-0.338420,1.030242,1.099030
-2.832485,-8.468124,-1.671238,-0.556136,1.041161,1.429533
-2.936039,-8.750654,-1.717329,-0.758273,1.030375,1.724483
-3.062939,-9.036777,-1.782574,-0.948293,1.000148,1.985477
-3.165895,-9.269026,-1.831658,-1.122733,0.963795,2.204126
-3.482544,-9.858628,-1.923839,-1.423275,0.894419,2.480699
-3.711202,-10.214185,-1.984894,-1.544051,0.863792,2.534496
-3.835108,-10.305768,-2.028591,-1.645120,0.842087,2.532232
-4.000915,-10.487138,-2.090843,-1.723418,0.824510,2.474441
-4.118835,-10.581714,-2.182426,-1.779611,0.809196,2.368445
-4.190665,-10.575727,-2.248270,-1.811969,0.785361,2.224899
-4.169116,-10.478758,-2.272812,-1.818627,0.739154,2.064174
-4.033837,-10.120807,-2.344641,-1.766828,0.542610,1.746987
-3.960810,-9.893944,-2.346437,-1.712099,0.396134,1.601310
-3.936268,-9.744299,-2.344641,-1.641258,0.233945,1.459761
-3.858453,-9.506662,-2.313515,-1.554038,0.075751,1.310621
-3.704019,-9.079874,-2.226721,-1.457630,-0.071391,1.152028
-3.514867,-8.572277,-2.118378,-1.356029,-0.211342,0.995431
-3.256879,-7.869544,-2.031584,-1.113811,-0.487117,0.684769
-3.172479,-7.592999,-2.013028,-0.963739,-0.625337,0.514591
-3.103044,-7.357757,-1.943592,-0.792362,-0.757032,0.329498
-3.037200,-7.121317,-1.895706,-0.604873,-0.874480,0.129225
-2.945617,-6.863329,-1.798736,-0.407929,-0.969689,-0.084896
-2.940229,-6.780126,-1.738279,-0.206991,-1.038000,-0.313133
-3.076706,-6.987235,-1.720322,-0.003655,-1.069692,-0.564805
-3.421489,-7.686976,-1.813102,0.392629,-1.003512,-1.150044
-3.486734,-7.904860,-1.817890,0.570797,-0.916026,-1.455779
-3.566944,-8.251438,-1.838841,0.725796,-0.805902,-1.742473
-3.598669,-8.545939,-1.895107,0.858157,-0.687789,-1.998806
-3.669900,-8.896110,-1.944789,0.973740,-0.581661,-2.213061
-3.789616,-9.375573,-2.099223,1.082665,-0.500966,-2.380576
-3.938064,-10.133376,-2.196792,1.250313,-0.393772,-2.569131
-4.034435,-10.456012,-2.232707,1.305708,-0.352492,-2.592034
-4.175701,-10.850476,-2.314713,1.341262,-0.310280,-2.583645
-4.249925,-11.083324,-2.315311,1.361768,-0.260345,-2.546227
-4.204432,-11.050403,-2.279396,1.360170,-0.198426,-2.478449
-4.138588,-10.889384,-2.190806,1.337933,-0.115600,-2.387633
-4.099082,-10.754704,-2.145913,1.297319,-0.009605,-2.282437
-3.786024,-10.088483,-1.959155,1.175610,0.237141,-2.018247
-3.623210,-9.666483,-1.880143,1.100109,0.362578,-1.860586
-3.416700,-9.174450,-1.798736,1.017017,0.486550,-1.686812
-3.258076,-8.815301,-1.784370,0.931528,0.594143,-1.500255
-3.090473,-8.476504,-1.751448,0.850433,0.673773,-1.295055
-2.999489,-8.305310,-1.716730,0.766143,0.723308,-1.069881
-2.838471,-7.974295,-1.644900,0.557348,0.769382,-0.544698
-2.772028,-7.847396,-1.646696,0.426185,0.783630,-0.257738
-2.769035,-7.915634,-1.691590,0.284903,0.790554,0.032684
-2.800162,-7.988062,-1.663456,0.129638,0.791753,0.329365
-2.858823,-8.174221,-1.670041,-0.035347,0.793883,0.621518
-2.977341,-8.456153,-1.693385,-0.212317,0.807732,0.898491
-3.113219,-8.809914,-1.752645,-0.395146,0.828904,1.153093
-3.399341,-9.415678,-1.866375,-0.758806,0.890424,1.562560
-3.540606,-9.658702,-1.878945,-0.934444,0.932902,1.705441
-3.658527,-9.915493,-1.873558,-1.106887,0.983104,1.811303
-3.738736,-10.144151,-1.959754,-1.277864,1.031441,1.889601
-3.861446,-10.417104,-2.034577,-1.439787,1.062600,1.950056
-3.966796,-10.744528,-2.134540,-1.589991,1.061535,2.000124
-4.001513,-10.890581,-2.238693,-1.722885,1.021187,2.048461
-4.051794,-10.923503,-2.299748,-1.929549,0.827706,2.127159
-4.026055,-10.801991,-2.299149,-1.997861,0.695078,2.136480
-3.963204,-10.500306,-2.289572,-2.041537,0.553929,2.113177
-3.894966,-10.185453,-2.281790,-2.057783,0.408917,2.050725
-3.832115,-9.835283,-2.242284,-2.039273,0.263773,1.949124
-3.720181,-9.376172,-2.205771,-1.985344,0.115566,1.808640
-3.496311,-8.546538,-2.111794,-1.779212,-0.196295,1.441118
-3.381384,-8.205347,-2.087850,-1.626877,-0.357685,1.226065
-3.237126,-7.789334,-2.014823,-1.449241,-0.518942,1.000491
-3.090473,-7.421805,-1.981303,-1.255094,-0.682596,0.778114
-2.988714,-7.153042,-1.944191,-1.050160,-0.849978,0.569319
-2.982130,-7.102761,-1.923241,-0.843096,-1.009238,0.369979
-3.000686,-7.076424,-1.891516,-0.632837,-1.146392,0.172502
-3.219168,-7.439762,-1.862784,-0.229628,-1.297130,-0.251080
-3.319131,-7.566063,-1.801130,-0.044003,-1.289007,-0.490901
-3.444833,-7.803101,-1.837045,0.126309,-1.229884,-0.745503
-3.615429,-8.151475,-1.834651,0.286234,-1.122157,-1.017816
-3.760285,-8.416048,-1.844826,0.433776,-0.966893,-1.309969
-3.702821,-8.384922,-1.838841,0.570930,-0.783798,-1.611577
-3.680076,-8.604002,-1.885530,0.842843,-0.445704,-2.180836
-3.714793,-8.878152,-1.959754,0.987855,-0.320134,-2.440365
-3.907536,-9.567718,-2.151898,1.142853,-0.230917,-2.675925
-3.934472,-10.015456,-2.272812,1.298384,-0.192434,-2.866078
-3.868629,-10.226156,-2.310522,1.438468,-0.211209,-2.977533
-3.940458,-10.598474,-2.319501,1.537406,-0.260878,-3.005363
-4.008697,-10.886990,-2.307529,1.579219,-0.293635,-2.962619
-4.001513,-10.923503,-2.180032,1.494795,-0.223194,-2.725061
-3.965599,-10.790020,-2.096829,1.392395,-0.121992,-2.548890
-3.941057,-10.722979,-2.028591,1.269888,0.011301,-2.353278
-3.809369,-10.323726,-1.967535,1.140190,0.163770,-2.143018
-3.665709,-9.862818,-1.923839,1.016750,0.314240,-1.935156
-3.532825,-9.550359,-1.890917,0.913684,0.442074,-1.732086
-3.402334,-9.222935,-1.938205,0.834721,0.529161,-1.525156
-3.143747,-8.630340,-1.869368,0.721801,0.570440,-1.081733
-3.046178,-8.364570,-1.771800,0.661213,0.566712,-0.842178
-2.985123,-8.221509,-1.719124,0.578787,0.568843,-0.590638
-2.940828,-8.178411,-1.671836,0.472792,0.585221,-0.328313
-2.910899,-8.072462,-1.675428,0.338699,0.623172,-0.055202
-2.871393,-7.976689,-1.586838,0.181304,0.688021,0.216578
-2.919878,-8.201158,-1.540149,-0.189813,0.863925,0.738433
-2.903716,-8.206545,-1.571275,-0.397010,0.960067,0.983713
-2.993503,-8.470519,-1.596415,-0.599946,1.039963,1.209553
-3.113818,-8.929630,-1.718526,-0.804080,1.091895,1.432862
-3.201211,-9.278005,-1.828066,-1.006084,1.105211,1.660699
-3.362828,-9.829896,-1.974718,-1.190511,1.065796,1.887071
-3.461593,-10.065138,-2.040562,-1.360556,0.985900,2.109715
-3.711202,-10.544003,-2.115983,-1.651778,0.779502,2.453002
-3.879403,-10.760690,-2.118977,-1.775750,0.692282,2.547412
-4.050597,-10.944453,-2.190806,-1.878816,0.629164,2.578572
-4.240347,-11.103078,-2.221932,-1.957247,0.588950,2.540887
-4.336120,-11.021670,-2.223130,-2.008247,0.569242,2.433960
-4.327740,-10.784034,-2.251263,-2.031950,0.562185,2.268842
-4.238552,-10.459603,-2.376965,-1.979884,0.477495,1.858442
-4.145772,-10.235135,-2.464956,-1.898656,0.351925,1.659900
-3.971585,-9.842466,-2.428443,-1.788666,0.173357,1.488656
-3.777046,-9.415678,-2.356613,-1.661232,-0.038900,1.342713
-3.521451,-8.794351,-2.250066,-1.527539,-0.262476,1.216344
-3.305963,-8.223904,-2.129152,-1.393181,-0.477796,1.102759
-3.170683,-7.848593,-2.022605,-1.255360,-0.670745,0.986110
-3.012059,-7.196738,-1.857397,-0.956549,-0.947851,0.678111
-2.999489,-7.032129,-1.776588,-0.789699,-1.025616,0.474243
-3.052763,-6.935757,-1.746659,-0.606205,-1.069160,0.231492
-3.101248,-6.933363,-1.766412,-0.405000,-1.082209,-0.049342
-3.201211,-7.063255,-1.805919,-0.182356,-1.081943,-0.363068
-3.173078,-6.965087,-1.774194,0.053870,-1.060771,-0.705023
-3.251492,-7.108149,-1.778983,0.293025,-1.021222,-1.059761
-3.506487,-7.911444,-1.842432,0.765344,-0.890192,-1.795737
-3.535219,-8.161651,-1.837643,0.968147,-0.798179,-2.142885
-3.541803,-8.408865,-1.811904,1.131534,-0.683395,-2.446091
-3.568739,-8.825478,-1.890319,1.248848,-0.557559,-2.693369
-3.729758,-9.543176,-2.020211,1.332872,-0.441976,-2.867809
-3.874614,-10.153728,-2.151300,1.390131,-0.347831,-2.963817
-4.055984,-11.019875,-2.287776,1.417429,-0.234113,-2.900167
-4.082322,-11.181492,-2.294361,1.390398,-0.200024,-2.758884
-4.234362,-11.423319,-2.336860,1.344990,-0.161407,-2.579517
-4.285840,-11.407157,-2.291966,1.278809,-0.086705,-2.397221
-4.264290,-11.157549,-2.176440,1.203174,0.041928,-2.242223
-4.180489,-10.748717,-2.064506,1.126608,0.220096,-2.132232
-4.093695,-10.433266,-2.029189,1.071080,0.416641,-2.066318
-3.662118,-9.560534,-1.963944,1.056033,0.711590,-1.988153
-3.450220,-9.178640,-1.989683,1.079868,0.774309,-1.927432
-3.253886,-8.790759,-1.918452,1.096913,0.791087,-1.825698
-3.083889,-8.586045,-1.855002,1.097445,0.774974,-1.680287
-2.987517,-8.467525,-1.789757,1.060161,0.747810,-1.476952
-2.912695,-8.359781,-1.726906,0.972941,0.729966,-1.213961
-2.693614,-7.913240,-1.540747,0.634581,0.786692,-0.550024
-2.672664,-7.987464,-1.506628,0.404480,0.857933,-0.177842
-2.696607,-8.219713,-1.527578,0.139092,0.933834,0.228296
-2.700797,-8.322669,-1.518001,-0.156124,1.010268,0.663863
-2.718156,-8.447773,-1.509621,-0.470648,1.079378,1.100362
-2.804950,-8.835054,-1.556909,-0.793561,1.135039,1.519150
-2.908505,-9.225329,-1.646098,-1.117140,1.171392,1.915168
-3.270646,-10.101053,-1.912466,-1.686666,1.126118,2.562593
-3.457403,-10.401541,-2.007042,-1.897724,1.033571,2.780043
-3.695040,-10.654141,-2.059118,-2.046331,0.911197,2.903349
-3.945247,-10.852871,-2.151898,-2.133684,0.791486,2.919062
-4.164328,-10.903152,-2.144117,-2.169770,0.699606,2.827581
-4.294219,-10.789421,-2.219538,-2.173366,0.651002,2.639426
-4.489357,-10.803787,-2.269220,-2.118370,0.658060,2.087877
-4.421717,-10.692451,-2.326684,-2.074561,0.653932,1.811303
-4.349289,-10.638578,-2.397317,-2.021696,0.595475,1.583733
-4.227179,-10.525447,-2.492491,-1.959777,0.467774,1.421011
-4.017675,-10.153130,-2.496083,-1.890800,0.277488,1.322339
-3.785426,-9.677258,-2.408690,-1.816630,0.050450,1.270940
-3.599866,-9.261843,-2.311121,-1.733937,-0.194564,1.240047
-3.220964,-8.188587,-2.081266,-1.513025,-0.673674,1.156555
-3.137163,-7.804298,-1.987887,-1.367214,-0.872615,1.068670
-3.099452,-7.458917,-1.903487,-1.201297,-1.020822,0.925922
-3.092868,-7.194344,-1.811306,-1.020332,-1.112303,0.727247
-3.079699,-7.027340,-1.753842,-0.827117,-1.154249,0.481700
-3.109628,-6.987833,-1.726906,-0.616591,-1.165168,0.203395
-3.158113,-7.001601,-1.747856,-0.391151,-1.156512,-0.103006
-3.332899,-7.307476,-1.820285,0.082766,-1.092995,-0.775331
-3.389764,-7.511592,-1.824475,0.311402,-1.035736,-1.123145
-3.432263,-7.694159,-1.820883,0.518732,-0.951047,-1.470027
-3.475960,-7.944366,-1.829263,0.705555,-0.854772,-1.801197
-3.560359,-8.314888,-1.901692,0.870807,-0.756766,-2.106000
-3.721378,-8.878751,-1.966338,1.019147,-0.666217,-2.376714
-3.906938,-9.805953,-2.165666,1.251379,-0.509488,-2.790975
-3.976373,-10.190841,-2.215947,1.336335,-0.454093,-2.922937
-4.084716,-10.651748,-2.277601,1.396523,-0.410017,-3.000969
-4.112850,-10.877413,-2.257847,1.426351,-0.361813,-3.028000
-4.058379,-10.857060,-2.220137,1.425152,-0.304288,-3.004298
-4.099082,-11.029452,-2.243481,1.397056,-0.235977,-2.937718
-4.127215,-11.158147,-2.268622,1.349784,-0.159943,-2.826795
-4.055386,-10.937271,-2.123167,1.197315,0.034338,-2.529582
-3.766271,-10.175876,-2.081864,1.098111,0.158044,-2.360336
-3.650146,-9.944823,-2.059717,1.028335,0.233945,-2.187760
-3.520853,-9.618597,-2.027394,0.969612,0.266835,-1.992414
-3.386771,-9.345045,-2.048943,0.919810,0.260577,-1.780024
-3.292794,-9.078677,-1.966338,0.868410,0.239271,-1.553652
-3.054559,-8.434604,-1.751448,0.719404,0.223958,-1.065753
-2.965370,-8.277177,-1.708948,0.613808,0.248326,-0.802363
-2.979736,-8.361577,-1.686203,0.484376,0.287076,-0.514337
-2.892343,-8.146687,-1.639513,0.327248,0.343269,-0.200612
-2.846851,-8.068273,-1.613176,0.157069,0.411847,0.114578
-2.836076,-8.120948,-1.570078,-0.026026,0.492675,0.432298
-2.854632,-8.221509,-1.563493,-0.219241,0.571506,0.754279
-2.948610,-8.667452,-1.652682,-0.605805,0.689752,1.389452
-3.009066,-8.899102,-1.712540,-0.785838,0.713055,1.682937
-3.147937,-9.221139,-1.793348,-0.948559,0.713987,1.944730
-3.286209,-9.497085,-1.811904,-1.096633,0.708661,2.171102
-3.472966,-9.928661,-1.872361,-1.233389,0.706131,2.352599
-3.637576,-10.214185,-1.915459,-1.362687,0.715585,2.490154
-3.859650,-10.642769,-1.992077,-1.480134,0.733162,2.578039
-4.117040,-10.894173,-2.109998,-1.687331,0.810794,2.604538
-4.221193,-11.030649,-2.154891,-1.776016,0.856868,2.546081
-4.279854,-11.006107,-2.235101,-1.839134,0.883899,2.448075
-4.307388,-10.998326,-2.340451,-1.866565,0.866988,2.322638
-4.288832,-10.924701,-2.427246,-1.855779,0.791087,2.186682
-4.255312,-10.750513,-2.446999,-1.803314,0.661256,2.051790
-3.950036,-9.865212,-2.343444,-1.632336,0.336212,1.779212
-3.740532,-9.324095,-2.263234,-1.533665,0.183877,1.629939
-3.556768,-8.771605,-2.131547,-1.429533,0.043926,1.471612
-3.400538,-8.349606,-2.057323,-1.317279,-0.092297,1.308358
-3.252090,-7.883909,-2.000458,-1.190644,-0.229585,1.135782
-3.121599,-7.441558,-1.950775,-1.046565,-0.359816,0.947228
-3.004876,-7.080015,-1.886727,-0.885708,-0.480592,0.738566
-2.873188,-6.630481,-1.804721,-0.505136,-0.702037,0.261853
-2.919878,-6.644847,-1.801130,-0.287153,-0.806967,0.003922
-3.046777,-6.872906,-1.828665,-0.057452,-0.898315,-0.270921
-3.122797,-7.053079,-1.844826,0.175578,-0.964363,-0.561210
-3.188042,-7.224872,-1.847819,0.394493,-0.999251,-0.854428
-3.380187,-7.695955,-1.881938,0.590771,-1.003645,-1.137660
-3.744722,-8.650093,-1.922642,0.901168,-0.902843,-1.672963
-3.871621,-9.079874,-1.925036,1.004100,-0.778737,-1.922772
-3.894966,-9.307934,-1.929226,1.074276,-0.618679,-2.149676
-3.963204,-9.646730,-2.028591,1.121814,-0.447302,-2.341027
-4.076935,-10.095067,-2.135737,1.161895,-0.293768,-2.495227
-4.176299,-10.529038,-2.262636,1.207169,-0.176588,-2.616269
-4.236157,-10.791816,-2.348832,1.261232,-0.100420,-2.706818
-4.112251,-10.761288,-2.333867,1.371755,-0.056344,-2.790842
-4.105068,-10.863047,-2.384746,1.414233,-0.070725,-2.784850
-4.061970,-10.833117,-2.332071,1.432742,-0.082577,-2.751560
-3.973979,-10.677486,-2.252460,1.416896,-0.078981,-2.682317
-3.859650,-10.468582,-2.109998,1.357507,-0.045025,-2.575123
-3.689054,-10.060948,-2.013028,1.258036,0.024750,-2.434772
-3.531627,-9.670673,-1.922043,1.138725,0.107576,-2.265526
-3.226351,-9.014628,-1.887326,0.893577,0.230216,-1.847536
-3.074910,-8.656078,-1.825073,0.771203,0.253653,-1.595597
-2.970757,-8.418442,-1.780180,0.651093,0.252321,-1.322752
-2.904315,-8.261614,-1.816693,0.531382,0.229151,-1.031798
-2.872590,-8.258022,-1.825073,0.420326,0.177086,-0.724198
-2.855830,-8.193974,-1.820285,0.311135,0.110905,-0.400086
-2.873188,-8.181404,-1.692787,0.047745,0.036602,0.259855
-2.865407,-8.176017,-1.620359,-0.110849,0.061769,0.577309
-2.930054,-8.329852,-1.601803,-0.281294,0.122224,0.876786
-3.007271,-8.626748,-1.657471,-0.455334,0.197060,1.164678
-3.083290,-8.909279,-1.701167,-0.627910,0.268167,1.446311
-3.160507,-9.148112,-1.760427,-0.794626,0.328622,1.713697
-3.293392,-9.496487,-1.820883,-0.946162,0.374429,1.958046
-3.513670,-10.009470,-1.924438,-1.202096,0.431288,2.356860
-3.693244,-10.357844,-1.986690,-1.302099,0.444871,2.500540
-3.862044,-10.733753,-2.060316,-1.385324,0.454991,2.609465
-3.984155,-10.922905,-2.115983,-1.462690,0.476163,2.682836
-4.075139,-11.009100,-2.112991,-1.536594,0.508654,2.712131
-4.227777,-11.195858,-2.202778,-1.599978,0.551399,2.695087
-4.282846,-10.912729,-2.209961,-1.673749,0.635289,2.521446
-4.184081,-10.499708,-2.202179,-1.673083,0.651269,2.376168
-4.059576,-10.062145,-2.230911,-1.637663,0.636088,2.198932
-3.948838,-9.637752,-2.202179,-1.564691,0.584156,1.993600
-3.763278,-9.157091,-2.213552,-1.456964,0.493740,1.772421
-3.587894,-8.674635,-2.127955,-1.321274,0.365374,1.552973
-3.396348,-8.173024,-2.057323,-1.168673,0.214637,1.345776
-3.186246,-7.604970,-1.928029,-0.871593,-0.050085,0.942833
-3.180859,-7.518775,-1.931022,-0.730443,-0.152619,0.743892
-3.146141,-7.409833,-1.898699,-0.585165,-0.248893,0.550277
-3.189239,-7.460712,-1.908276,-0.436026,-0.343171,0.361323
-3.274238,-7.579830,-1.947782,-0.279829,-0.423999,0.163714
-3.291596,-7.594196,-1.938804,-0.116841,-0.484454,-0.047745
-3.276033,-7.528352,-1.902290,0.200612,-0.548104,-0.486507
-3.296984,-7.585816,-1.889720,0.356676,-0.560355,-0.707020
-3.298779,-7.652857,-1.895107,0.511275,-0.562885,-0.933259
-3.381982,-7.844403,-1.895706,0.667472,-0.553431,-1.170018
-3.454411,-8.024576,-1.895107,0.827397,-0.534655,-1.419027
-3.505888,-8.200559,-1.914860,0.985724,-0.505759,-1.680420
-3.727363,-8.784175,-2.043555,1.141921,-0.467010,-1.950336
-3.963803,-9.633561,-2.108202,1.432609,-0.355555,-2.482843
-4.082322,-10.144151,-2.171053,1.540735,-0.282849,-2.705753
-4.186475,-10.684669,-2.228517,1.615305,-0.203885,-2.876730
-4.197848,-11.024664,-2.282389,1.649793,-0.134642,-2.974603
-4.191862,-11.262898,-2.329078,1.646198,-0.083908,-2.983791
-4.155947,-11.349094,-2.360803,1.602389,-0.043827,-2.910686
-3.953627,-10.848680,-2.197989,1.527153,-0.007075,-2.772599
-3.704617,-10.317141,-2.120772,1.288663,0.109174,-2.363798
-3.623809,-10.106441,-2.130948,1.187462,0.119161,-2.129036
-3.455608,-9.610217,-2.051935,1.093451,0.103182,-1.878030
-3.387968,-9.352228,-1.992676,1.009693,0.083341,-1.635279
-3.250294,-8.906285,-1.880741,0.927933,0.078547,-1.405312
-3.196422,-8.678824,-1.804123,0.841379,0.098388,-1.191323
-3.016848,-8.136511,-1.628739,0.625127,0.222493,-0.769472
-2.963574,-8.032956,-1.604795,0.501554,0.305985,-0.551356
-2.915089,-7.956337,-1.597014,0.367062,0.393471,-0.319258
-2.912695,-8.026372,-1.550325,0.218589,0.481889,-0.067852
-2.885759,-8.093412,-1.549726,0.049875,0.570307,0.204727
-2.893540,-8.154468,-1.546733,-0.136016,0.656196,0.495149
-2.913892,-8.334043,-1.582049,-0.330297,0.729300,0.795558
-3.106036,-9.063114,-1.764018,-0.734038,0.817452,1.413021
-3.230541,-9.477332,-1.792151,-0.944165,0.843152,1.715694
-3.325716,-9.719757,-1.823277,-1.158286,0.866455,1.997994
-3.506487,-10.136968,-1.898699,-1.358160,0.886562,2.234220
-3.664512,-10.443441,-1.956162,-1.539257,0.896816,2.416116
-3.815953,-10.678683,-2.035774,-1.693723,0.893087,2.540887
-4.043414,-10.754105,-2.152497,-1.897058,0.863393,2.582034
-4.133201,-10.741535,-2.192602,-1.940202,0.832500,2.506266
-4.239748,-10.788224,-2.275206,-1.947260,0.785760,2.382161
-4.267882,-10.717591,-2.317705,-1.922492,0.723441,2.221570
-4.284044,-10.613439,-2.314114,-1.874022,0.650470,2.041404
-4.207425,-10.388372,-2.317705,-1.815964,0.572971,1.854847
-4.025457,-9.924472,-2.292565,-1.757640,0.494406,1.674947
-3.767468,-9.403707,-2.270417,-1.631537,0.268700,1.379998
-3.678878,-9.198992,-2.290769,-1.546448,0.103315,1.261885
-3.546592,-8.868575,-2.250664,-1.442317,-0.089634,1.152161
-3.396348,-8.426823,-2.186018,-1.320475,-0.293635,1.039374
-3.238323,-7.989260,-2.110596,-1.182655,-0.492044,0.914737
-3.192831,-7.686378,-2.044154,-1.028455,-0.669946,0.765997
-3.117409,-7.394270,-1.954367,-0.856146,-0.819618,0.583301
-3.050967,-6.993221,-1.813102,-0.469982,-1.022820,0.106721
-3.099452,-6.966883,-1.814897,-0.263717,-1.072622,-0.181437
-3.170084,-7.035121,-1.841235,-0.047332,-1.100585,-0.496228
-3.214380,-7.114134,-1.822080,0.169719,-1.100585,-0.835919
-3.280822,-7.335609,-1.822080,0.381177,-1.083940,-1.183866
-3.362828,-7.639090,-1.855601,0.579053,-1.049186,-1.527419
-3.543000,-8.425027,-1.937606,0.905828,-0.970222,-2.130635
-3.632189,-8.845230,-2.022006,1.022743,-0.911498,-2.381109
-3.712997,-9.249871,-2.063308,1.108498,-0.843853,-2.586042
-3.789616,-9.620991,-2.099822,1.166422,-0.776207,-2.738776
-3.925494,-10.119609,-2.204574,1.205438,-0.715753,-2.842775
-4.105068,-10.702028,-2.300945,1.229141,-0.664886,-2.899767
-4.209820,-11.035438,-2.347036,1.236731,-0.616282,-2.913349
-4.206228,-11.107267,-2.277002,1.185198,-0.476065,-2.847036
-4.163130,-10.972587,-2.203376,1.134597,-0.363544,-2.786581
-4.078731,-10.801991,-2.176440,1.074276,-0.240504,-2.712011
-3.924895,-10.503300,-2.097428,1.012756,-0.123590,-2.613073
-3.709406,-9.985527,-2.059118,0.959358,-0.025584,-2.490699
-3.739934,-10.118412,-2.045950,0.904630,0.049918,-2.343424
-3.320927,-9.203780,-1.926832,0.774399,0.159908,-1.951667
-3.147338,-8.802133,-1.841833,0.701427,0.190402,-1.715974
-3.065932,-8.526785,-1.783173,0.620599,0.215968,-1.461239
-3.011461,-8.475307,-1.774792,0.531648,0.233412,-1.181203
-2.964771,-8.484884,-1.764018,0.423522,0.244997,-0.867478
-2.900125,-8.311296,-1.743068,0.292759,0.262574,-0.524857
-2.858823,-8.205946,-1.661062,0.145884,0.293601,-0.171317
-2.839668,-8.259818,-1.639513,-0.187017,0.387745,0.548280
-2.830689,-8.284360,-1.620359,-0.354266,0.435017,0.898358
-2.866604,-8.391506,-1.637119,-0.513792,0.480957,1.227130
-2.851640,-8.396894,-1.701766,-0.658270,0.509719,1.528871
-2.952800,-8.723719,-1.750251,-0.774652,0.513581,1.800517
-3.089875,-9.084064,-1.818489,-0.869995,0.493740,2.049260
-3.219168,-9.464762,-1.903487,-0.953486,0.463646,2.278163
-3.599866,-10.347669,-1.994472,-1.108351,0.422766,2.672583
-3.839897,-10.888187,-2.084259,-1.188780,0.438745,2.824785
-4.049400,-11.267688,-2.117181,-1.276266,0.489346,2.943297
-4.178693,-11.448459,-2.102815,-1.369478,0.574702,3.016402
-4.275065,-11.474796,-2.134540,-1.466685,0.687621,3.036509
-4.386401,-11.498141,-2.147110,-1.556169,0.810262,2.996961
-4.321156,-10.898363,-2.273410,-1.641391,0.992025,2.737565
-4.248727,-10.561960,-2.344641,-1.610897,1.005474,2.531833
-4.171511,-10.176475,-2.350627,-1.527539,0.962597,2.294408
-3.979964,-9.638350,-2.291368,-1.404899,0.875910,2.039540
-3.771658,-9.000263,-2.210559,-1.265880,0.771512,1.776948
-3.569937,-8.473512,-2.143518,-1.123798,0.659258,1.516221
-3.377194,-8.024576,-2.059118,-0.979452,0.532357,1.269209
-3.091671,-7.324236,-1.984296,-0.687432,0.227287,0.831645
-3.016249,-7.087198,-1.930423,-0.542155,0.078281,0.619654
-2.968363,-6.905828,-1.869967,-0.394347,-0.058208,0.398342
-3.007869,-6.931567,-1.923839,-0.237751,-0.187640,0.167975
-3.044383,-7.019558,-1.940001,-0.063045,-0.318004,-0.076907
-3.161106,-7.261385,-2.014823,0.125377,-0.446104,-0.336436
-3.448425,-7.891092,-2.087252,0.521528,-0.667282,-0.899969
-3.455608,-8.022780,-2.041759,0.696101,-0.732930,-1.185731
-3.499304,-8.256825,-2.058520,0.836718,-0.775275,-1.439667
-3.608845,-8.645305,-2.120772,0.951369,-0.801242,-1.658982
-3.725568,-8.987094,-2.171053,1.047644,-0.824944,-1.854327
-3.769863,-9.190612,-2.151898,1.127673,-0.827075,-2.042083
-3.848875,-9.467155,-2.202179,1.202376,-0.823080,-2.220251
-3.847080,-9.659899,-2.178835,1.335402,-0.804970,-2.545961
-4.044611,-10.197425,-2.233305,1.394392,-0.786461,-2.695766
-4.223587,-10.717591,-2.302741,1.446458,-0.749309,-2.839579
-4.367845,-11.195259,-2.366190,1.476153,-0.689787,-2.961287
-4.328339,-11.300011,-2.303938,1.469095,-0.605496,-3.039985
-4.169116,-11.096493,-2.200982,1.422090,-0.497370,-3.062356
-4.145173,-11.144979,-2.235101,1.344591,-0.382054,-3.022541
-3.840495,-10.733753,-2.152497,1.128871,-0.194431,-2.737445
-3.562754,-10.083694,-2.038168,1.002769,-0.136906,-2.501618
-3.414306,-9.740707,-1.955564,0.865081,-0.092031,-2.226510
-3.220365,-9.201386,-1.829862,0.717540,-0.046357,-1.917845
-3.069523,-8.706958,-1.727505,0.567069,0.003711,-1.595731
-2.937835,-8.332845,-1.695780,0.421259,0.055910,-1.275880
-2.729529,-7.692962,-1.660463,0.172249,0.129547,-0.667338
-2.709776,-7.679195,-1.679618,0.080768,0.130613,-0.382243
-2.740902,-7.767186,-1.683808,0.006864,0.104780,-0.099943
-2.757064,-7.805495,-1.681414,-0.055321,0.064832,0.179826
-2.766641,-7.842607,-1.652083,-0.119371,0.033939,0.454269
-2.852837,-8.087427,-1.673632,-0.188481,0.021155,0.716861
-2.945018,-8.350802,-1.718526,-0.268910,0.028612,0.983048
-3.176070,-9.091846,-1.735286,-0.497945,0.133542,1.536328
-3.320328,-9.631167,-1.761624,-0.649082,0.225689,1.826750
-3.418496,-9.986724,-1.767609,-0.825786,0.335812,2.125029
-3.574127,-10.505095,-1.854404,-1.013142,0.451129,2.412654
-3.742328,-11.015685,-1.970528,-1.198900,0.549934,2.686032
-3.875812,-11.308391,-2.110596,-1.374538,0.623039,2.932644
-4.058379,-11.392192,-2.173447,-1.630605,0.696144,3.237048
-4.161933,-11.374833,-2.268023,-1.688663,0.702269,3.265278
-4.244537,-11.195858,-2.255453,-1.696120,0.693480,3.204824
-4.270875,-10.866039,-2.232108,-1.657370,0.689752,3.057549
-4.296614,-10.575130,-2.259643,-1.587062,0.701736,2.835970
-4.271473,-10.265064,-2.198588,-1.499709,0.732230,2.561527
-4.171511,-9.906514,-2.173447,-1.402236,0.770181,2.259254
-3.899755,-9.267829,-2.181229,-1.212083,0.784562,1.701446
-3.751905,-9.012235,-2.196792,-1.114610,0.721311,1.480400
-3.613034,-8.757239,-2.250664,-1.007549,0.604130,1.299036
-3.409517,-8.282564,-2.187813,-0.889170,0.441408,1.143372
-3.186845,-7.731870,-2.102815,-0.764798,0.256316,1.001424
-3.012658,-7.284730,-1.959754,-0.631904,0.065764,0.854814
-3.019841,-6.936954,-1.885530,-0.328965,-0.258215,0.474509
-3.091671,-6.978855,-1.932818,-0.151862,-0.376594,0.216845
-3.196422,-7.063854,-1.915459,0.040288,-0.461683,-0.085828
-3.226950,-7.112339,-1.890917,0.243623,-0.514282,-0.424854
-3.303568,-7.270963,-1.894509,0.448423,-0.546639,-0.785185
-3.341279,-7.500818,-1.937606,0.646699,-0.563817,-1.146582
-3.381982,-7.780355,-2.007042,0.838316,-0.588319,-1.481213
-3.581908,-8.621960,-2.129751,1.167887,-0.680332,-2.019979
-3.680076,-9.054135,-2.142321,1.286932,-0.714687,-2.230371
-3.794405,-9.434833,-2.130948,1.369225,-0.732265,-2.405477
-3.799193,-9.630569,-2.129751,1.414233,-0.715620,-2.544895
-3.982359,-10.193833,-2.196193,1.426750,-0.679933,-2.643167
-4.114645,-10.605657,-2.283586,1.418361,-0.630797,-2.704155
-4.228974,-10.992340,-2.352423,1.397455,-0.579796,-2.731985
-4.198447,-10.951038,-2.314713,1.327413,-0.454226,-2.730521
-4.192461,-10.968995,-2.315910,1.290261,-0.392706,-2.710680
-4.139187,-10.880405,-2.329078,1.244587,-0.324928,-2.676058
-4.074540,-10.758295,-2.276403,1.208368,-0.278588,-2.624658
-3.909332,-10.393161,-2.224327,1.168153,-0.246230,-2.551154
-3.735145,-10.021441,-2.132744,1.118485,-0.208546,-2.458741
-3.408918,-9.349834,-1.896903,0.954032,-0.094028,-2.186828
-3.273041,-9.118183,-1.831059,0.840580,-0.033574,-1.984957
-3.156317,-8.959559,-1.799334,0.708219,0.020223,-1.730355
-3.005475,-8.605200,-1.716730,0.548293,0.070291,-1.422356
-2.838471,-8.204749,-1.662858,0.373854,0.123023,-1.083464
-2.744493,-7.892888,-1.614373,0.199680,0.173757,-0.732587
-2.702593,-7.880318,-1.635323,0.034695,0.202253,-0.375452
-2.754071,-8.130525,-1.717329,-0.249202,0.152984,0.369579
-2.791781,-8.259818,-1.720920,-0.371577,0.105445,0.738033
-2.788789,-8.176616,-1.662259,-0.497013,0.080411,1.083717
-2.769035,-8.019189,-1.554515,-0.616325,0.095592,1.383993
-2.837872,-8.139503,-1.585641,-0.719923,0.139934,1.627276
-3.017447,-8.663261,-1.638915,-0.808741,0.194396,1.835672
-3.429869,-9.941232,-1.869967,-0.986909,0.298528,2.257390
-3.690850,-10.675691,-2.010035,-1.081986,0.344068,2.479101
-3.947043,-11.314975,-2.103413,-1.178527,0.388144,2.698283
-4.095490,-11.640603,-2.106406,-1.281726,0.448066,2.897757
-4.190066,-11.687891,-2.090843,-1.393713,0.543942,3.051157
-4.264290,-11.667540,-2.065104,-1.505301,0.672308,3.139176
-4.339113,-11.626836,-2.114786,-1.598780,0.807599,3.150228
-4.452844,-11.396382,-2.319501,-1.664295,0.983104,2.962872
-4.390591,-11.027058,-2.338057,-1.623814,1.003610,2.782839
-4.255312,-10.481152,-2.305135,-1.543385,0.991493,2.558997
-4.048203,-9.839474,-2.241686,-1.434860,0.954740,2.305593
-3.882994,-9.370186,-2.206369,-1.306227,0.894019,2.044866
-3.771060,-8.992481,-2.213552,-1.164678,0.807066,1.784139
-3.657330,-8.636924,-2.154891,-1.016737,0.709593,1.528338
-3.256280,-7.600182,-1.949578,-0.743759,0.532490,1.024460
-3.152726,-7.309272,-1.931621,-0.618056,0.439810,0.784240
-3.067727,-7.174591,-1.960951,-0.479569,0.315306,0.554805
-3.033608,-7.065649,-2.018415,-0.320044,0.154582,0.333226
-2.958786,-6.944137,-2.005246,-0.143207,-0.031843,0.115110
-2.958187,-6.908821,-1.990880,0.044948,-0.233314,-0.101408
-3.082093,-7.158429,-2.006443,0.445361,-0.620011,-0.553753
-3.126388,-7.281138,-2.001056,0.640840,-0.774343,-0.795971
-3.215577,-7.488846,-1.973521,0.813681,-0.882469,-1.046445
-3.384975,-7.911444,-2.045950,0.962288,-0.939595,-1.300381
-3.570535,-8.323268,-2.009436,1.092652,-0.952911,-1.563772
-3.710603,-8.754845,-2.022006,1.203441,-0.921485,-1.831957
-3.857854,-9.251068,-2.090843,1.293723,-0.859566,-2.093749
-4.115244,-10.207002,-2.244678,1.417030,-0.720546,-2.527318
-4.207425,-10.626009,-2.329078,1.453116,-0.663155,-2.680852
-4.249326,-10.901356,-2.367388,1.476952,-0.619345,-2.792706
-4.297213,-11.181492,-2.435027,1.489336,-0.589384,-2.859952
-4.306191,-11.303602,-2.427844,1.486939,-0.572339,-2.883921
-4.102075,-10.868434,-2.277002,1.470427,-0.559822,-2.878328
-4.196651,-11.158746,-2.296156,1.321953,-0.416009,-2.791774
-4.005105,-10.776851,-2.231510,1.233668,-0.344636,-2.704688
-3.829721,-10.386577,-2.119575,1.141255,-0.288575,-2.588172
-3.643562,-9.931056,-2.029788,1.043382,-0.234246,-2.451817
-3.404130,-9.341454,-1.923241,0.947241,-0.187640,-2.298416
-3.188042,-8.838646,-1.821482,0.851765,-0.155149,-2.124110
-3.046178,-8.553721,-1.826869,0.757754,-0.139969,-1.920108
-2.838471,-8.186193,-1.760427,0.569998,-0.165269,-1.405844
-2.838471,-8.204150,-1.708350,0.454415,-0.180183,-1.089323
-2.776817,-8.052710,-1.592225,0.313399,-0.169131,-0.735516
-2.718755,-7.914437,-1.521593,0.143353,-0.118263,-0.360804
-2.706783,-7.932993,-1.476101,-0.044802,-0.037702,0.025227
-2.734916,-8.138905,-1.550325,-0.240014,0.050051,0.425107
-2.842062,-8.605200,-1.569479,-0.437358,0.128482,0.842164
-2.970757,-9.161281,-1.632330,-0.848290,0.254052,1.715029
-3.100649,-9.575500,-1.733490,-1.034847,0.301191,2.114775
-3.256879,-9.972358,-1.815496,-1.193441,0.329021,2.469114
-3.476558,-10.463195,-1.965141,-1.317279,0.341272,2.762732
-3.633985,-10.736746,-1.980106,-1.409426,0.354588,2.994298
-3.766870,-10.797801,-1.975317,-1.477338,0.384682,3.148630
-4.160736,-11.076740,-2.085456,-1.532333,0.521038,3.190975
-4.254713,-11.107267,-2.111794,-1.524343,0.613451,3.094168
-4.419921,-11.310785,-2.244080,-1.508631,0.710125,2.955148
-4.411541,-11.179097,-2.234503,-1.493184,0.800674,2.796422
-4.316367,-10.920510,-2.229115,-1.480401,0.870583,2.636896
-4.247530,-10.719387,-2.281790,-1.464155,0.909466,2.482830
-4.106265,-10.443441,-2.262037,-1.436857,0.900544,2.341946
-3.827327,-9.748489,-2.290171,-1.323538,0.737290,2.096133
-3.664512,-9.271420,-2.218940,-1.240047,0.605195,1.977354
-3.510078,-8.682416,-2.104610,-1.142041,0.467641,1.837935
-3.318533,-8.097004,-2.017816,-1.033249,0.345799,1.663762
-3.231738,-7.742644,-1.946585,-0.912340,0.238872,1.456831
-3.169486,-7.430185,-1.923241,-0.770924,0.138336,1.217143
-3.100649,-7.066248,-1.938205,-0.433762,-0.059939,0.664662
-3.121001,-7.011178,-1.976514,-0.236419,-0.168864,0.362788
-3.141353,-7.035121,-1.980106,-0.028290,-0.284314,0.048530
-3.107832,-7.029735,-1.922642,0.182902,-0.401095,-0.268124
-3.122797,-7.086599,-1.951972,0.384640,-0.510154,-0.578387
-3.203605,-7.330821,-1.994472,0.573727,-0.617747,-0.874669
-3.416101,-7.845600,-2.105209,0.748699,-0.714288,-1.169352
-3.589690,-8.357985,-2.012429,1.039521,-0.814691,-1.789612
-3.647752,-8.571679,-2.033379,1.134597,-0.792586,-2.109995
-3.680674,-8.813505,-2.042957,1.206770,-0.738523,-2.432109
-3.863840,-9.470149,-2.205172,1.272684,-0.695912,-2.738910
-4.130807,-10.385379,-2.449992,1.352181,-0.694314,-3.021076
-4.173905,-10.851075,-2.548758,1.439267,-0.743184,-3.259166
-4.123624,-11.308391,-2.506857,1.522359,-0.930007,-3.505246
-4.150560,-11.498141,-2.418865,1.482012,-0.999916,-3.508309
-4.150560,-11.638807,-2.361402,1.388267,-1.022687,-3.447188
-4.118237,-11.568175,-2.321895,1.252710,-0.998851,-3.328409
-4.022464,-11.318566,-2.214749,1.088790,-0.934801,-3.158497
-3.862643,-10.872025,-2.111794,0.911421,-0.839192,-2.951966
-3.726166,-10.428477,-2.033379,0.737514,-0.727870,-2.724395
-3.419094,-9.552155,-1.944789,0.453616,-0.524002,-2.251277
-3.293392,-9.207372,-1.932219,0.352947,-0.459420,-2.006529
-3.201809,-9.000263,-1.919050,0.270122,-0.419472,-1.748598
-3.077305,-8.630939,-1.846024,0.194620,-0.392973,-1.469362
-2.945617,-8.311894,-1.749053,0.118985,-0.364077,-1.180804
-2.880371,-8.173622,-1.685604,0.040953,-0.329722,-0.879596
-2.867203,-8.238269,-1.689195,-0.044136,-0.296032,-0.556283
-2.810936,-8.195770,-1.659865,-0.244675,-0.240371,0.186617
-2.789387,-8.225699,-1.630534,-0.357195,-0.198825,0.577842
-2.809140,-8.393900,-1.645499,-0.466786,-0.151287,0.969066
-2.878576,-8.634530,-1.689794,-0.569719,-0.106545,1.355363
-2.910300,-8.762028,-1.687998,-0.663197,-0.066997,1.729676
-2.988116,-9.028396,-1.730497,-0.739365,-0.028514,2.073096
-3.186246,-9.453388,-1.842432,-0.824987,0.043127,2.636496
-3.367616,-9.856833,-1.947184,-0.827384,0.081210,2.842495
-3.607647,-10.444040,-2.090245,-0.806611,0.112103,3.013073
-3.792609,-10.838505,-2.153694,-0.772122,0.138070,3.159682
-3.979964,-11.115647,-2.161476,-0.738166,0.185741,3.269939
-4.225981,-11.560992,-2.203376,-0.719391,0.288674,3.338383
-4.330733,-11.668138,-2.157884,-0.727380,0.454192,3.369942
-4.363655,-11.467015,-2.038767,-0.824587,0.922383,3.320939
-4.349887,-11.324553,-2.050140,-0.889303,1.168196,3.236649
-4.254115,-10.985157,-2.112991,-0.938705,1.372863,3.114142
-4.072146,-10.447632,-2.165067,-0.952953,1.503626,2.957013
-3.957817,-9.993309,-2.234503,-0.917267,1.549567,2.768591
-3.838101,-9.562330,-2.226122,-0.832444,1.523068,2.547279
-3.507086,-8.390907,-2.115385,-0.556136,1.348229,2.021430
-3.352652,-7.885705,-2.060914,-0.392350,1.244763,1.722352
-3.234133,-7.466699,-1.959754,-0.223769,1.144893,1.409160
-3.128783,-7.138676,-1.957360,-0.060515,1.051282,1.086380
-3.034805,-6.893857,-1.911867,0.101275,0.955806,0.756675
-3.032411,-6.840583,-1.920248,0.264130,0.846881,0.427903
-3.070122,-6.926180,-2.002253,0.436439,0.712789,0.096068
-3.114417,-7.158429,-2.126758,0.812749,0.348463,-0.560810
-3.186246,-7.432580,-2.232108,0.999573,0.116231,-0.868144
-3.301174,-7.767785,-2.261439,1.176276,-0.132378,-1.158300
-3.369412,-8.080843,-2.276403,1.326081,-0.376994,-1.435006
-3.450819,-8.417844,-2.300347,1.443395,-0.598439,-1.693736
-3.587894,-8.841639,-2.289572,1.526088,-0.798578,-1.931294
-3.721378,-9.294765,-2.352423,1.573226,-0.962232,-2.147546
-3.792609,-9.747890,-2.332071,1.583746,-1.224424,-2.501352
-3.932078,-10.210593,-2.387739,1.556848,-1.325493,-2.636643
-4.113448,-10.722979,-2.458372,1.518631,-1.410981,-2.747432
-4.208622,-11.080332,-2.489498,1.468563,-1.473433,-2.833720
-4.271473,-11.292229,-2.427844,1.396124,-1.507123,-2.891644
