0,87828.00,-5.318990,-2.703192,11.584336,0.090920,-2.240889,-0.873602
0,87851.00,-5.158570,-2.428443,11.441875,0.206503,-2.413730,-0.906892
0,87874.00,-6.129469,-3.194626,11.588527,0.393194,-2.777790,-0.951367
0,87897.00,-6.231826,-3.030615,11.209625,0.332206,-2.746897,-0.970276
0,87920.00,-5.779299,-2.630165,10.445237,0.261898,-2.686442,-0.944709
0,87943.00,-5.389024,-2.083062,9.676660,0.232070,-2.726656,-0.874667
0,87966.00,-5.566803,-1.929226,9.141528,0.258702,-2.840375,-0.767074
0,87989.00,-6.022921,-1.957958,8.687803,0.256039,-2.853158,-0.665073
0,88012.00,-6.119891,-1.894509,8.004224,0.188660,-2.680316,-0.577987
0,88035.00,-5.421348,-1.305505,6.298867,-0.031853,-2.246215,-0.389965
0,88058.00,-5.480607,-0.763789,5.690110,-0.088313,-2.120245,-0.298883
0,88081.00,-5.887642,-0.189152,5.059206,-0.078193,-1.963915,-0.261598
0,88104.00,-5.894227,-0.108343,4.607277,0.018748,-1.678953,-0.258935
0,88127.00,-5.609302,-0.002993,4.084118,0.119949,-1.324747,-0.239760
0,88150.00,-5.265717,0.241228,3.374799,0.218488,-1.025669,-0.236831
0,88173.00,-5.212443,0.025140,2.993503,0.342327,-0.785182,-0.228575
0,88196.00,-6.146229,-0.627911,3.073114,0.396656,-0.132698,-0.127107
0,88219.00,-6.704106,-0.651256,3.483741,0.310635,0.380235,-0.074375
0,88242.00,-6.909420,-0.556082,3.890177,0.224347,1.026061,-0.008860
0,88265.00,-6.822625,-0.630904,4.642594,0.163359,1.691861,0.073166
0,88288.00,-6.772345,-0.872731,5.663773,0.086926,2.260189,0.158122
0,88311.00,-6.944736,-1.019982,6.868117,-0.011347,2.745424,0.261987
0,88334.00,-7.211703,-1.527578,9.966372,-0.148501,3.690594,0.564793
0,88357.00,-7.215893,-2.558335,11.979999,-0.196705,4.064507,0.738967
0,88380.00,-7.062656,-2.937835,13.800881,-0.348242,4.315381,0.885176
0,88403.00,-6.188129,-2.053133,14.374322,-0.481668,4.483696,0.973595
0,88426.00,-5.078361,-1.847221,14.558086,-0.365819,4.435758,0.999960
0,88449.00,-4.443865,-3.057551,14.821463,-0.155958,4.087677,0.995966
0,88472.00,-4.802415,-4.154151,15.968942,-0.110684,3.605372,1.018336
0,88495.00,-2.217742,-3.559162,17.587505,-0.284591,3.421877,0.757875
0,88518.00,0.738050,-2.951602,16.742907,-0.108820,3.061546,0.507002
0,88541.00,2.006443,-2.701994,15.741481,0.224613,2.025028,0.239350
0,88564.00,0.697945,-4.164328,16.862024,0.614240,0.733109,-0.029367
0,88587.00,-1.037939,-5.983415,17.992146,0.681086,0.026295,-0.200345
0,88610.00,-0.745233,-6.118096,18.301611,0.438202,-0.020311,-0.237363
0,88633.00,1.862185,-4.419921,17.470781,0.034194,-0.828859,-0.265060
0,88656.00,0.243024,-3.724370,18.047813,0.051771,-2.038485,-0.411803
0,88679.00,-2.666678,-3.745919,18.009504,0.167887,-2.835848,-0.471459
0,88702.00,-4.701853,-4.414534,17.694052,0.223814,-3.143181,-0.543099
0,88725.00,-5.248956,-3.847080,16.845863,0.147380,-3.354906,-0.645099
0,88748.00,-6.521539,-3.499903,16.606430,0.178273,-3.758114,-0.686379
0,88771.00,-7.760003,-2.941427,15.947991,0.220086,-4.118446,-0.718604
0,88794.00,-7.994048,-2.670868,13.599759,0.347120,-4.358400,-0.738578
0,88817.00,-8.461540,-2.799563,12.574988,0.284801,-4.540297,-0.716473
0,88840.00,-9.254660,-2.372775,10.704423,0.096247,-4.591164,-0.665073
0,88863.00,-9.476733,-1.222901,8.108377,-0.063279,-4.333632,-0.489568
0,88886.00,-9.444409,-0.724882,5.424939,-0.078726,-3.874496,-0.245353
0,88909.00,-9.685040,-0.685974,3.355046,-0.072600,-3.440661,-0.183034
0,88932.00,-10.654141,-0.918822,2.522420,-0.098700,-2.918940,-0.253875
0,88955.00,-8.884138,1.576662,0.318445,-0.226267,-0.857089,-0.166522
0,88978.00,-7.236844,1.756236,-0.399852,0.036325,-0.296219,-0.096480
0,89001.00,-7.295504,0.521364,0.274749,0.297585,-0.263728,-0.013654
0,89024.00,-8.867378,-0.377705,1.309096,0.284269,-0.115387,0.133887
0,89047.00,-9.840671,-0.481259,2.196193,0.037656,0.495551,0.206593
0,89070.00,-8.928433,0.060457,2.893540,-0.204429,1.385061,0.184222
0,89093.00,-6.965686,0.123906,4.737768,-0.290450,2.396012,0.327502
0,89116.00,-7.634301,-0.175983,6.405415,-0.277134,2.521715,0.430035
0,89139.00,-8.654283,-0.334607,8.150278,-0.266215,2.850887,0.584501
0,89162.00,-8.320873,-0.550694,9.557542,-0.235588,3.439987,0.729113
0,89185.00,-7.296103,-1.525184,10.737345,-0.139713,3.939870,0.881448
0,89208.00,-7.103360,-3.253886,12.569002,-0.121070,4.087145,1.038843
0,89231.00,-7.101564,-4.141582,14.676007,-0.286455,4.143605,1.170671
0,89254.00,-5.632048,-2.973750,14.980685,-0.465156,4.469048,1.360558
0,89277.00,-5.047833,-3.364025,15.971935,-0.187384,4.182487,1.265481
0,89300.00,-4.709036,-4.194855,16.610022,0.001969,3.786469,1.156556
0,89323.00,-3.935071,-4.027253,17.455219,0.139923,3.458896,1.099298
0,89346.00,-2.481717,-3.415503,18.237564,0.323152,3.211751,0.889704
0,89369.00,-0.207708,-3.188042,17.765882,0.514103,2.777915,0.390353
0,89392.00,1.526980,-3.981162,16.753082,0.716506,1.960312,-0.122313
0,89415.00,-1.063080,-6.534110,17.254694,0.771635,0.195142,-0.476252
0,89438.00,1.420433,-5.161563,18.425518,0.480280,0.031089,-0.424320
0,89461.00,-0.140667,-6.589179,17.568949,0.203840,-0.295952,-0.046412
0,89484.00,0.958328,-4.211616,17.042198,-0.237452,-1.193984,-0.454680
0,89507.00,-1.589232,-3.068924,16.715971,-0.300837,-1.980161,-0.358539
0,89530.00,-3.124593,-2.628968,16.337667,-0.178596,-2.378842,-0.245353
0,89553.00,-4.524075,-3.647154,16.230522,0.007562,-2.828657,-0.438701
0,89576.00,-5.165155,-2.882167,16.105419,0.037390,-3.204967,-0.548691
0,89599.00,-5.774510,-2.554743,15.725320,0.149777,-3.663837,-0.684781
0,89622.00,-6.572419,-2.717557,15.331453,0.293590,-4.113918,-0.770536
0,89645.00,-7.704335,-3.416101,14.805301,0.331407,-4.461200,-0.806223
0,89668.00,-8.659072,-3.723173,13.966090,0.216890,-4.600751,-0.787847
0,89691.00,-9.127162,-3.244907,12.698895,0.006231,-4.482771,-0.743105
0,89714.00,-8.835054,-2.017218,9.755672,-0.256095,-3.979426,-0.556947
0,89737.00,-8.900300,-1.272583,8.040139,-0.319213,-3.761310,-0.472258
0,89760.00,-9.023607,0.104153,5.759546,-0.312288,-3.486468,-0.393693
0,89783.00,-9.050544,1.021179,3.207197,-0.124799,-3.122941,-0.327379
0,89806.00,-9.322898,1.060685,1.078044,0.150842,-2.739706,-0.264794
0,89829.00,-9.573704,0.252003,-0.062851,0.349784,-2.273912,-0.167321
0,89852.00,-10.041794,-1.396489,0.258587,0.072278,-0.661610,0.174368
0,89875.00,-8.921848,-0.251404,0.642876,-0.252633,0.373044,0.218577
0,89898.00,-7.569056,0.093977,1.510220,-0.376205,1.224736,0.187684
0,89921.00,-6.666995,0.146054,2.754669,-0.415088,1.757643,0.148268
0,89944.00,-6.374288,-0.091583,4.140983,-0.393782,2.077227,0.186885
0,89967.00,-6.786711,-0.536927,5.629653,-0.367417,2.326502,0.328833
0,89990.00,-7.707328,-0.496224,7.014171,-0.401772,2.608269,0.457200
0,90013.00,-7.808488,-0.124505,9.269624,-0.226800,3.447710,0.565592
0,90036.00,-8.147285,-0.904456,10.476363,0.036058,3.740130,0.548814
0,90059.00,-7.992851,-1.932818,11.801023,0.197715,3.955050,0.564527
0,90082.00,-7.973697,-2.125561,13.174767,0.174012,4.125228,0.633770
0,90105.00,-7.749228,-2.955793,14.015174,0.103970,4.297005,0.682773
0,90128.00,-6.755584,-3.907536,15.497859,0.055500,4.450672,0.825521
0,90151.00,-5.580570,-4.903575,16.189817,-0.137050,4.462923,1.055621
0,90174.00,-2.452386,-5.203464,19.318003,-0.474744,4.112445,1.349106
0,90197.00,0.162215,-5.015510,19.614300,-0.420681,3.895128,1.413556
0,90220.00,2.427844,-4.596503,19.614300,-0.256894,3.264482,1.125131
0,90243.00,3.862643,-5.262723,19.537083,-0.012412,2.182690,0.544553
0,90266.00,3.064734,-5.110684,18.465025,0.305308,0.865204,-0.012855
0,90289.00,0.379500,-6.804668,18.241156,0.556714,-0.161993,-0.393693
0,90312.00,-0.509991,-8.120349,17.806585,0.434473,-0.872003,-0.248282
0,90335.00,1.119346,-4.744352,17.968203,0.079202,-1.631548,-0.803560
0,90358.00,-1.492262,-4.592313,17.872429,0.016883,-2.203337,-0.690906
0,90381.00,-2.675657,-3.809968,15.832465,-0.214016,-2.671262,-0.625924
0,90404.00,-4.070350,-3.340081,16.594460,-0.003623,-3.113619,-0.734849
0,90427.00,-5.308814,-2.605024,15.762431,0.145782,-3.395653,-0.813147
0,90450.00,-5.994788,-1.471312,15.520006,0.492797,-3.671294,-0.984125
0,90473.00,-6.577207,-1.696977,14.364745,1.381774,-4.550150,-1.524489
0,90496.00,-7.862360,-3.855460,14.175593,1.555415,-4.872931,-1.525021
0,90519.00,-8.568686,-4.415731,12.907799,1.236896,-4.818069,-1.315693
0,90542.00,-9.118782,-3.928487,11.258110,0.735149,-4.431638,-0.893842
0,90565.00,-8.729704,-3.054559,9.315715,0.214227,-3.900329,-0.462404
0,90588.00,-8.138905,-1.459939,6.983045,-0.224669,-3.438797,-0.114590
0,90611.00,-8.347211,0.597982,3.282618,-0.251301,-2.761012,0.169308
0,90634.00,-8.469920,0.593792,1.983099,-0.019869,-2.268852,0.150133
0,90657.00,-8.159855,0.326227,1.172022,0.182535,-1.706384,0.083819
0,90680.00,-7.979682,-0.556680,1.064277,0.290128,-1.139388,0.055056
0,90703.00,-7.837819,-0.969701,1.110966,0.224613,-0.527385,0.077161
0,90726.00,-7.772573,-1.203746,1.669442,0.074409,0.128296,0.119772
0,90749.00,-7.537930,-1.364166,2.317107,-0.141311,0.802086,0.138148
0,90772.00,-6.698121,-0.784141,4.030245,-0.538394,2.017038,0.321377
0,90795.00,-6.699916,-0.390275,4.901181,-0.593789,2.440753,0.447346
0,90818.00,-6.987833,-0.349571,5.872677,-0.532003,2.806678,0.536830
0,90841.00,-7.392475,-1.142092,7.491241,-0.387124,3.196836,0.620454
0,90864.00,-7.740849,-1.743666,9.027798,-0.336790,3.625080,0.708872
0,90887.00,-8.051512,-2.294959,10.960615,-0.343181,3.988340,0.788236
0,90910.00,-8.440590,-2.578088,12.846744,-0.383662,4.295407,0.880116
0,90933.00,-6.461082,-2.115983,15.364375,-0.212152,4.807274,1.067339
0,90956.00,-4.934701,-4.113448,16.999100,-0.021200,4.656804,1.074264
0,90979.00,-3.600464,-5.657787,18.180698,-0.190580,4.331360,1.170938
0,91002.00,-2.074682,-4.363655,18.639811,-0.513094,3.939603,1.235654
0,91025.00,0.190947,-1.605993,17.646166,-0.461960,3.569951,1.133653
0,91048.00,1.499445,-0.948751,16.359816,0.221684,2.828516,0.784507
0,91071.00,-0.869738,-5.995985,15.956970,0.993746,0.388491,-0.142021
0,91094.00,-2.986919,-6.669987,17.011669,0.711446,0.033486,-0.359604
0,91117.00,-1.772398,-6.138447,16.995508,0.273616,0.614330,-0.339896
0,91140.00,1.206739,-4.304994,16.395132,-0.065143,0.996499,-0.253875
0,91163.00,2.945018,-3.393954,15.208145,-0.070203,0.341086,-0.102605
0,91186.00,0.953539,-3.055157,16.960791,0.091986,-1.231535,-0.436304
0,91209.00,-1.196563,-2.937835,17.418106,0.151641,-2.246747,-0.677324
0,91232.00,-2.748684,-2.317107,16.186825,0.284535,-2.415595,-0.466665
0,91255.00,-2.357810,-2.471541,15.579865,0.282405,-2.652353,-0.425652
0,91278.00,-3.426876,-2.138730,15.268602,0.276546,-3.226539,-0.361468
0,91301.00,-5.001742,-1.912466,15.128534,0.312765,-3.812444,-0.371322
0,91324.00,-6.586186,-1.330645,14.456328,0.345256,-4.148007,-0.409406
0,91347.00,-7.319448,-2.309325,14.051088,0.452317,-4.242551,-0.571861
0,91370.00,-7.435572,-2.460168,11.727398,0.260566,-4.087819,-0.572660
0,91393.00,-7.165014,-1.802926,10.518264,0.166023,-3.906987,-0.437103
0,91416.00,-7.212900,-1.327054,9.213956,0.168420,-3.737874,-0.329776
0,91439.00,-7.458318,-1.359976,8.152074,0.206770,-3.526682,-0.341228
0,91462.00,-7.358356,-1.325857,7.144063,0.227276,-3.159693,-0.345755
0,91485.00,-6.830407,-0.435168,5.497966,0.244587,-2.670995,-0.271452
0,91508.00,-5.899613,-0.276544,3.727962,0.392395,-2.301077,-0.202475
0,91531.00,-6.726254,-1.243851,2.131547,0.527952,-1.927163,-0.029900
0,91554.00,-7.646273,-1.970528,2.225524,0.400917,-1.432340,-0.001670
0,91577.00,-7.856973,-2.154293,2.262037,0.136461,-0.578518,0.096869
0,91600.00,-7.053079,-1.643105,2.238693,-0.146371,0.350140,0.212984
0,91623.00,-6.256967,-1.424024,2.793577,-0.327735,1.026327,0.276102
0,91646.00,-6.253375,-1.175014,3.460396,-0.481934,1.471348,0.306463
0,91669.00,-6.572419,-0.906850,4.506117,-0.570353,1.883079,0.343481
0,91692.00,-6.763366,-0.632700,6.433548,-0.507501,2.818130,0.479571
0,91715.00,-7.218886,-0.703333,7.826446,-0.419615,3.163547,0.493686
0,91738.00,-7.656449,-0.493231,9.225927,-0.345046,3.529204,0.465456
0,91761.00,-7.549303,-0.572842,10.793612,-0.214815,3.964638,0.450009
0,91784.00,-7.319448,-1.992676,12.812026,-0.062746,4.328165,0.520850
0,91807.00,-7.000404,-3.537613,15.090225,-0.118407,4.530834,0.634835
0,91830.00,-4.668333,-1.933416,17.431274,-0.643591,4.742026,0.811139
0,91853.00,-2.139927,-1.668844,17.615639,-0.496316,4.587028,0.824722
0,91876.00,-0.062851,-1.623950,17.967604,-0.185254,3.987009,0.717395
0,91899.00,1.176810,-0.688967,17.530041,0.147913,3.057817,0.432698
0,91922.00,1.868171,-0.554884,17.062550,0.688276,2.135284,0.071568
0,91945.00,2.047147,-3.160507,17.573738,1.223314,1.365885,-0.200877
0,91968.00,1.301315,-5.844544,18.427313,1.185496,0.838039,-0.276246
0,91991.00,2.032182,-4.866463,18.522488,-0.023597,0.641228,-0.203807
0,92014.00,2.806746,-4.376225,17.873627,-0.348508,0.384229,-0.113791
0,92037.00,3.487931,-3.585500,17.306171,-0.435595,-0.463734,-0.041618
0,92060.00,0.917625,-2.817520,18.044821,-0.359693,-1.726358,0.021234
0,92083.00,-1.101987,-1.382123,17.612646,-0.356497,-2.533574,-0.326580
0,92106.00,-2.409887,-1.419235,17.637785,-0.097634,-2.628917,-0.371056
0,92129.00,-2.399112,-2.506258,16.590868,0.175344,-3.178335,-0.487438
0,92152.00,-4.068554,-1.868770,16.135347,0.189459,-3.885682,-0.615804
0,92175.00,-5.871480,-1.369553,15.455958,0.352180,-4.226039,-0.694102
0,92198.00,-6.260558,-1.456347,14.397068,0.589738,-4.255334,-0.680254
0,92221.00,-6.192320,-2.647523,13.101141,0.801196,-4.316321,-0.625125
0,92244.00,-6.879490,-4.017076,12.679740,0.721300,-4.514197,-0.507412
0,92267.00,-7.906057,-3.371208,10.712803,0.313298,-4.516594,-0.394226
0,92290.00,-8.029963,-1.611380,6.920793,-0.035315,-3.393522,0.043072
0,92313.00,-7.248217,-1.355187,4.800020,-0.050762,-2.812678,0.197538
0,92336.00,-7.223076,-1.696378,3.868030,-0.031321,-2.527449,0.195940
0,92359.00,-7.759405,-1.299519,3.085086,-0.090444,-2.208930,0.094738
0,92382.00,-7.719300,-0.344783,1.989084,-0.067806,-1.578284,0.083020
0,92405.00,-7.123712,-0.232848,1.579655,0.100508,-0.887716,0.138947
0,92428.00,-6.557454,-0.994243,1.823876,0.197981,-0.388365,0.122435
0,92451.00,-6.722064,-0.566258,2.746888,-0.020668,0.546418,0.133621
0,92474.00,-6.694529,-0.180771,3.429270,-0.103493,1.117941,0.087281
0,92497.00,-6.194714,-0.021549,4.236756,-0.142110,1.651381,-0.000605
0,92520.00,-5.752961,-0.302882,5.099909,-0.143441,2.091075,0.003923
0,92543.00,-5.670956,-0.742240,6.455695,-0.175932,2.437824,0.112848
0,92566.00,-5.956479,-0.778754,7.540923,-0.269411,2.756343,0.261454
0,92589.00,-6.385063,-1.350399,10.918715,-0.392717,3.549445,0.562663
0,92612.00,-6.853153,-2.114188,11.591519,-0.517355,3.989938,0.717661
0,92635.00,-6.535905,-1.484481,14.032533,-0.508833,4.318044,0.773588
0,92658.00,-5.588352,-0.569250,14.040913,-0.405767,4.625112,0.721389
0,92681.00,-4.945476,-1.013397,14.670021,-0.026793,4.547346,0.641493
0,92704.00,-4.710832,-2.807344,16.388548,0.299183,4.191276,0.486229
0,92727.00,-4.228375,-3.262266,17.192442,0.237396,3.907911,0.412991
0,92750.00,0.714706,-2.230313,18.699669,0.273616,3.617622,0.290750
0,92773.00,3.090473,-2.676255,19.027092,0.523424,2.996031,0.089412
0,92796.00,4.313973,-2.820513,18.924135,0.685081,1.958714,-0.130835
0,92819.00,3.315540,-2.897132,18.046019,0.739410,0.869465,-0.225112
0,92842.00,1.533564,-4.388795,18.384815,0.712245,0.099533,-0.319656
0,92865.00,1.391102,-5.123254,18.389603,0.343392,-0.160395,-0.335902
0,92888.00,2.804950,-3.399940,18.111862,-0.140246,-0.227242,-0.138292
0,92911.00,1.642506,-2.423654,17.156527,-0.319213,-1.639537,0.096070
0,92934.00,-0.275347,-1.657471,16.568720,-0.287521,-2.487767,-0.103670
0,92957.00,-3.035404,-2.081864,17.325926,-0.121869,-2.850495,-0.146814
0,92980.00,-2.381155,-1.160050,15.901901,-0.072867,-2.873931,-0.393959
0,93003.00,-3.174275,-1.169627,15.616977,0.172947,-3.045708,-0.381975
0,93026.00,-3.563951,-0.644672,14.643683,0.340196,-3.422019,-0.480780
0,93049.00,-5.996584,-1.565888,13.654828,0.794538,-3.956789,-0.524723
0,93072.00,-6.744211,-2.678051,12.257740,0.795337,-3.908852,-0.440565
0,93095.00,-6.777133,-3.365222,11.711236,0.527153,-3.820433,-0.384905
0,93118.00,-6.762169,-2.347036,9.818522,0.100242,-3.700589,-0.260799
0,93141.00,-7.023150,-1.677822,8.480096,-0.073399,-3.403110,-0.056532
0,93164.00,-6.924983,-1.196563,7.569654,-0.141843,-3.002564,0.110185
0,93187.00,-6.666995,-0.930793,5.921761,-0.183656,-2.640901,0.176498
0,93210.00,-6.812449,-0.902660,4.267882,-0.152763,-2.049138,0.080090
0,93233.00,-6.804668,-0.255594,3.285611,-0.073932,-1.641135,0.034550
0,93256.00,-6.508370,-0.268164,2.879773,0.115422,-1.196913,0.008717
0,93279.00,-6.388056,-0.545307,2.683438,0.259235,-0.793438,-0.050140
0,93302.00,-6.479639,-0.991849,2.717557,0.289329,-0.399817,-0.115655
0,93325.00,-6.668191,-1.233675,2.973151,0.199313,0.092343,-0.106067
0,93348.00,-6.415590,-1.183394,3.727962,-0.140778,1.311823,0.028158
0,93371.00,-6.149820,-1.238464,4.573158,-0.324006,1.841001,0.113647
0,93394.00,-6.479639,-1.230682,5.386630,-0.488592,2.288152,0.246274
0,93417.00,-6.279713,-0.726677,6.543088,-0.611899,2.739831,0.357330
0,93440.00,-6.548475,0.035316,7.813875,-0.583669,3.195771,0.455336
0,93463.00,-6.250980,-0.366332,9.420466,-0.417218,3.634401,0.480370
0,93486.00,-6.016337,-1.754441,11.722011,-0.277667,3.969964,0.559200
0,93509.00,-4.652171,-2.845654,15.039346,-0.543721,4.285287,0.860675
0,93532.00,-4.411541,-1.813700,15.282370,-0.633737,4.177161,1.090509
0,93555.00,-4.002711,-1.371948,15.370361,-0.462759,3.988074,1.088645
0,93578.00,-3.590887,-2.056125,15.739087,-0.182590,3.726015,0.989574
0,93601.00,-3.114417,-3.137761,16.453194,-0.003357,3.425339,0.872659
0,93624.00,-1.738878,-2.575694,16.920088,0.035526,3.161416,0.759473
0,93647.00,-0.124505,-1.771800,16.884172,0.202509,2.840500,0.577310
0,93670.00,2.202179,-2.648721,16.553755,0.777760,1.509166,-0.193687
0,93693.00,1.547930,-3.917114,16.493896,0.851264,0.659871,-0.338032
0,93716.00,1.030158,-4.413337,16.663895,0.613973,0.053992,-0.351615
0,93739.00,0.690762,-4.641397,17.508492,0.282671,-0.189957,-0.184365
0,93762.00,2.095632,-3.882396,17.962814,-0.069404,-0.311133,-0.052537
0,93785.00,2.849844,-3.298779,18.459637,-0.278466,-0.714874,0.117642
0,93808.00,0.633897,-1.598211,17.630602,-0.026793,-2.582843,-0.168653
0,93831.00,-1.886129,-2.509850,18.382420,0.315695,-3.409768,-0.441364
0,93854.00,-3.463389,-2.795971,18.129820,0.450186,-3.705649,-0.738311
0,93877.00,-4.183482,-2.510448,17.641376,0.566568,-3.672093,-0.836850
0,93900.00,-3.806975,-2.110596,16.656113,0.684814,-3.726955,-0.849900
0,93923.00,-4.498336,-2.165067,16.110806,0.827562,-4.117913,-0.776395
0,93946.00,-5.851129,-2.320100,15.508035,0.890147,-4.495289,-0.682650
0,93969.00,-6.600552,-3.261069,12.803047,0.476286,-4.332833,-0.356941
0,93992.00,-6.609530,-2.722346,11.176105,0.070680,-4.132028,-0.060793
0,94015.00,-6.885477,-1.865178,9.576696,-0.216679,-3.930690,0.199668
0,94038.00,-7.123712,-0.901463,7.824650,-0.407365,-3.648124,0.317382
0,94061.00,-7.481064,-0.669213,6.625692,-0.442785,-3.218283,0.393816
0,94084.00,-7.314060,-0.299889,4.917941,-0.501642,-2.692035,0.334160
0,94107.00,-6.506575,-0.426788,3.198218,-0.273672,-1.699992,0.277167
0,94130.00,-6.491610,0.069435,2.471541,-0.197504,-1.323415,0.242546
0,94153.00,-6.268340,0.656643,1.825073,-0.078992,-0.935920,0.133354
0,94176.00,-6.222249,0.193342,1.831658,0.127673,-0.516199,0.055589
0,94199.00,-6.320416,-0.656643,1.898699,0.183333,-0.064786,-0.022975
0,94222.00,-6.158201,-0.975687,2.123167,0.045380,0.442554,-0.091952
0,94245.00,-6.146229,-0.914033,2.551750,-0.131723,0.985580,-0.071978
0,94268.00,-5.887043,-0.401049,4.451048,-0.387923,2.203196,0.085950
0,94291.00,-5.681131,-0.339994,5.555429,-0.385526,2.781377,0.223371
0,94314.00,-5.710462,-0.539321,7.059065,-0.340785,3.237850,0.321643
0,94337.00,-6.048660,-0.993644,8.878751,-0.322142,3.638129,0.375173
0,94360.00,-6.190524,-1.807116,11.225188,-0.335458,4.079422,0.422845
0,94383.00,-6.623298,-2.753472,13.328602,-0.417485,4.535362,0.545352
0,94406.00,-5.329764,-3.610042,15.484092,-0.615627,4.953218,0.705943
0,94429.00,-3.059946,-1.124135,16.387949,-0.568755,4.964936,0.945098
0,94452.00,-2.266227,-1.385715,16.561537,-0.188982,4.455466,0.885443
0,94475.00,-1.829263,-2.048344,16.760864,0.197182,3.832543,0.765066
0,94498.00,-1.758631,-3.318533,17.507296,0.421424,3.203495,0.727515
0,94521.00,-1.464728,-3.942254,17.945456,0.424353,2.789101,0.771191
0,94544.00,-0.739846,-3.676484,18.784067,0.318358,2.533700,0.786372
0,94567.00,1.887326,-3.017447,17.188251,0.016084,1.894531,0.268379
0,94590.00,2.622982,-3.416700,17.094275,0.214227,1.228731,0.041208
0,94613.00,2.344043,-3.843488,16.899137,0.299183,0.410861,-0.101274
0,94636.00,1.164838,-3.956021,16.977551,0.272284,-0.365728,-0.184099
0,94659.00,0.090984,-4.172708,17.260080,0.228608,-0.822201,-0.260799
0,94682.00,0.126899,-4.048801,16.633368,0.204905,-1.111425,-0.210997
0,94705.00,0.358550,-3.617823,16.459179,0.180138,-1.658713,-0.271718
0,94728.00,-2.664284,-3.884192,16.550762,0.054168,-2.819602,-0.405944
0,94751.00,-3.107832,-2.654706,16.079679,0.024607,-3.000433,-0.493297
0,94774.00,-3.712399,-2.356613,15.345221,0.160963,-3.129333,-0.509010
0,94797.00,-3.810566,-2.062710,15.046529,0.358838,-3.366091,-0.606749
0,94820.00,-4.680903,-1.941797,14.631114,0.586276,-3.697393,-0.696499
0,94843.00,-5.469832,-2.521821,14.044504,0.762580,-3.915510,-0.801163
0,94866.00,-5.474621,-3.046178,12.552840,0.532479,-4.073704,-0.801163
0,94889.00,-5.766130,-2.552349,11.082726,0.317559,-4.055861,-0.631251
0,94912.00,-6.072604,-2.150103,9.682047,0.172148,-3.931222,-0.400617
0,94935.00,-6.720867,-1.874756,8.478300,0.010758,-3.650521,-0.199546
0,94958.00,-6.609530,-1.202549,6.957306,-0.148235,-3.194847,-0.073576
0,94981.00,-6.257565,-0.793120,5.520113,-0.252899,-2.715205,-0.058662
0,95004.00,-5.784686,-0.068837,4.326543,-0.235056,-2.330106,-0.058662
0,95027.00,-5.721237,0.474675,2.791781,0.129803,-1.823298,-0.019247
0,95050.00,-6.110913,0.368127,2.288974,0.276812,-1.480012,-0.054401
0,95073.00,-6.197707,-0.019753,1.925036,0.385204,-0.968144,-0.047477
0,95096.00,-6.280311,-0.721290,1.806517,0.360436,-0.383039,0.010847
0,95119.00,-6.353937,-1.262407,2.111794,0.164425,0.199403,0.042273
0,95142.00,-6.613122,-1.389905,2.862414,-0.120538,0.822326,0.078493
0,95165.00,-6.456294,-0.701537,3.592683,-0.403104,1.544054,0.125898
0,95188.00,-5.607506,-0.017359,5.559619,-0.518953,2.778182,0.242812
0,95211.00,-5.717645,-0.109540,6.957905,-0.426007,3.119870,0.286489
0,95234.00,-6.121089,-0.725480,8.782379,-0.320012,3.431198,0.296342
0,95257.00,-6.175560,-0.765585,10.960017,-0.293912,3.835739,0.298739
0,95280.00,-6.032498,-1.540747,11.701060,-0.320544,4.294875,0.404735
0,95303.00,-5.909790,-2.462562,14.277352,-0.255562,4.554004,0.557070
0,95326.00,-5.072375,-2.205172,16.557945,-0.465955,4.771587,0.809808
0,95349.00,-4.371437,-2.339853,17.424091,-0.394049,4.703942,0.876920
0,95372.00,-3.534022,-2.363198,17.563562,-0.300570,4.488489,0.955485
0,95395.00,-2.701994,-2.265030,18.142389,-0.135718,4.114842,0.957882
0,95418.00,-1.382123,-2.475731,18.793646,0.034727,3.689262,0.791964
0,95441.00,0.037711,-1.701766,19.039064,0.191057,3.263683,0.521916
0,95464.00,1.737680,-0.331015,17.357649,0.422755,2.731043,0.096869
0,95487.00,1.772398,-3.181458,17.008677,1.232901,0.751219,-0.536174
0,95510.00,0.433373,-3.903346,17.069134,1.036623,0.095538,-0.562806
0,95533.00,0.519568,-3.899755,17.579723,0.682950,-0.014186,-0.426450
0,95556.00,3.154521,-2.879773,17.215187,0.324217,-0.050671,-0.081566
0,95579.00,1.547332,-4.108659,18.073553,0.071479,-0.692237,0.153062
0,95602.00,1.971726,-2.373373,17.120611,-0.363422,-1.542597,-0.018448
0,95625.00,-1.234872,-0.100562,16.583685,-0.369814,-2.346884,0.028957
0,95648.00,-1.601204,-1.342018,17.284622,0.065087,-2.507741,-0.045346
0,95671.00,-1.486875,-1.623950,17.042795,0.268290,-2.912282,-0.179572
0,95694.00,-2.752874,-2.132145,16.991318,0.442463,-3.575952,-0.303677
0,95717.00,-4.383408,-1.871164,16.813540,0.472291,-4.151736,-0.337233
0,95740.00,-5.931338,-2.383549,16.856039,0.488803,-4.445220,-0.372920
0,95763.00,-6.119293,-2.758859,15.331453,0.350050,-4.538433,-0.452816
0,95786.00,-7.531345,-2.320100,12.400801,0.015019,-4.473717,-0.126574
0,95809.00,-7.733067,-1.465326,10.495518,-0.120804,-4.248676,0.097668
0,95832.00,-8.103588,-0.979278,8.763225,-0.195107,-3.986884,0.281162
0,95855.00,-8.282564,-0.675199,6.808858,-0.227066,-3.735744,0.324572
0,95878.00,-8.696782,-0.506399,5.747574,-0.196972,-3.368488,0.295011
0,95901.00,-8.773400,-0.116723,4.383408,-0.216946,-2.783649,0.151464
0,95924.00,-7.553493,0.526153,3.156317,-0.133055,-2.050469,-0.019247
0,95947.00,-5.600323,0.039506,1.944191,0.285867,-1.198245,-0.130302
0,95970.00,-5.889438,-0.262777,1.935212,0.343126,-0.982526,-0.142287
0,95993.00,-6.450907,-0.612348,2.081266,0.329810,-0.513003,-0.128172
0,96016.00,-6.259959,-0.422000,2.333867,0.230472,0.194077,-0.118584
0,96039.00,-5.723032,-0.441753,2.785796,0.124477,0.919000,-0.136428
0,96062.00,-5.278286,-0.685974,3.558564,0.001969,1.508633,-0.173713
0,96085.00,-5.554233,-0.365733,5.724229,-0.247573,2.434362,-0.063989
0,96108.00,-5.956479,0.049682,7.434375,-0.319479,2.919597,0.028957
0,96131.00,-6.275522,-0.186159,8.569284,-0.363954,3.446911,0.128294
0,96154.00,-6.103131,-0.813471,10.775055,-0.300038,3.908444,0.238551
0,96177.00,-5.957078,-2.200383,12.930545,-0.328268,4.268775,0.394881
0,96200.00,-5.634442,-1.947184,14.313267,-0.514958,4.500740,0.593556
0,96223.00,-5.326772,-0.978680,14.780160,-0.590859,4.581701,0.767196
0,96246.00,-4.494744,-1.389306,16.070103,-0.125598,4.324170,0.791432
0,96269.00,-3.487931,-2.538582,16.938044,0.042983,4.100727,0.710737
0,96292.00,-2.000458,-2.463759,17.588104,0.076006,3.835473,0.724053
0,96315.00,-0.242425,-1.867573,18.380625,0.121814,3.472212,0.685703
0,96338.00,1.695780,-0.595588,18.695478,0.246984,3.046632,0.532568
0,96361.00,3.332300,-0.517772,18.571571,0.592668,2.499610,0.234290
0,96384.00,3.915916,-1.919050,19.154589,0.886152,1.700650,-0.075174
0,96407.00,3.246703,-2.891146,19.404198,0.617435,0.388491,-0.397688
0,96430.00,3.609443,-2.776218,18.948080,0.323951,0.003125,-0.379312
0,96453.00,5.030474,-1.906480,18.218409,0.091187,-0.492230,-0.238695
0,96476.00,3.813559,-1.996267,17.981371,0.010758,-1.340993,0.075563
0,96499.00,1.063080,-2.614601,18.224396,-0.143708,-2.259264,0.216446
0,96522.00,-1.084629,-2.147110,18.095102,-0.329067,-2.799096,0.288353
0,96545.00,-2.940828,-1.018785,16.328091,-0.554107,-2.951697,0.020435
0,96568.00,-3.338286,-0.404641,15.956371,-0.336790,-3.131729,-0.091952
0,96591.00,-3.394552,0.359149,15.241068,-0.015341,-3.521356,-0.326048
0,96614.00,-4.519286,-0.594391,15.248849,0.447789,-4.045740,-0.507678
0,96637.00,-5.992393,-1.547930,14.634107,0.680820,-4.365591,-0.609412
0,96660.00,-5.756553,-1.507227,14.510798,0.693869,-4.362395,-0.586509
0,96683.00,-6.136652,-1.950177,12.354711,0.471492,-4.256400,-0.450952
0,96706.00,-6.746605,-1.403672,9.276209,0.029134,-3.978361,-0.012323
0,96729.00,-7.408038,-1.177409,8.385520,-0.117076,-3.585539,0.157057
0,96752.00,-7.050086,-0.702734,6.813048,-0.277667,-3.024935,0.213251
0,96775.00,-6.748401,-0.495026,5.785883,-0.357296,-2.470989,0.197005
0,96798.00,-6.077392,0.265770,4.278656,-0.359161,-2.060590,0.036947
0,96821.00,-5.755356,0.334008,3.186845,-0.149300,-1.759115,-0.027769
0,96844.00,-6.535905,-0.049682,1.888523,0.284801,-1.129801,-0.080767
0,96867.00,-6.969278,-0.812274,1.936409,0.334337,-0.622727,-0.163859
0,96890.00,-7.193746,-0.977483,2.157286,0.232603,0.123236,-0.139624
0,96913.00,-6.825020,-1.072058,2.695410,0.049374,0.948828,-0.103404
0,96936.00,-6.368901,-0.848189,3.423883,-0.171405,1.672953,-0.095415
0,96959.00,-5.936127,-0.449534,4.504322,-0.351970,2.258857,-0.086360
0,96982.00,-6.004964,-0.060457,5.840953,-0.449976,2.730244,0.003657
0,97005.00,-6.969278,0.126899,9.389939,-0.386059,3.445313,0.190347
0,97028.00,-6.833998,-0.791923,11.129416,-0.416420,4.025092,0.237752
0,97051.00,-6.334782,-1.567085,14.019962,-0.340518,4.604072,0.427106
0,97074.00,-4.763507,-2.023204,15.220118,-0.455569,4.989970,0.579707
0,97097.00,-3.826129,-1.714336,16.909313,-0.529339,4.960409,0.812471
0,97120.00,-2.728930,-0.684178,17.528843,-0.469950,4.710068,0.828184
0,97143.00,-1.953768,0.416612,17.026035,-0.178596,4.355063,0.738434
0,97166.00,-1.288745,-2.007640,17.536625,0.722898,3.259156,0.306729
0,97189.00,-0.988856,-2.560131,18.539846,0.645932,2.873258,0.233757
0,97212.00,0.838612,-2.044752,18.864279,0.440332,2.864203,0.268645
0,97235.00,3.425679,-1.727505,19.296453,0.401716,2.717727,0.341084
0,97258.00,5.006531,-1.380328,19.090542,0.397189,2.128360,0.307528
0,97281.00,4.950863,-1.916656,18.546431,0.392927,1.149367,0.075563
0,97304.00,2.928258,-3.551381,18.355484,0.081067,-0.754289,-0.112725
0,97327.00,2.562525,-2.491892,17.169695,-0.201765,-1.304773,0.021766
0,97350.00,0.651256,-2.734916,17.768276,-0.264351,-1.762311,0.147469
0,97373.00,-0.094576,-2.650516,17.199026,-0.424942,-2.151671,0.013244
0,97396.00,-1.183394,-1.437193,17.169695,-0.496582,-2.466728,-0.045879
0,97419.00,-1.962747,-0.713508,16.519636,-0.372477,-2.765273,-0.230705
0,97442.00,-2.329677,-0.718297,16.011440,-0.131191,-3.127202,-0.513005
0,97465.00,-4.063167,-1.507227,15.664265,0.418228,-3.848929,-0.601423
0,97488.00,-5.107691,-1.945987,15.110577,0.565503,-4.051600,-0.548958
0,97511.00,-5.611098,-2.045351,14.188763,0.541001,-4.123772,-0.481845
0,97534.00,-5.539866,-2.120174,14.236649,0.471492,-4.177835,-0.349750
0,97557.00,-5.876867,-1.957958,12.495377,0.196649,-4.190619,-0.282105
0,97580.00,-5.913381,-1.070263,10.629002,-0.028125,-4.095542,-0.207802
0,97603.00,-6.163588,-0.839809,8.171826,-0.044104,-3.555445,0.041474
0,97626.00,-6.308444,-0.729670,7.059663,-0.125065,-3.148774,0.112049
0,97649.00,-6.325803,-0.366332,5.393813,-0.267547,-2.698160,0.073965
0,97672.00,-5.909790,-0.310065,4.052393,-0.247040,-2.204136,0.048931
0,97695.00,-5.446488,-0.017957,3.116811,-0.143974,-1.734880,0.151997
0,97718.00,-5.318990,0.613545,2.238693,-0.029723,-1.377478,0.207392
0,97741.00,-5.547648,0.403444,1.930423,0.138325,-1.062155,0.140545
0,97764.00,-6.201897,-0.545307,2.690621,0.207569,-0.033361,0.040142
0,97787.00,-5.888240,-0.883505,3.256879,0.029667,0.678247,-0.011524
0,97810.00,-5.080755,-0.479463,3.602260,-0.202831,1.346710,-0.036291
0,97833.00,-4.769493,-0.251404,4.211616,-0.332262,1.855648,0.002325
0,97856.00,-4.811393,0.009577,4.938293,-0.378336,2.261520,0.073699
0,97879.00,-5.269907,-0.187356,6.345556,-0.335192,2.660468,0.153062
0,97902.00,-5.556028,-0.779951,8.363972,-0.297641,3.115343,0.179162
0,97924.00,-4.685691,-0.237637,11.844121,-0.395647,4.118038,0.275037
0,97947.00,-4.151757,-0.770374,11.683702,-0.387657,4.344676,0.383163
0,97970.00,-4.964630,-0.982271,13.839789,-0.168209,4.278096,0.522448
0,97993.00,-5.024488,-0.842203,14.759210,-0.097634,4.331627,0.476375
0,98016.00,-4.795830,-0.610553,16.076687,-0.018005,4.501539,0.489691
0,98039.00,-3.326314,-1.491664,17.035614,0.142853,4.627775,0.447879
0,98062.00,-2.191405,-3.080896,18.451855,0.187861,4.423773,0.567989
0,98085.00,0.398655,-2.036971,19.375465,-0.086183,3.673284,0.744027
0,98108.00,2.576891,-1.607788,19.614300,0.026205,3.234121,0.664930
0,98131.00,4.002112,-1.318075,19.073782,0.189459,2.515057,0.423377
0,98154.00,4.405556,-1.123536,17.707220,0.389465,1.491322,0.047067
0,98177.00,3.055157,-2.006443,17.928696,0.619832,0.424177,-0.224846
0,98200.00,1.973521,-3.560359,18.779879,0.589738,-0.224845,-0.379045
0,98223.00,2.884562,-0.164011,18.059786,-0.240915,-0.486904,-0.199279
0,98246.00,3.565148,0.352564,17.144554,-0.161019,-1.005695,-0.024041
0,98269.00,1.731695,-2.089047,18.217810,0.021677,-2.053399,0.035349
0,98292.00,-0.368726,-2.312917,18.988184,-0.104825,-2.992710,0.059051
0,98315.00,-3.607647,-2.628968,18.394991,-0.318414,-3.355971,0.204462
0,98338.00,-3.055756,-1.209732,16.630373,-0.437991,-3.370352,-0.017915
0,98361.00,-4.140983,-1.381525,15.576273,-0.166079,-3.629748,-0.043482
0,98384.00,-6.760373,-2.248868,14.127707,0.446724,-4.537633,-0.435772
0,98407.00,-7.548704,-2.510448,12.558228,0.561242,-4.457737,-0.517532
0,98430.00,-6.959701,-3.122198,11.742362,0.565503,-4.155198,-0.468795
0,98453.00,-6.290487,-3.326913,9.735919,0.330342,-3.950397,-0.449354
0,98476.00,-6.390450,-2.600834,8.362774,0.076273,-3.828156,-0.349750
0,98499.00,-6.680762,-1.716730,7.294307,-0.058485,-3.546656,-0.250147
0,98522.00,-6.094751,-0.821253,5.565007,-0.131457,-2.475250,-0.140955
0,98545.00,-5.976830,-0.537526,4.511505,-0.159421,-2.041947,-0.089289
0,98568.00,-5.729018,0.155631,3.202408,-0.170872,-1.764708,-0.151874
0,98591.00,-6.039681,0.354360,2.470942,-0.032919,-1.467495,-0.063722
0,98614.00,-6.535905,-0.136476,2.347634,0.086127,-1.060557,0.074498
0,98637.00,-6.683156,-0.666819,2.463759,0.025406,-0.495160,0.174368
0,98660.00,-6.580200,-0.000599,2.325487,-0.159154,0.172239,0.275037
0,98683.00,-6.320416,0.047288,3.752504,-0.314153,1.459897,0.277434
0,98706.00,-6.128272,0.439358,4.736571,-0.410294,2.093206,0.242279
0,98729.00,-5.764334,0.656643,6.083378,-0.410028,2.654076,0.190613
0,98752.00,-5.314201,0.190349,7.795918,-0.348508,3.150230,0.143741
0,98775.00,-4.660551,0.235242,8.939207,-0.332262,3.586996,0.193809
0,98798.00,-4.832344,-0.073027,9.330081,-0.258225,3.858376,0.317382
0,98821.00,-4.827555,-1.661062,12.307423,-0.144773,3.926021,0.384494
0,98844.00,-4.926321,-1.349800,15.509232,-0.423344,4.493549,0.772789
0,98867.00,-3.338884,-1.744265,16.327492,-0.418550,4.784904,0.973062
0,98890.00,-2.256052,-2.606221,17.464796,-0.305098,4.569450,1.124332
0,98913.00,-2.063308,-1.964543,17.478563,-0.358095,4.096200,1.158687
0,98936.00,-1.680217,-1.801130,17.410324,-0.216679,3.661831,1.014874
0,98959.00,-0.608757,-1.965141,17.620426,0.078137,3.331328,0.789035
0,98982.00,3.257477,-1.748455,18.099890,0.617435,2.224236,0.151198
0,99005.00,3.853065,-1.248041,17.412121,0.954597,1.392784,-0.147347
0,99028.00,3.640569,-2.833084,17.698841,1.296285,0.474778,-0.450419
0,99051.00,2.384746,-4.464217,18.283056,1.261131,-0.241357,-0.560143
0,99074.00,1.810109,-5.285470,18.478193,0.839813,-0.577186,-0.506080
0,99097.00,2.581081,-4.863470,18.377632,0.270686,-0.777459,-0.339364
0,99120.00,3.331103,-2.701994,17.759895,-0.255562,-1.253107,-0.120981
0,99143.00,-0.458513,-1.307301,17.133183,-0.316549,-2.834782,0.068372
0,99166.00,-2.317705,-1.661062,16.999699,-0.126397,-3.202038,-0.016584
0,99189.00,-2.830689,-2.870794,17.052973,0.015019,-3.376211,-0.150809
0,99212.00,-3.033010,-2.664284,16.581289,-0.113081,-3.617497,-0.303677
0,99235.00,-3.881797,-1.450362,15.473915,-0.223604,-3.938679,-0.318857
0,99258.00,-4.820372,-0.393268,14.194748,-0.092308,-4.228169,-0.280507
0,99281.00,-6.980651,-1.727505,12.042850,0.302911,-4.246546,-0.275713
0,99304.00,-6.754387,-1.866375,11.014487,0.234733,-3.997270,-0.215259
0,99327.00,-6.972869,-1.800531,9.488705,-0.010814,-3.732015,-0.158000
0,99350.00,-7.063854,-0.784141,7.680392,-0.257160,-3.477147,-0.189159
0,99373.00,-7.062058,0.301086,6.151616,-0.273406,-3.142116,-0.174245
0,99396.00,-7.552894,0.378902,5.095719,-0.125332,-2.670729,-0.114856
0,99419.00,-7.157232,0.518970,3.496311,-0.058485,-2.110392,-0.177441
0,99442.00,-6.360521,-0.362740,2.923469,0.052570,-1.002500,-0.101540
0,99465.00,-6.074998,0.498618,2.341649,-0.042240,-0.494361,0.003124
0,99488.00,-6.082779,0.889491,2.260840,0.003567,-0.028301,0.074498
0,99511.00,-6.077991,0.593194,2.826499,0.113291,0.407133,0.101662
0,99534.00,-6.564038,-0.221475,3.777046,0.124477,0.878786,0.092341
0,99557.00,-6.717275,-0.625517,4.661748,-0.042772,1.454038,0.003923
0,99580.00,-6.190524,-0.286720,5.486593,-0.247839,2.096934,-0.032297
0,99603.00,-5.596732,0.424394,7.440959,-0.359960,3.025326,0.072101
0,99626.00,-5.662576,0.208306,8.666255,-0.225468,3.308958,0.114446
0,99649.00,-5.790672,-0.742240,10.457209,-0.093906,3.603241,0.190613
0,99672.00,-6.116300,-1.541945,12.521714,-0.092308,3.908710,0.278765
0,99695.00,-4.523476,-3.013855,13.523739,-0.306962,4.315914,0.399142
0,99718.00,-4.122427,-3.518459,15.467331,-0.439323,4.494082,0.787969
0,99741.00,-3.353250,-2.617594,16.444216,-0.918167,4.239746,1.460161
0,99764.00,-3.097656,-1.712540,16.541185,-0.804182,4.079954,1.498245
0,99787.00,-1.735286,-2.237495,16.601044,-0.481135,3.879682,1.269210
0,99810.00,-0.652453,-3.040791,17.653349,-0.178063,3.468483,1.045767
0,99833.00,0.763789,-1.397088,17.573139,0.023808,2.940370,0.708340
0,99856.00,1.951972,-0.208306,16.879982,0.497858,2.332894,0.257193
0,99879.00,2.736113,-1.306702,17.252300,1.157000,1.583735,-0.306074
0,99902.00,1.765215,-5.279484,18.069962,1.328776,0.222040,-0.838181
0,99925.00,1.581451,-6.446118,17.794016,0.857390,0.036415,-0.800630
0,99948.00,2.980933,-5.262125,17.380396,0.237130,-0.204072,-0.480513
0,99971.00,2.253657,-3.572331,16.007851,-0.215348,-0.969476,-0.095681
0,99994.00,0.799106,-2.488899,16.156298,-0.272873,-1.981226,-0.214193
0,100017.00,-1.521593,-2.847450,16.832096,-0.118141,-2.558076,-0.149211
0,100040.00,-2.159680,-2.643333,15.950386,-0.080323,-2.678985,-0.399818
0,100063.00,-2.769634,-2.710973,15.801339,0.029134,-2.871002,-0.469594
0,100086.00,-2.715762,-2.068097,15.320679,0.174279,-3.294451,-0.666139
0,100109.00,-4.076935,-2.057921,15.160259,0.439001,-3.813775,-0.773732
0,100132.00,-5.296843,-2.180630,14.227072,0.580150,-4.146143,-0.868276
0,100155.00,-5.591943,-2.983327,14.570058,0.669101,-4.272379,-0.893842
0,100178.00,-6.094751,-3.146141,12.439110,0.356708,-4.247344,-0.870406
0,100201.00,-6.805266,-1.787363,9.851445,-0.121070,-3.717101,-0.387834
0,100224.00,-6.872906,-1.128325,8.733894,-0.256894,-3.257699,-0.135629
0,100247.00,-6.297670,0.190349,6.702909,-0.398043,-2.842239,-0.022709
0,100270.00,-6.422175,0.017359,5.609900,-0.312288,-2.520258,0.018837
0,100293.00,-6.347352,0.237038,4.375627,-0.240915,-2.227306,-0.051205
0,100316.00,-6.532314,0.740445,3.304167,-0.135718,-1.866442,-0.006197
0,100339.00,-6.646044,0.620728,2.967764,0.052837,-1.432873,0.031354
0,100362.00,-6.281508,0.817063,2.353022,0.160963,-0.437368,0.007651
0,100385.00,-6.374887,0.329818,2.777416,0.233934,0.032420,0.027625
0,100408.00,-6.668790,-0.263974,3.523846,0.147114,0.534168,0.007119
0,100431.00,-6.619707,0.126301,3.974577,-0.086981,1.152829,-0.012323
0,100454.00,-5.992992,0.294502,4.736571,-0.210554,1.788536,0.050263
0,100477.00,-5.593739,0.455520,5.560817,-0.272873,2.285755,0.190347
0,100500.00,-6.216862,0.153835,8.396894,-0.219609,2.932913,0.346677
0,100523.00,-5.947500,-0.463900,9.439621,-0.250236,3.384859,0.437492
0,100546.00,-5.596732,-0.531540,11.537647,-0.217745,3.818694,0.598616
0,100569.00,-4.707839,-2.266826,13.081986,-0.174335,4.148665,0.761337
0,100592.00,-4.056583,-4.085315,14.967516,-0.306429,4.294342,1.101961
0,100615.00,-3.732751,-4.346296,15.891725,-0.668092,4.346008,1.446579
0,100638.00,-3.537613,-3.729758,16.217354,-0.969300,4.354264,1.624747
0,100661.00,-1.854404,-3.027622,15.763030,-0.792464,4.087145,1.606371
0,100684.00,-1.165437,-3.071917,15.626554,-0.469950,3.556901,1.544052
0,100707.00,-1.465326,-3.173078,16.349041,-0.109885,2.908145,1.327268
0,100730.00,-1.283358,-3.741729,17.668314,0.213694,2.474843,0.827385
0,100753.00,0.355557,-3.721378,17.668911,0.401183,2.306528,0.236420
0,100776.00,2.405697,-3.291596,16.485518,0.629153,1.916369,-0.232836
0,100799.00,3.444235,-3.340680,16.046757,0.936487,0.993304,-0.590237
0,100822.00,0.914033,-5.441101,17.242123,1.065918,-0.946040,-0.706886
0,100845.00,0.471083,-5.108888,17.240328,0.680820,-1.148177,-0.602754
0,100868.00,-0.263376,-4.692276,16.827906,0.345522,-1.219551,-0.341494
0,100891.00,1.093009,-3.028820,15.775600,0.111161,-1.624624,-0.389965
0,100914.00,-0.539321,-3.246104,16.555552,0.188394,-2.446221,-0.421923
0,100937.00,-1.819087,-2.420063,15.851022,0.146315,-3.185792,-0.662676
0,100960.00,-4.654565,-2.189010,15.086035,0.518098,-3.461167,-0.786515
0,100983.00,-4.692874,-2.048943,14.231261,0.717305,-3.504844,-0.850965
0,101006.00,-4.826358,-2.049541,13.659019,0.864847,-3.746929,-0.917545
0,101029.00,-5.351912,-1.928029,12.472033,0.898669,-4.028430,-0.905560
0,101052.00,-6.236615,-2.678650,12.250557,0.874701,-4.173840,-0.767340
0,101075.00,-6.541292,-2.497280,10.706817,0.563905,-4.099537,-0.617668
0,101098.00,-7.184767,-2.169856,9.586872,0.269888,-3.777289,-0.287964
0,101121.00,-6.844773,-0.742240,7.153641,-0.313620,-2.837712,0.326969
0,101144.00,-6.798682,0.273551,5.298638,-0.493386,-2.441694,0.451074
0,101167.00,-7.021354,0.578229,4.415133,-0.446780,-2.104266,0.383962
0,101190.00,-6.965686,0.805091,3.614232,-0.327735,-1.729287,0.231360
0,101213.00,-6.977059,1.011003,3.001883,-0.139180,-1.256303,0.189282
0,101236.00,-6.816041,0.927800,2.712769,0.066153,-0.760681,0.120837
0,101259.00,-6.696325,0.297495,2.940828,0.246984,0.145340,-0.108198
0,101282.00,-6.627488,0.283129,3.472368,0.202242,0.692894,-0.121514
0,101305.00,-6.476645,0.050879,4.214608,0.106367,1.287321,-0.074109
0,101328.00,-6.264748,-0.375909,5.002341,-0.028125,1.850056,0.009516
0,101351.00,-6.013344,-0.372916,5.867290,-0.198303,2.363521,0.128827
0,101374.00,-5.736800,-0.504005,7.215893,-0.335192,2.854615,0.284092
0,101397.00,-5.837361,-0.530941,8.273585,-0.449710,3.322007,0.475576
0,101420.00,-5.732610,-2.533793,12.558826,-0.481934,3.973426,0.830581
0,101443.00,-5.496170,-3.077903,14.670620,-0.647319,4.248002,1.075595
0,101466.00,-4.883822,-2.196792,15.676236,-0.812438,4.522845,1.305429
0,101489.00,-3.875812,-1.538353,15.736692,-0.748254,4.583033,1.365352
0,101512.00,-2.886357,-1.984296,16.137144,-0.459563,4.331627,1.270542
0,101535.00,-2.194398,-2.435027,16.014435,-0.248904,3.858642,1.144572
0,101558.00,-1.971127,-3.429869,17.571342,-0.029723,3.398707,1.017804
0,101581.00,2.288375,-2.889350,17.819155,0.180138,2.836505,0.528574
0,101604.00,3.583105,-2.877977,16.964382,0.437669,2.069503,0.258525
0,101627.00,3.095262,-4.078731,16.525621,0.644067,0.923794,-0.030166
0,101650.00,0.914033,-5.262723,17.041599,0.589205,-0.077037,-0.220052
0,101673.00,-0.247813,-5.265118,17.036810,0.280540,-0.403546,-0.336967
0,101696.00,0.571046,-4.819774,16.862024,0.007562,-0.277842,-0.310069
0,101719.00,1.838841,-2.473336,15.581061,-0.232925,-1.176407,-0.329510
0,101742.00,0.083203,-1.942395,16.061123,0.023541,-2.150073,-0.437636
0,101765.00,-1.571874,-2.734916,17.099062,0.288796,-2.824396,-0.600890
0,101788.00,-3.217372,-3.455009,17.018852,0.274149,-3.084590,-0.760682
0,101811.00,-3.362229,-2.242284,16.093447,0.218754,-3.127468,-0.872270
0,101834.00,-3.554374,-1.887924,15.170435,0.404646,-3.297647,-0.887717
0,101857.00,-4.028450,-1.773595,14.362350,0.631284,-3.682479,-0.937253
0,101880.00,-6.579003,-2.536786,13.133464,0.903729,-4.153067,-0.894908
0,101903.00,-6.607735,-3.155120,12.676148,0.801463,-3.996471,-0.821137
0,101926.00,-6.555060,-3.203605,10.408125,0.397189,-3.793535,-0.744969
0,101949.00,-6.377281,-2.244080,9.103219,0.024074,-3.599121,-0.529516
0,101972.00,-6.534110,-1.289343,7.873135,-0.175400,-3.308566,-0.252011
0,101995.00,-6.974665,-0.512984,6.637664,-0.271808,-2.939979,-0.114057
0,102018.00,-6.763366,-0.004789,4.296015,-0.206559,-2.092814,-0.137227
0,102041.00,-6.491012,0.276544,3.305963,-0.111749,-1.698128,-0.139890
0,102064.00,-6.344958,0.633897,2.560729,0.030732,-1.324481,-0.046145
0,102087.00,-6.625692,0.721889,2.259044,0.188394,-0.986787,0.014842
0,102110.00,-7.036917,0.180173,2.401507,0.273350,-0.566001,0.018571
0,102133.00,-7.139275,-0.395063,2.818717,0.231271,0.028692,0.080357
0,102156.00,-6.996214,-0.857168,3.571134,0.041651,0.711271,0.199668
0,102179.00,-6.441928,0.462703,3.995528,-0.377803,1.839403,0.264118
0,102202.00,-6.831604,0.869738,4.708437,-0.337855,2.221040,0.244410
0,102225.00,-7.457121,0.574638,6.286895,-0.194841,2.658071,0.197804
0,102248.00,-7.631907,-0.196933,8.166440,-0.083519,3.234388,0.171172
0,102271.00,-6.141440,-0.795514,10.201016,-0.074997,3.908178,0.249204
0,102294.00,-5.449481,-2.170455,11.936901,-0.067274,4.362520,0.518453
0,102317.00,-4.581538,-4.189468,15.041740,-0.216679,4.450406,0.763202
0,102340.00,-4.073343,-2.565518,17.795811,-1.060115,4.534563,1.492386
0,102363.00,-2.555342,-0.913435,17.405537,-1.019102,4.604871,1.596517
0,102386.00,-1.099593,-1.154064,17.009874,-0.542922,4.304196,1.435660
0,102409.00,0.146652,-1.964543,17.703032,0.016883,3.635466,1.050028
0,102432.00,1.036144,-1.731096,17.702433,0.408640,2.875122,0.554939
0,102455.00,1.801130,-1.416242,17.046986,0.824100,2.171237,0.084618
0,102478.00,1.396489,-3.762680,17.732361,1.399085,0.788503,-0.564404
0,102501.00,1.134909,-5.278286,18.451258,1.138091,0.505139,-0.740442
0,102524.00,2.297952,-5.580570,18.401575,0.563905,0.452674,-0.708484
0,102547.00,3.865037,-4.476787,17.819155,-0.029456,0.136818,-0.459474
0,102570.00,3.755497,-3.171880,17.227160,-0.374607,-0.744702,-0.156136
0,102593.00,2.041759,-2.180630,17.653349,-0.423610,-1.884286,-0.021111
0,102616.00,-0.539321,-1.886727,18.191473,-0.312821,-2.646494,-0.087425
0,102639.00,-1.630534,-2.845654,17.370819,0.159631,-3.128533,-0.385171
0,102662.00,-2.402105,-2.818119,16.743505,0.168952,-3.687806,-0.658149
0,102685.00,-4.484568,-2.222531,16.489708,0.195052,-4.138952,-0.785450
0,102708.00,-5.649407,-1.078044,15.257229,0.284801,-4.160790,-0.824599
0,102731.00,-5.658984,-1.188782,14.231860,0.553252,-3.920569,-0.781189
0,102754.00,-4.959842,-1.841235,12.891638,0.693070,-3.830820,-0.701027
0,102777.00,-6.270135,-3.334694,11.500535,0.271219,-4.154399,-0.228575
0,102800.00,-6.892061,-2.042957,9.689229,-0.286988,-3.945071,0.023631
0,102823.00,-7.515782,-0.919420,8.348408,-0.557836,-3.387397,0.300870
0,102846.00,-6.768753,0.041901,6.392844,-0.688066,-2.730385,0.375706
0,102869.00,-6.552067,-0.440556,5.693103,-0.672087,-2.202272,0.339486
0,102892.00,-5.736800,0.172391,4.348092,-0.687800,-1.826761,0.231893
0,102915.00,-5.496170,0.230454,3.590887,-0.517355,-1.512236,0.296875
0,102938.00,-5.798453,1.335434,2.442809,-0.098966,-1.017680,0.341351
0,102961.00,-6.064822,0.859562,2.595447,0.168952,-0.727125,0.205527
0,102984.00,-6.394042,-0.043696,2.941427,0.258436,-0.288495,0.120305
0,103007.00,-6.203094,-0.463900,3.172479,0.142853,0.263054,0.052659
0,103030.00,-5.658385,-0.372317,3.281421,-0.016407,0.805814,0.063046
0,103053.00,-5.677540,-0.735057,4.127814,-0.102428,1.247639,0.174634
0,103076.00,-5.917571,-0.606362,5.005334,-0.230528,1.669490,0.289152
0,103099.00,-5.720039,-0.101160,7.077022,-0.203630,2.767795,0.480902
0,103122.00,-5.368672,-1.499445,8.527983,-0.027326,3.165944,0.560532
0,103145.00,-5.371067,-2.673861,10.048977,-0.031587,3.394979,0.649749
0,103168.00,-6.173165,-2.942624,11.172513,-0.157823,3.647717,0.751750
0,103191.00,-4.890406,-3.096459,12.887447,-0.200967,4.063709,0.782110
0,103214.00,-4.231967,-3.179662,13.964893,-0.085916,4.367846,0.859343
0,103237.00,-2.606221,-3.077305,15.695989,0.059495,4.161448,0.830847
0,103260.00,-2.856428,-2.599637,16.314323,0.255773,3.787801,0.789035
0,103283.00,-2.233305,-2.784598,17.134378,0.501053,3.499909,0.690230
0,103306.00,-1.520396,-2.593053,16.812342,0.567101,3.238649,0.701682
0,103329.00,-1.093009,-3.310751,17.967005,0.636610,2.891367,0.656407
0,103352.00,-0.530343,-3.901551,18.557804,0.373486,2.554472,0.423643
0,103375.00,0.424394,-2.824105,17.522858,-0.034250,2.351803,0.166378
0,103398.00,5.024488,-1.006214,16.049751,0.203307,1.669490,-0.198747
0,103421.00,4.233763,-2.943821,16.749491,0.493596,0.541891,-0.209400
0,103444.00,6.869315,-3.081495,17.968203,0.395591,-0.661344,-0.237363
0,103467.00,1.136107,-5.115473,19.614300,0.087192,-1.407573,0.089145
0,103490.00,5.190295,-2.992306,19.614300,-0.554640,-1.513302,-0.098344
0,103513.00,3.970387,-4.070949,19.614300,-0.640128,-1.599856,0.399408
0,103536.00,2.590658,-3.143148,19.614300,-0.359960,-3.363961,0.206326
0,103559.00,-0.863154,-1.651485,19.614300,0.082664,-4.374113,-0.406743
0,103582.00,-4.506117,-3.007271,19.614300,1.159397,-4.989046,-1.499188
0,103605.00,-4.564778,-4.607876,19.614300,1.715473,-5.071073,-2.338363
1,103628.00,-3.820143,-4.943680,19.614300,1.479780,-4.862811,-2.032095
1,103651.00,-9.346243,-6.524532,17.384586,0.690141,-4.732580,-0.946041
1,103674.00,-11.094099,-6.619707,13.432755,-0.194575,-4.568793,-0.851497
0,103697.00,-14.031934,-3.711800,6.968679,-1.596750,-2.812145,0.189015
0,103720.00,-13.475852,-0.391472,3.229344,-2.197036,-1.682948,0.016440
0,103743.00,-11.195259,1.316878,0.522561,-2.107819,-0.561473,-0.166788
0,103766.00,-9.675462,0.495625,-0.003591,-1.808475,0.234291,0.063046
0,103789.00,-7.880917,1.603598,-0.402845,-1.860940,0.383697,0.127762
0,103812.00,-6.939349,5.080156,-2.784598,-1.646286,0.018306,0.112049
0,103835.00,-7.017164,5.525500,-2.625974,-0.396446,-0.531113,0.212984
0,103858.00,-8.564496,0.242425,1.797539,1.153005,-0.824864,0.247606
0,103881.00,-9.530605,-1.209732,3.431066,0.621164,-0.194751,0.384761
0,103904.00,-9.265434,-1.481488,3.228147,-0.022266,0.799156,0.560532
0,103927.00,-8.708156,-1.632929,4.459428,-0.302435,1.668692,0.846294
0,103950.00,-8.449569,-1.190578,6.629284,-0.552243,2.047932,0.937641
0,103973.00,-8.271790,0.265770,7.017763,-0.650781,2.347542,0.751217
0,103996.00,-6.890265,-0.771571,9.799368,0.217955,3.408029,0.945098
0,104019.00,-6.038485,-1.887924,12.133235,0.643801,3.760636,1.256693
0,104042.00,-3.715392,-2.828295,12.601924,0.791875,3.741461,1.448177
0,104065.00,-2.973750,-3.783031,13.811058,0.931161,3.316414,1.745923
0,104088.00,-4.339712,-6.050456,13.436346,0.845672,2.743560,2.127826
0,104111.00,-6.846569,-6.344958,15.886338,0.794006,2.345411,2.186150
0,104134.00,-6.796288,-6.496399,17.188850,0.526886,2.808276,1.850054
0,104157.00,0.048485,-4.004507,19.573597,0.636877,4.299668,1.300902
0,104180.00,1.884931,-3.101846,19.614300,1.107198,3.765963,0.654543
0,104203.00,3.442439,-2.963574,19.614300,1.341027,2.732108,-0.583047
0,104226.00,4.185278,-3.620217,19.119274,1.402014,1.764567,-1.502917
0,104249.00,5.044840,-4.476787,18.058588,1.445158,0.882514,-1.694933
0,104272.00,4.792239,-5.579971,17.336102,1.115720,-0.031496,-1.129269
0,104295.00,3.329906,-5.077163,18.227987,0.442197,-0.942311,-0.352680
0,104318.00,-1.084030,-3.696237,18.292034,-0.542123,-1.938881,0.352802
0,104341.00,0.034119,-2.497280,17.567751,-0.734406,-2.101603,-0.064255
0,104364.00,-1.422228,-3.013855,16.936848,-0.602844,-2.388164,-0.149478
0,104387.00,-0.878118,-2.126758,16.583086,-0.369015,-2.782051,-0.547892
0,104410.00,-2.417668,-2.505061,17.173286,0.001703,-3.212424,-0.571062
0,104433.00,-3.025228,-1.845425,16.325697,0.252044,-3.592996,-0.657084
0,104456.00,-5.529691,-3.047974,16.312527,0.692005,-4.089950,-0.689308
0,104479.00,-5.089734,-3.476558,16.865616,0.597728,-4.241752,-0.828328
0,104502.00,-5.336947,-3.722575,15.449972,0.170550,-4.385831,-0.862683
0,104525.00,-5.676941,-3.201809,14.412033,-0.204695,-4.411664,-0.743904
0,104548.00,-6.050456,-2.045351,12.861709,-0.475010,-4.300342,-0.492498
0,104571.00,-6.665199,-1.149275,11.688490,-0.591126,-4.124571,-0.219253
0,104594.00,-6.909420,0.100562,8.462138,-0.625747,-3.889144,-0.131634
0,104617.00,-7.818664,0.074224,4.297213,-0.335991,-3.369820,-0.376649
0,104640.00,-7.960528,0.803894,2.326086,-0.195107,-2.882453,-0.310335
0,104663.00,-8.098800,1.215718,1.122339,0.037124,-2.256601,-0.071446
0,104686.00,-8.222108,0.882308,0.445943,0.176942,-1.558043,0.125365
0,104709.00,-8.143694,0.550694,0.524955,0.246451,-0.809684,0.236154
0,104732.00,-7.866550,-0.084400,1.380328,0.204106,-0.084494,0.244943
0,104755.00,-5.662576,-0.143061,2.876181,-0.122668,1.115545,0.076096
0,104778.00,-5.055614,0.508195,3.496910,-0.208157,1.417285,0.130691
0,104801.00,-4.781465,0.317846,4.243939,-0.178862,1.590660,0.215647
0,104824.00,-5.361489,0.134681,5.597929,-0.126663,1.707042,0.305131
0,104847.00,-6.260558,-0.314854,7.236844,-0.004955,2.042871,0.394881
0,104870.00,-6.243199,-0.800303,8.814703,0.097578,2.613595,0.379701
0,104893.00,-5.211844,-0.781747,9.857430,0.195851,3.205359,0.322708
0,104916.00,-3.589690,-1.798137,12.454075,0.419027,3.611231,0.364254
0,104939.00,-4.214608,-3.061143,13.653032,0.396922,3.660233,0.572516
0,104962.00,-3.141353,-3.923698,15.391910,0.231537,3.810438,0.765599
0,104985.00,-2.948610,-3.375398,15.603807,0.087458,3.887938,0.952023
0,105008.00,-2.295558,-3.359835,16.618402,0.094649,3.991004,1.079590
0,105031.00,-1.491664,-3.736342,17.228954,0.089056,3.981948,1.179460
0,105054.00,-0.073625,-3.975176,18.601501,0.149511,3.751049,1.195972
0,105077.00,3.067129,-3.438249,19.614300,0.315961,3.401371,0.997830
0,105100.00,5.617084,-3.179063,19.614300,0.427815,3.190711,0.393017
0,105123.00,7.615745,-2.341050,19.380854,0.460573,2.556603,-0.422988
0,105146.00,8.095208,-1.893312,16.620796,0.624892,1.293446,-0.814479
0,105169.00,5.501557,-2.804950,16.222141,0.723697,-0.203007,-0.548159
0,105192.00,2.229714,-3.673491,16.755478,0.548458,-1.207034,-0.236032
0,105215.00,0.572243,-3.288005,16.123375,-0.146105,-1.029664,0.010048
0,105238.00,1.568282,-2.775021,16.282598,-0.244643,-0.930327,0.015108
0,105261.00,2.778613,-2.129152,15.576273,-0.227865,-1.426748,-0.002735
0,105284.00,1.355187,-3.666907,16.782413,-0.255562,-2.427312,-0.076772
0,105307.00,0.454922,-2.415873,15.740883,-0.530138,-3.180466,-0.340962
0,105330.00,-2.457773,-2.194996,16.711182,-0.305897,-3.403909,-0.147880
0,105353.00,-3.482544,-1.444376,15.269201,-0.208956,-3.139186,-0.238695
0,105376.00,-2.356014,-2.430837,14.838821,0.396922,-2.805487,-0.559611
0,105399.00,-2.227918,-2.435027,14.169608,0.392395,-3.173542,-0.680520
0,105422.00,-2.778613,-2.370380,13.924788,0.305574,-3.765305,-0.685314
0,105445.00,-4.328339,-2.706783,13.179555,0.002236,-4.179433,-0.596629
0,105468.00,-5.393813,-2.053731,11.457438,-0.402571,-4.179699,-0.436304
0,105491.00,-6.080984,-0.863154,9.787396,-0.616160,-3.803655,-0.097279
0,105514.00,-6.582594,0.343585,6.015738,-0.751450,-2.725591,0.385826
0,105537.00,-6.944137,0.392071,4.363655,-0.671821,-2.313061,0.295810
0,105560.00,-6.857343,1.016989,2.807943,-0.515224,-1.897069,0.065443
0,105583.00,-6.675973,1.210929,2.311121,-0.176998,-1.402513,-0.041618
0,105606.00,-6.322212,0.657840,2.524814,0.144983,-0.849898,-0.114856
0,105629.00,-5.485395,0.233447,2.795373,0.288530,-0.285033,-0.143618
0,105652.00,-4.735972,0.430380,2.867801,0.298650,0.184489,-0.050939
0,105675.00,-5.223217,0.000599,3.797397,0.195052,0.647620,0.137616
0,105698.00,-5.579971,-0.184962,4.430696,0.095714,0.943768,0.096602
0,105721.00,-5.658385,-0.322635,5.591943,0.040852,1.390387,0.090743
0,105744.00,-5.354905,-0.192743,6.295874,0.014753,1.917168,0.127229
0,105767.00,-5.017904,-0.413021,7.402052,0.084529,2.356596,0.158122
0,105790.00,-4.596503,-0.459112,8.685410,0.143652,2.669789,0.171705
0,105813.00,-4.339712,-0.316051,10.497912,0.193986,2.943832,0.138681
0,105836.00,-3.614232,-1.368955,13.113112,0.340462,3.460494,0.277167
0,105859.00,-2.634953,-2.110596,14.407843,0.331141,3.676745,0.373575
0,105882.00,-1.494657,-2.709776,16.131157,0.329011,3.820292,0.487028
0,105905.00,-0.197532,-3.052763,17.488140,0.283470,3.862637,0.534965
0,105928.00,1.045721,-2.887554,17.614441,0.223548,3.746255,0.466255
0,105951.00,2.254854,-2.240488,17.252897,0.223281,3.422143,0.287820
0,105974.00,4.202038,-2.081864,17.817959,0.483743,2.526775,0.012711
0,105997.00,5.127444,-2.215947,18.354885,0.566835,2.129159,-0.031764
0,106020.00,5.699089,-1.764617,18.290239,0.593733,1.679877,-0.114323
0,106043.00,5.931937,-1.589831,18.017885,0.590271,1.161352,-0.228042
0,106066.00,5.859509,-1.986690,17.836514,0.507179,0.581306,-0.298351
0,106089.00,5.446488,-2.965370,17.922710,0.264561,0.012713,-0.259734
0,106112.00,5.276491,-2.877378,16.815933,-0.161817,-0.626189,-0.115389
0,106135.00,2.385944,-1.820285,16.123974,-0.518154,-1.809982,0.194608
0,106158.00,1.043925,-1.545536,15.736094,-0.421213,-2.143149,0.123501
0,106181.00,-0.358550,-1.781975,15.519407,-0.228664,-2.325578,-0.055200
0,106204.00,-0.200525,-1.742469,15.299129,-0.040109,-2.443824,-0.301280
0,106227.00,-0.602172,-2.372775,15.413459,0.120482,-2.611872,-0.425385
0,106250.00,-0.914632,-2.423654,14.325239,-0.019336,-2.845702,-0.493829
0,106273.00,-3.936867,-2.075879,13.110120,-0.199102,-3.020674,-0.106334
0,106296.00,-4.662945,-1.714336,11.845917,-0.206293,-2.822798,-0.115122
0,106319.00,-4.225383,-1.312089,11.073747,-0.145572,-2.631846,-0.221384
0,106342.00,-3.470572,-1.158254,9.728137,-0.097368,-2.637439,-0.288763
0,106365.00,-3.710005,-1.806517,9.133746,-0.136251,-2.895504,-0.240293
0,106388.00,-4.649178,-1.720322,8.269396,-0.376471,-3.117881,-0.124177
0,106411.00,-6.100737,-0.921216,7.342792,-0.622818,-2.936250,0.120305
0,106434.00,-6.630481,0.277742,4.248129,-0.767696,-1.656582,0.134686
0,106457.00,-5.882255,0.479463,3.321526,-0.595919,-1.100772,0.084085
0,106480.00,-5.541064,0.679988,3.069523,-0.340252,-0.727657,0.044670
0,106503.00,-5.227407,1.183993,2.576891,-0.112548,-0.425384,-0.014453
0,106526.00,-5.205858,1.090016,2.721149,0.137260,-0.165988,-0.018981
0,106549.00,-5.360292,0.503407,3.519057,0.297851,0.097403,0.010048
0,106572.00,-5.791270,-0.201123,4.382211,0.261365,0.426841,0.038278
0,106595.00,-5.216633,-0.214891,5.683526,-0.074198,1.406633,0.051062
0,106618.00,-4.876639,0.029330,5.896621,-0.143974,1.846327,0.187684
0,106641.00,-4.722804,-0.001197,6.732838,-0.077128,2.127828,0.269444
0,106664.00,-5.132832,-0.559673,7.871938,0.059495,2.348607,0.269710
0,106687.00,-5.420150,-1.490466,9.354623,0.176942,2.615993,0.185820
0,106710.00,-4.567173,-2.019013,11.459832,0.189193,3.009880,0.069704
0,106733.00,-3.605851,-2.515237,13.635075,0.130336,3.538259,0.253199
0,106756.00,-3.085086,-2.649918,14.722097,0.080268,3.639727,0.428704
0,106779.00,-2.399711,-2.498477,15.864789,0.094649,3.738798,0.538161
0,106802.00,-0.900864,-2.680445,17.483351,0.078403,3.802182,0.574913
0,106825.00,1.403074,-3.179662,18.643402,0.061891,3.843728,0.609002
0,106848.00,3.986549,-3.050368,19.614300,0.158299,3.682871,0.540025
0,106871.00,6.514356,-1.623351,18.968431,0.286399,3.108951,0.223104
0,106894.00,6.876498,-1.136705,17.127195,0.812382,0.819663,-0.218188
0,106917.00,4.454041,-2.764845,17.474373,0.779891,-0.106599,0.014842
0,106940.00,2.056125,-4.170313,17.987955,0.524756,-0.367592,0.247872
0,106963.00,2.962377,-4.658755,18.107672,0.117552,-0.139356,0.112582
0,106986.00,5.657787,-4.259502,17.471380,-0.220941,-0.092484,-0.046678
0,107009.00,6.511962,-3.468178,16.974558,-0.353302,-0.744435,0.004722
0,107032.00,2.311719,-2.350627,17.286419,-0.278199,-2.843305,-0.047743
0,107055.00,0.028133,-3.175472,18.256718,-0.081921,-3.211892,-0.103138
0,107078.00,-0.675199,-3.043185,17.202019,-0.005221,-3.175139,-0.242423
0,107101.00,-1.129522,-3.598070,16.917692,0.011291,-3.245981,-0.446691
0,107124.00,-1.310892,-3.007869,15.631941,-0.174335,-3.555445,-0.663209
0,107147.00,-3.435256,-2.701994,14.798118,-0.184987,-3.845468,-0.597694
0,107170.00,-5.286667,-2.205771,13.917006,-0.143974,-3.820700,-0.576122
0,107193.00,-5.238182,-1.251034,11.373636,0.046711,-3.154633,-0.780124
0,107216.00,-3.938663,-1.087622,10.027428,0.057364,-3.065948,-0.749497
0,107239.00,-3.714195,-1.380328,9.539584,0.013954,-3.232931,-0.538305
0,107262.00,-4.502526,-1.400081,8.989489,-0.190580,-3.385000,-0.302079
0,107285.00,-5.615288,-0.941568,7.743243,-0.482201,-3.275276,-0.194219
0,107308.00,-6.168376,0.342388,5.715250,-0.656640,-2.822532,-0.095947
0,107331.00,-6.292881,1.419235,3.691448,-0.495250,-2.176971,0.032153
0,107354.00,-6.240206,1.545536,1.175014,0.205438,-1.297582,0.053192
0,107377.00,-6.370098,1.318075,1.553916,0.497325,-0.908755,-0.013122
0,107400.00,-6.473054,0.317248,1.882537,0.583346,-0.344156,-0.045346
0,107423.00,-6.001971,-1.098995,2.596045,0.413967,0.285691,-0.050140
0,107446.00,-5.550641,-1.311491,3.396947,0.029667,0.862008,0.066242
0,107469.00,-5.526099,-0.557877,4.130807,-0.317348,1.378935,0.233757
0,107492.00,-5.017305,0.723086,5.948099,-0.214815,2.517188,0.303267
0,107515.00,-4.693473,-0.004190,7.407439,0.082398,2.979786,0.276635
0,107538.00,-4.433090,-0.926603,9.266631,0.250979,3.250900,0.210854
0,107561.00,-4.297811,-1.674829,11.188675,0.288530,3.457564,0.174101
0,107584.00,-3.937465,-2.376366,13.181950,0.236864,3.749451,0.234556
0,107607.00,-3.181458,-3.137163,14.937587,0.125808,4.113244,0.365319
0,107630.00,-2.009436,-3.641168,16.806356,-0.050229,4.376369,0.476109
0,107653.00,1.823876,-2.175842,17.298988,-0.267813,4.340149,0.418850
0,107676.00,2.603827,-1.635323,16.204184,-0.045702,3.863702,0.451873
0,107699.00,2.771430,-2.791183,17.336102,0.242989,3.213082,0.536830
0,107722.00,2.766641,-3.380785,17.896971,0.306640,2.640760,0.555472
0,107745.00,3.119804,-2.415873,18.179501,0.436071,2.230094,0.470516
0,107768.00,3.783630,-1.520994,18.885826,0.724496,2.047665,0.304066
0,107791.00,5.369870,-2.067498,19.614300,0.897071,1.757643,-0.045346
0,107814.00,6.665199,-4.208622,18.545834,0.220618,0.452674,-0.635512
0,107837.00,6.214467,-2.915688,18.331541,-0.196439,-0.159596,-0.372387
0,107860.00,5.092727,-2.029788,18.132812,-0.411892,-0.527917,0.083819
0,107883.00,4.745550,-1.255823,17.430677,-0.453172,-0.918609,0.164248
0,107906.00,4.337916,-1.520994,17.123007,-0.257160,-1.567365,0.005521
0,107929.00,3.896762,-1.577261,17.732960,-0.051028,-2.401746,-0.210465
0,107952.00,1.004419,-1.652682,18.269888,0.261632,-3.560505,-0.156934
0,107975.00,0.046689,-2.868400,18.139397,0.219287,-3.878491,-0.162794
0,107998.00,-0.785338,-2.707381,17.517471,0.080268,-4.187156,-0.211530
0,108021.00,-3.214978,-2.601433,17.012268,0.058429,-4.330437,-0.147081
0,108044.00,-4.779070,-2.132145,15.273990,0.013954,-4.153866,-0.256006
0,108067.00,-5.058009,-1.503635,13.475254,0.067751,-3.765038,-0.377448
0,108090.00,-4.222989,-1.439587,11.964436,0.197448,-3.450515,-0.428847
0,108113.00,-3.597471,-1.965740,9.539584,0.049374,-3.718432,-0.278110
0,108136.00,-4.552208,-1.434200,8.392104,-0.274737,-3.863311,-0.125775
0,108159.00,-5.776306,-0.759001,6.783119,-0.483266,-3.606578,0.063312
0,108182.00,-6.421576,-0.103555,5.097515,-0.611899,-2.968475,0.047333
0,108205.00,-6.149820,0.312459,3.741729,-0.532801,-2.193483,-0.042683
0,108228.00,-5.362088,0.183166,2.722346,-0.278998,-1.462701,-0.014187
0,108251.00,-4.400168,1.605993,1.446770,0.140989,-0.583844,0.051594
0,108274.00,-4.623439,0.981074,1.739476,0.344191,-0.333503,0.074498
0,108297.00,-4.929913,-0.746430,2.437422,0.346854,-0.082097,-0.006197
0,108320.00,-4.974806,-1.495255,2.508653,0.065620,0.260124,-0.070114
0,108343.00,-5.512930,-1.324660,3.177866,-0.255029,0.726983,0.026826
0,108366.00,-5.639830,-0.540519,4.050597,-0.463825,1.431933,0.093939
0,108389.00,-4.928117,0.009577,4.782063,-0.440122,2.248470,0.096070
0,108412.00,-3.543599,-0.987060,7.988661,0.005698,3.179259,-0.048542
0,108435.00,-3.428672,-1.490466,10.075315,0.067484,3.348639,-0.099143
0,108458.00,-3.447227,-1.397088,11.647786,0.011557,3.593654,-0.045879
0,108481.00,-2.939631,-1.455749,13.681166,-0.068605,3.910308,0.107521
0,108504.00,-2.069893,-1.768208,15.178815,-0.142909,4.231224,0.327768
0,108527.00,-1.838841,-1.959754,16.183233,-0.193243,4.407262,0.550678
0,108550.00,-0.798507,-1.199556,17.123007,-0.269943,4.395544,0.630308
0,108573.00,0.969701,-1.723913,16.968573,-0.153828,4.154524,0.900889
0,108596.00,2.161476,-2.529603,19.515533,0.176675,3.836804,1.096901
0,108619.00,3.903945,-2.080667,19.260538,0.285068,3.479403,1.039376
0,108642.00,4.287036,0.742240,19.614300,0.738345,2.947827,0.481968
0,108665.00,5.514726,2.421858,18.297422,1.315460,2.395479,-0.591036
0,108688.00,7.990457,-0.548899,18.494354,1.843307,1.792530,-1.234732
0,108711.00,6.808259,-5.516522,18.439285,0.740209,-0.360934,-0.531381
0,108734.00,5.205260,-3.368814,18.615269,-0.241980,-0.729255,0.094205
0,108757.00,3.712997,-1.778983,18.345308,-0.711769,-0.472256,0.802883
0,108780.00,4.525870,-0.359747,16.820723,-0.836140,-0.447222,0.750152
0,108803.00,4.352282,-0.196335,16.091652,-0.562097,-1.176140,0.447612
0,108826.00,4.215207,-0.002394,15.748066,-0.194841,-2.284032,0.082221
0,108849.00,2.013028,-1.075650,16.856638,0.180670,-3.169813,0.035082
0,108872.00,0.138272,-3.802186,17.777853,0.108231,-3.666234,0.009516
0,108895.00,-0.522561,-3.839298,17.631201,-0.247573,-3.738140,-0.011257
0,108918.00,-1.822080,-2.062710,16.534601,-0.554373,-3.748527,0.064111
0,108941.00,-2.248868,-0.253798,14.865159,-0.501642,-3.656114,-0.022443
0,108964.00,-2.573898,0.234045,13.412403,-0.125598,-3.623889,-0.101806
0,108987.00,-2.472139,-0.532737,13.002375,0.237396,-3.702454,-0.159331
0,109010.00,-3.150331,-2.185419,11.236561,0.226477,-4.040680,0.108320
0,109033.00,-3.735744,-1.719723,9.867008,-0.129859,-4.033490,0.223903
0,109056.00,-4.287036,-0.487843,8.131124,-0.418017,-3.743200,0.400474
0,109079.00,-5.016108,-0.422598,7.279343,-0.562629,-3.190853,0.510730
0,109102.00,-4.977799,-0.005986,5.459058,-0.658238,-2.542895,0.431633
0,109125.00,-4.471399,0.550694,3.599267,-0.522948,-1.928761,0.337356
0,109148.00,-4.310381,0.756008,2.734318,-0.230794,-1.477615,0.207392
0,109171.00,-3.638773,1.281562,2.521223,0.318358,-0.650957,-0.002469
0,109194.00,-3.646555,0.513582,2.470344,0.441131,-0.267722,0.036947
0,109217.00,-3.623210,-0.495026,2.389535,0.329277,0.030556,0.029490
0,109240.00,-3.781236,-0.830830,2.719952,0.071213,0.297942,0.087547
0,109263.00,-4.661748,-0.407035,3.253886,-0.183123,0.712869,0.195141
0,109286.00,-4.823964,0.113730,4.385204,-0.266215,1.419682,0.224436
0,109309.00,-4.121230,0.170596,5.150190,-0.169807,2.262586,0.219909
0,109332.00,-2.799563,-1.310294,8.279572,0.102106,3.133719,0.158122
0,109355.00,-2.879174,-1.683210,10.436258,0.108498,3.249302,0.106456
0,109378.00,-2.490097,-1.259414,12.031477,0.077604,3.492186,0.021766
0,109401.00,-1.811904,-0.980476,12.908997,0.130602,3.779545,0.010847
0,109424.00,-1.500642,-1.296526,14.073236,0.238994,3.887138,0.061448
0,109447.00,-1.350997,-1.717329,15.221913,0.238462,3.862637,0.097668
0,109470.00,1.233675,0.242425,15.826480,0.243256,3.974225,0.065975
0,109493.00,2.736712,-0.199926,16.896143,0.595863,3.850919,0.149067
0,109516.00,3.871023,-1.680217,16.942234,0.710647,3.461026,0.323507
0,109539.00,3.582507,-2.511646,17.306171,0.684015,2.908945,0.490490
0,109562.00,4.172109,-2.042957,17.936478,0.533278,2.570185,0.541091
0,109585.00,5.220823,-1.391102,18.014294,0.544464,2.487892,0.513660
0,109608.00,7.919824,-1.203148,19.458071,0.584412,2.215980,0.272107
0,109631.00,7.657047,-2.715762,16.355625,-0.036913,0.318715,-0.330842
0,109654.00,5.340539,-2.269819,16.727943,-0.228398,-0.269320,0.029756
0,109677.00,4.192461,-1.704759,16.526819,-0.321876,-0.278375,0.306196
0,109700.00,4.956849,-1.918452,15.908485,-0.326670,-0.294621,0.246274
0,109723.00,5.596133,-2.315910,16.003061,-0.275536,-0.749496,0.118973
0,109746.00,4.885618,-2.471541,16.194008,-0.341051,-1.608911,-0.013388
0,109769.00,2.024401,-1.187585,16.143728,-0.268079,-2.908020,-0.031498
0,109792.00,0.728473,-1.595817,16.199396,-0.120804,-3.106163,-0.062657
0,109815.00,-0.083801,-1.988486,14.966319,-0.164747,-3.259030,-0.188094
0,109838.00,-1.264802,-1.876551,14.000209,-0.259823,-3.424682,-0.244021
0,109861.00,-2.690621,-1.381525,12.976636,-0.284058,-3.407371,-0.171049
0,109884.00,-3.768067,-1.037341,11.835741,-0.199635,-3.155964,-0.067185
0,109907.00,-3.948240,-1.034348,10.546996,-0.106157,-2.843571,-0.034960
0,109930.00,-3.295188,-1.373145,8.669248,-0.116809,-2.692301,-0.102339
0,109953.00,-3.624408,-1.431806,7.944366,-0.246241,-2.762876,-0.089289
0,109976.00,-4.294818,-0.948152,7.329025,-0.389521,-2.657413,-0.069315
0,109999.00,-4.742557,-0.548300,6.391647,-0.420681,-2.257667,-0.030699
0,110022.00,-5.023890,-0.728473,6.599953,-0.384727,-1.686144,-0.160130
0,110045.00,-4.250523,0.139469,5.228604,-0.437991,-1.107696,-0.400351
0,110068.00,-3.718385,0.770374,4.255910,-0.269677,-0.658680,-0.460273
0,110091.00,-3.047974,1.063080,3.809968,0.104503,-0.193153,-0.352147
0,110114.00,-3.602260,0.983468,3.780039,0.239527,-0.054400,-0.261598
0,110137.00,-4.270277,0.913435,4.160736,0.329810,0.194876,-0.168653
0,110160.00,-4.946074,0.421401,4.901181,0.350849,0.624717,-0.084229
0,110183.00,-5.021495,0.239432,5.778101,0.256039,1.218877,-0.101540
0,110206.00,-4.208622,0.444746,6.602946,0.147913,1.870296,-0.152141
0,110229.00,-2.181828,0.530343,8.751852,0.106367,2.722254,-0.000871
0,110252.00,-1.965141,0.290312,10.667910,0.121015,2.859143,0.087547
0,110275.00,-1.952571,-0.116125,11.580147,0.135130,3.020267,0.179162
0,110298.00,-1.464728,-0.774564,13.473458,0.258169,3.250367,0.243345
0,110321.00,-0.372916,-1.049911,13.968485,0.282671,3.479669,0.271042
0,110344.00,0.699143,-0.994243,14.452138,0.351648,3.428802,0.265982
0,110367.00,1.283956,-1.057094,15.144696,0.367094,3.176330,0.265183
0,110390.00,3.116811,-1.143290,16.377174,0.299183,2.879383,0.211919
0,110413.00,5.063396,-1.308498,16.959593,0.295454,2.811738,0.175699
0,110436.00,6.925581,-1.285153,16.815336,0.290661,2.576577,0.114978
0,110459.00,8.465730,-0.766184,16.538193,0.368160,2.005587,0.008717
0,110482.00,8.550729,-1.012200,16.599846,0.531414,1.159754,-0.044015
0,110505.00,7.575640,-1.764617,17.429480,0.626224,0.316051,-0.086626
0,110528.00,6.115701,-3.019841,17.544407,0.313031,-0.485040,-0.138825
0,110551.00,6.200700,-3.559162,16.829700,-0.024130,-0.798498,-0.127639
0,110574.00,5.956479,-3.176669,16.837482,-0.373276,-1.376147,-0.019513
0,110597.00,4.823365,-1.735885,17.097267,-0.654510,-2.004663,0.078759
0,110620.00,3.192232,-0.787134,16.547770,-0.679544,-2.383903,0.097401
0,110643.00,2.035774,-1.138501,15.660074,-0.481402,-2.595094,-0.025639
0,110666.00,0.797310,-1.750849,15.519407,-0.239317,-2.785247,-0.133765
0,110689.00,-0.663228,-1.310294,13.854754,-0.209755,-3.122674,-0.372920
0,110712.00,-1.505431,-1.164838,13.333989,-0.151697,-3.164753,-0.320988
0,110735.00,-2.136335,-1.172620,12.745584,-0.159421,-3.145045,-0.269854
0,110758.00,-2.680445,-0.799106,11.566380,-0.224403,-3.109891,-0.225112
0,110781.00,-3.328708,-0.411225,10.597277,-0.218011,-3.036120,-0.193420
0,110804.00,-3.707012,-0.295100,9.462966,-0.198836,-2.912814,-0.237363
0,110827.00,-3.402933,0.135279,8.705761,-0.181259,-2.757549,-0.283170
0,110850.00,-3.951233,0.856569,5.460255,-0.347709,-2.535705,-0.175044
0,110873.00,-5.130437,1.457545,4.173306,-0.269677,-2.364195,-0.010458
0,110896.00,-5.971443,1.685005,3.312547,-0.110418,-1.964182,0.051328
0,110919.00,-6.140243,1.541346,2.908505,0.106101,-1.327144,0.035349
0,110942.00,-5.617084,1.218711,2.924666,0.289329,-0.631782,-0.022975
0,110965.00,-4.715621,1.151670,3.377194,0.387867,-0.027502,-0.025106
0,110988.00,-4.057780,0.389676,4.340909,0.172148,0.672122,0.024962
0,111011.00,-4.155349,0.318445,4.992165,0.007030,0.970134,0.058519
