0,102225.00,-1.884931,-1.454552,10.062744,0.143359,0.159042,0.144816,-12.433805,38.702404,-32.329998
0,102249.00,-1.867573,-1.487474,9.977147,0.141495,0.192332,0.153604,-12.433805,38.702404,-32.329998
0,102273.00,-1.899896,-1.389306,9.967569,0.132173,0.215769,0.165589,-12.433805,38.702404,-32.329998
0,102297.00,-2.133343,-1.157655,10.281824,0.092758,0.267435,0.151740,29.771080,21.715376,-68.383873
0,102321.00,-2.119575,-1.110966,10.051970,0.131374,0.291137,0.166654,29.771080,21.715376,-68.383873
0,102345.00,-2.414675,-1.016989,10.284219,0.125249,0.338010,0.162925,29.771080,21.715376,-68.383873
0,102369.00,-2.745092,-1.146282,10.492525,0.139098,0.438412,0.175442,29.771080,21.715376,-68.383873
0,102393.00,-3.007271,-1.481488,10.393161,0.109536,0.729500,0.307804,29.771080,21.715376,-68.383873
0,102417.00,-2.567912,-0.223271,8.594425,0.094622,1.124453,0.463068,29.771080,21.715376,-68.383873
0,102441.00,-2.800162,-0.477069,8.787766,0.120189,0.882368,0.350415,-5.779092,29.245708,-44.855759
0,102465.00,-3.253886,-0.675199,10.074117,0.098883,0.730832,0.304075,-5.779092,29.245708,-44.855759
0,102489.00,-4.009893,-0.388479,10.928292,0.119124,0.897282,0.377579,-5.779092,29.245708,-44.855759
0,102513.00,-3.908135,0.049682,10.171087,0.161202,1.130845,0.395689,-5.779092,29.245708,-44.855759
0,102537.00,-3.923698,0.420204,9.809545,0.295960,1.855502,0.577852,-5.779092,29.245708,-44.855759
0,102561.00,-3.353849,0.497421,7.693561,0.341235,1.836327,0.457475,-26.093477,9.281572,-77.016495
0,102585.00,-4.103871,-0.331614,7.831234,0.357747,1.415008,0.235098,-26.093477,9.281572,-77.016495
0,102609.00,-4.597102,-0.835020,8.061090,0.298623,0.992891,0.123776,-26.093477,9.281572,-77.016495
0,102633.00,-5.495572,-1.257020,8.574672,0.267997,0.866122,0.191422,-26.093477,9.281572,-77.016495
0,102657.00,-5.375257,-1.176810,7.806693,0.315934,0.637087,0.454546,-26.093477,9.281572,-77.016495
0,102681.00,-5.238182,-1.351596,7.260188,0.309543,0.422433,0.489434,47.458607,4.378100,-75.323822
0,102705.00,-5.245963,-0.958927,7.915036,0.220858,0.138269,0.423653,47.458607,4.378100,-75.323822
0,102729.00,-5.471628,-0.914033,9.225329,0.176649,0.065298,0.336033,47.458607,4.378100,-75.323822
0,102753.00,-4.845512,-0.823049,8.212530,0.239500,0.337743,0.331240,47.458607,4.378100,-75.323822
0,102777.00,-3.816552,-1.441383,6.668191,0.146288,0.330553,0.152273,47.458607,4.378100,-75.323822
0,102801.00,-3.643562,-1.656273,7.014171,0.025912,0.130812,0.067050,59.016788,-12.433805,-51.287907
0,102825.00,-3.239520,-1.642506,7.124310,-0.063306,-0.008739,0.015118,59.016788,-12.433805,-51.287907
0,102849.00,-2.686431,-1.747856,7.323637,-0.106716,-0.149090,-0.074899,59.016788,-12.433805,-51.287907
0,102873.00,-1.692787,-1.920846,7.062058,-0.090737,-0.231383,-0.176100,59.016788,-12.433805,-51.287907
0,102897.00,-0.055069,-3.236527,6.059435,-0.090470,-0.632461,-0.581439,59.016788,-12.433805,-51.287907
0,102921.00,-0.011972,-3.935071,6.951919,-0.186612,-0.967226,-0.780647,59.016788,-12.433805,-51.287907
0,102945.00,0.314854,-4.599496,7.610957,-0.326963,-1.131012,-0.875990,39.928272,-3.152232,-85.987640
0,102969.00,0.862555,-4.547419,8.074857,-0.449736,-1.138736,-0.854950,39.928272,-3.152232,-85.987640
0,102993.00,1.413848,-3.857255,7.949155,-0.497674,-1.230350,-0.743628,39.928272,-3.152232,-85.987640
0,103017.00,1.391701,-3.613633,9.285188,-0.807670,-1.579229,-1.007818,39.928272,-3.152232,-85.987640
0,103041.00,0.562666,-3.804580,11.029452,-0.896089,-1.679366,-1.152963,39.928272,-3.152232,-85.987640
0,103065.00,-1.025968,-4.530060,13.943344,-0.992230,-1.270298,-1.207292,-27.319345,11.207936,-33.514870
0,103089.00,-1.117551,-3.009665,12.007533,-0.971191,-0.405024,-0.972930,-27.319345,11.207936,-33.514870
0,103113.00,-1.346807,-2.452386,10.784034,-1.008742,-0.334183,-1.112482,-27.319345,11.207936,-33.514870
0,103137.00,-5.195683,-3.847678,15.824085,-0.620181,-0.243367,-0.886110,-27.319345,11.207936,-33.514870
0,103161.00,-6.110314,-2.037570,14.865159,-0.521909,0.629364,-0.433632,-27.319345,11.207936,-33.514870
0,103185.00,-5.834368,-0.616538,11.960245,-0.472107,0.895684,-0.280498,4.378100,-4.728348,-23.866650
0,103209.00,-7.600182,-1.976514,13.487824,-0.204722,0.720445,-0.361992,4.378100,-4.728348,-23.866650
0,103233.00,-8.969136,-3.528635,13.742820,0.261871,1.562550,-0.126831,4.378100,-4.728348,-23.866650
0,103257.00,-7.900071,-0.507597,8.132919,0.148153,2.320497,0.219652,4.378100,-4.728348,-23.866650
0,103281.00,-8.362176,-0.985863,7.380503,0.125515,1.898646,0.149876,4.378100,-4.728348,-23.866650
0,103305.00,-9.538985,-0.785338,7.441558,0.148685,1.769480,0.261730,4.378100,-4.728348,-23.866650
0,103329.00,-9.080473,0.584814,5.074171,0.122852,1.776671,0.406875,23.466616,19.613888,-77.862823
0,103353.00,-9.980739,1.327054,4.912554,0.135369,1.373995,0.304608,23.466616,19.613888,-77.862823
0,103377.00,-11.537647,3.157514,4.381612,0.434447,1.598769,0.386901,23.466616,19.613888,-77.862823
0,103401.00,-12.039857,3.760285,2.461963,0.605957,1.812624,0.429512,23.466616,19.613888,-77.862823
0,103425.00,-14.088201,4.178095,1.777785,0.639513,1.716483,0.482243,23.466616,19.613888,-77.862823
0,103449.00,-15.449373,3.608246,2.042957,0.633388,1.670409,0.574656,12.959176,22.766121,-86.326180
0,103473.00,-15.314095,2.767838,2.341649,0.505288,1.875742,0.930993,12.959176,22.766121,-86.326180
0,103497.00,-14.517384,0.978081,3.005475,-0.037473,2.311708,2.026101,12.959176,22.766121,-86.326180
0,103521.00,-13.623103,1.038538,4.360662,-0.389015,2.085070,2.359800,12.959176,22.766121,-86.326180
0,103545.00,-12.413371,0.903857,5.482403,-0.564786,1.821413,2.541963,12.959176,22.766121,-86.326180
0,103569.00,-12.278690,0.058661,6.662206,-0.618849,1.593975,2.704152,12.433805,-12.083556,-60.428326
0,103593.00,-11.727996,-0.577631,7.840812,-0.654536,1.570273,2.773129,12.433805,-12.083556,-60.428326
0,103617.00,-8.988291,0.008380,8.510624,-0.554134,1.666148,2.743035,12.433805,-12.083556,-60.428326
0,103641.00,-8.268198,-0.078414,8.105384,-0.328028,1.571338,2.589901,12.433805,-12.083556,-60.428326
0,103665.00,-8.302318,-1.065474,7.924014,-0.107515,1.477860,2.376312,12.433805,-12.083556,-60.428326
0,103689.00,-7.510993,-0.751219,6.982447,-0.004715,1.542043,2.279105,54.638691,9.456697,-67.706802
0,103713.00,-6.817238,-1.070263,6.344958,0.160936,1.328188,2.054864,54.638691,9.456697,-67.706802
0,103737.00,-6.719669,-1.793348,6.522138,0.268263,1.200088,1.883886,54.638691,9.456697,-67.706802
0,103761.00,-5.665568,-1.926832,5.884649,0.345496,1.233112,1.686809,54.638691,9.456697,-67.706802
0,103785.00,-5.870283,-2.233904,5.809228,0.381183,1.187837,1.419690,54.638691,9.456697,-67.706802
0,103809.00,-5.094522,-2.190208,5.359694,0.420864,1.177184,1.220483,54.638691,9.456697,-67.706802
0,103833.00,-3.806975,-3.167690,5.126247,0.413141,0.815522,0.508343,87.912247,5.954216,-15.234032
0,103857.00,-4.060174,-3.726765,5.062798,0.335376,0.629630,0.136826,87.912247,5.954216,-15.234032
0,103881.00,-4.014084,-3.985950,4.511505,0.125515,0.530293,-0.165714,87.912247,5.954216,-15.234032
0,103905.00,-4.106265,-4.388795,4.732979,-0.154920,0.371832,-0.485032,87.912247,5.954216,-15.234032
0,103929.00,-3.741729,-4.173306,4.943680,-0.453731,0.153183,-0.823524,87.912247,5.954216,-15.234032
0,103953.00,-5.775109,-3.730356,6.893857,-0.856141,-0.437248,-1.608636,87.562004,-17.512400,-39.269947
0,103977.00,-7.075825,-3.396947,7.371524,-0.844423,-0.683062,-1.903985,87.562004,-17.512400,-39.269947
0,104001.00,-8.266402,-3.232936,7.277547,-0.700343,-0.855371,-2.185220,87.562004,-17.512400,-39.269947
0,104025.00,-9.141528,-2.704389,6.802274,-0.634296,-1.018093,-2.475508,87.562004,-17.512400,-39.269947
0,104049.00,-10.465589,-2.127357,6.880089,-0.589022,-1.272961,-2.777782,87.562004,-17.512400,-39.269947
0,104073.00,-13.444128,-1.340821,6.859139,-0.402331,-1.603464,-3.202563,73.552078,14.360168,11.848691
0,104097.00,-14.549706,-0.420204,6.453301,-0.195134,-1.526498,-3.204959,73.552078,14.360168,11.848691
0,104121.00,-15.244659,-0.305276,5.924754,0.100215,-1.422100,-3.171936,73.552078,14.360168,11.848691
0,104145.00,-15.191385,0.266967,4.631221,0.291699,-1.360847,-3.125063,73.552078,14.360168,11.848691
0,104169.00,-15.970737,0.883505,3.811763,0.394232,-1.453792,-3.081920,73.552078,14.360168,11.848691
0,104193.00,-16.456186,2.398514,1.341420,0.397695,-1.185608,-2.474177,77.755058,-44.131248,-23.697382
0,104217.00,-16.044363,2.878576,0.522561,0.360676,-0.955241,-1.979620,77.755058,-44.131248,-23.697382
0,104241.00,-14.428195,3.537613,-0.023345,0.332180,-0.787992,-1.648318,77.755058,-44.131248,-23.697382
0,104265.00,-12.942516,3.847080,-0.360944,0.384112,-0.779470,-1.447246,77.755058,-44.131248,-23.697382
0,104289.00,-13.613526,2.396119,0.747029,0.451491,-0.903575,-1.281062,77.755058,-44.131248,-23.697382
0,104313.00,-12.957481,2.570307,-1.008609,-0.006846,-0.422068,-0.349208,69.524231,-17.687525,15.741833
0,104337.00,-13.007762,3.118008,-0.906252,-0.238811,-0.273728,0.014851,69.524231,-17.687525,15.741833
0,104361.00,-12.830583,3.638773,-1.049312,-0.360785,-0.164537,0.162126,69.524231,-17.687525,15.741833
0,104385.00,-13.065226,3.959014,-0.577032,-0.363182,-0.304887,0.215657,69.524231,-17.687525,15.741833
0,104409.00,-15.495464,3.160507,1.301315,-0.301928,-0.488648,0.344822,69.524231,-17.687525,15.741833
0,104433.00,-18.799032,1.641309,1.362969,-0.558128,0.550000,1.601321,32.222816,9.806944,-87.680313
0,104457.00,-19.158779,1.376137,2.317107,-0.880642,0.826707,2.246348,32.222816,9.806944,-87.680313
0,104481.00,-18.663155,1.228887,4.342106,-1.115004,0.918321,2.823996,32.222816,9.806944,-87.680313
0,104505.00,-19.176737,1.056495,6.588580,-1.119531,0.988363,3.348381,32.222816,9.806944,-87.680313
0,104529.00,-19.614300,-0.594391,8.617769,-0.838830,1.335645,3.841339,32.222816,9.806944,-87.680313
0,104553.00,-16.410095,-3.146740,8.609389,-0.159714,2.228350,4.465328,23.466616,-37.826786,-19.634974
0,104577.00,-13.884085,-4.636608,8.544743,0.073050,2.327421,4.410199,23.466616,-37.826786,-19.634974
0,104601.00,-11.195259,-5.217231,8.708156,0.151615,2.180679,4.202736,23.466616,-37.826786,-19.634974
0,104625.00,-8.572876,-4.871252,8.269396,0.172654,1.934865,3.955324,23.466616,-37.826786,-19.634974
0,104649.00,-7.074628,-4.145772,7.652258,0.245359,1.511683,3.626419,23.466616,-37.826786,-19.634974
0,104673.00,-6.253973,-3.036601,7.501416,0.659221,0.900211,2.621593,23.466616,-37.826786,-19.634974
0,104697.00,-5.452474,-3.475960,6.518546,0.917019,0.896217,2.198943,98.594818,-26.093477,14.726231
0,104721.00,-4.418725,-3.798594,5.512930,0.998513,0.866921,1.804789,98.594818,-26.093477,14.726231
0,104745.00,-3.551381,-3.690251,4.779070,0.927139,0.690351,1.392792,98.594818,-26.093477,14.726231
0,104769.00,-3.160507,-3.392757,4.149363,0.823008,0.397665,1.008226,98.594818,-26.093477,14.726231
0,104793.00,-3.848875,-3.968591,3.718983,0.556954,-0.092630,0.381308,98.594818,-26.093477,14.726231
0,104817.00,-3.884192,-3.685463,3.526240,0.312738,-0.182913,0.134429,66.196877,16.811905,-29.790995
0,104841.00,-3.802785,-3.376595,3.629196,0.117526,-0.287044,-0.125233,66.196877,16.811905,-29.790995
0,104865.00,-3.432862,-3.261667,3.618422,0.003274,-0.392240,-0.436828,66.196877,16.811905,-29.790995
0,104889.00,-3.590288,-3.376595,3.581908,-0.068099,-0.515813,-0.843765,66.196877,16.811905,-29.790995
0,104913.00,-5.353708,-4.292424,3.452615,-0.322968,-0.807966,-1.544453,66.196877,16.811905,-29.790995
0,104937.00,-6.055244,-4.114047,3.762081,-0.570912,-0.929408,-1.805713,107.000763,8.581077,-9.309686
0,104961.00,-6.632875,-4.051794,4.264290,-0.790360,-1.067628,-2.063778,107.000763,8.581077,-9.309686
0,104985.00,-7.450537,-3.676484,4.866463,-0.960538,-1.292402,-2.345544,107.000763,8.581077,-9.309686
0,105009.00,-8.387915,-3.738138,5.460255,-1.048424,-1.516644,-2.708006,107.000763,8.581077,-9.309686
0,105033.00,-12.328373,-2.913293,7.122514,-1.313146,-1.805069,-3.113079,107.000763,8.581077,-9.309686
0,105057.00,-12.955686,-1.604795,7.926409,-1.379993,-1.780035,-3.263017,36.425793,28.019840,-46.717697
0,105081.00,-13.788910,-0.184962,8.485483,-1.303026,-1.776572,-3.416950,36.425793,28.019840,-46.717697
0,105105.00,-15.031564,0.897871,9.143922,-1.086508,-1.756332,-3.580471,36.425793,28.019840,-46.717697
0,105129.00,-16.873398,1.958557,9.907113,-0.823650,-1.668713,-3.587662,36.425793,28.019840,-46.717697
0,105153.00,-16.966776,3.335891,8.848822,-0.009775,-1.091064,-2.987909,36.425793,28.019840,-46.717697
0,105177.00,-16.267633,3.870424,7.318849,0.469068,-0.881204,-2.652345,36.425793,28.019840,-46.717697
0,105201.00,-15.810917,3.651942,6.067216,1.013427,-0.700639,-2.378568,27.669592,-19.964136,-53.488377
0,105225.00,-15.469726,2.451189,4.496540,1.397460,-0.392773,-2.135950,27.669592,-19.964136,-53.488377
0,105249.00,-14.415625,1.924438,3.004876,1.505320,-0.062536,-1.767363,27.669592,-19.964136,-53.488377
0,105273.00,-11.516098,0.753613,1.122339,1.268828,0.171826,-1.017672,27.669592,-19.964136,-53.488377
0,105297.00,-10.478159,0.209503,0.132885,1.004905,0.090598,-0.716464,27.669592,-19.964136,-53.488377
0,105321.00,-9.923275,0.074823,-0.564462,0.638981,-0.090233,-0.495951,30.296453,56.214806,-74.646751
0,105345.00,-10.354253,0.802098,-0.539920,0.266132,-0.299827,-0.329234,30.296453,56.214806,-74.646751
0,105369.00,-11.635815,1.704160,-0.322635,0.018721,-0.382919,-0.186220,30.296453,56.214806,-74.646751
0,105393.00,-13.858346,2.554743,-0.101759,-0.130418,0.086603,0.081165,30.296453,56.214806,-74.646751
0,105417.00,-14.531151,2.593651,0.150842,-0.170366,0.433352,0.257735,30.296453,56.214806,-74.646751
0,105441.00,-14.863363,2.938434,0.656045,-0.272900,0.695678,0.489434,107.701263,-14.535293,-44.178692
0,105465.00,-15.645110,2.901322,1.150473,-0.402598,0.848812,0.832454,107.701263,-14.535293,-44.178692
0,105489.00,-16.852448,2.004049,1.419235,-0.628970,0.945752,1.309434,107.701263,-14.535293,-44.178692
0,105513.00,-18.289640,0.243622,5.090931,-1.414348,1.039497,2.702022,107.701263,-14.535293,-44.178692
0,105537.00,-16.893749,-0.464499,6.707698,-1.654036,1.104745,3.446919,107.701263,-14.535293,-44.178692
0,105561.00,-15.939611,-1.266597,8.015597,-1.631399,1.019256,4.034421,107.701263,-14.535293,-44.178692
0,105585.00,-15.256631,-2.490097,8.799140,-1.388515,0.959867,4.390225,73.201836,13.659673,-41.639687
0,105609.00,-14.302493,-3.052763,9.149908,-1.055348,1.067461,4.497552,73.201836,13.659673,-41.639687
0,105633.00,-10.356049,-3.448425,9.050544,-0.142136,1.401426,4.025899,73.201836,13.659673,-41.639687
0,105657.00,-8.601608,-3.775848,8.262811,0.347360,1.415807,3.557975,73.201836,13.659673,-41.639687
0,105681.00,-7.364341,-4.281650,7.308673,0.693843,1.283446,3.093246,73.201836,13.659673,-41.639687
0,105705.00,-7.182971,-4.479780,6.355732,0.861092,1.070390,2.679917,87.386879,16.286533,-19.465706
0,105729.00,-6.042076,-4.293621,6.279114,0.989458,0.954008,2.288426,87.386879,16.286533,-19.465706
0,105753.00,-3.988943,-5.937324,4.308586,1.087197,0.797145,1.604250,87.386879,16.286533,-19.465706
0,105777.00,-2.911498,-5.742785,3.507086,0.811556,0.581160,1.254572,87.386879,16.286533,-19.465706
0,105801.00,-2.585870,-5.366278,3.493318,0.566009,0.323362,0.807154,87.386879,16.286533,-19.465706
0,105825.00,-2.767240,-5.310011,3.516064,0.396629,0.122823,0.360269,70.049599,23.116369,-35.884605
0,105849.00,-2.758859,-5.130437,3.471171,0.222989,-0.032442,-0.006454,70.049599,23.116369,-35.884605
0,105873.00,-3.015651,-4.492949,4.028450,-0.105651,-0.339243,-0.875457,70.049599,23.116369,-35.884605
0,105897.00,-3.686061,-4.348691,4.264889,-0.207119,-0.545641,-1.303700,70.049599,23.116369,-35.884605
0,105921.00,-4.826358,-4.340310,4.506117,-0.296069,-0.773877,-1.657639,70.049599,23.116369,-35.884605
0,105945.00,-6.086969,-4.333726,4.697663,-0.413517,-0.944588,-2.002790,41.679512,-43.430752,17.603769
0,105969.00,-7.222477,-4.001513,4.826957,-0.542416,-1.052182,-2.326103,41.679512,-43.430752,17.603769
0,105993.00,-10.021441,-3.373003,5.531487,-0.774647,-1.341672,-2.956483,41.679512,-43.430752,17.603769
0,106017.00,-11.570569,-2.353022,6.490413,-0.936569,-1.455124,-3.147168,41.679512,-43.430752,17.603769
0,106041.00,-12.927552,-1.922043,7.210506,-0.989034,-1.497203,-3.193241,41.679512,-43.430752,17.603769
0,106065.00,-13.612927,-0.654249,7.871938,-1.030314,-1.466310,-3.187382,41.679512,-43.430752,17.603769
0,106089.00,-13.559055,0.111935,8.119152,-0.894491,-1.456988,-3.147701,47.283482,33.974056,4.400942
0,106113.00,-14.946566,1.531769,8.080843,-0.340811,-1.337411,-3.153560,47.283482,33.974056,4.400942
0,106137.00,-15.576872,2.129751,7.808488,0.024314,-1.123555,-3.033449,47.283482,33.974056,4.400942
0,106161.00,-15.673841,3.039594,7.133289,0.374525,-0.858833,-2.770591,47.283482,33.974056,4.400942
0,106185.00,-15.242864,3.102445,6.325205,0.795843,-0.599704,-2.423310,47.283482,33.974056,4.400942
0,106209.00,-13.455501,1.545536,3.962007,1.338870,-0.148557,-1.714365,23.641741,56.915302,-71.938484
0,106233.00,-12.284677,0.517772,2.488301,1.303183,-0.020191,-1.359627,23.641741,56.915302,-71.938484
0,106257.00,-11.175506,0.195137,1.722117,1.024612,-0.042562,-1.032320,23.641741,56.915302,-71.938484
0,106281.00,-10.758894,0.210700,1.439587,0.661352,-0.187440,-0.746292,23.641741,56.915302,-71.938484
0,106305.00,-10.679282,0.305875,0.960722,0.334843,-0.337645,-0.506071,23.641741,56.915302,-71.938484
0,106329.00,-11.445466,1.922642,0.360346,-0.110711,-0.434053,-0.327370,24.867609,-4.553224,-51.118637
0,106353.00,-13.134063,3.544198,0.927800,-0.123494,-0.286778,-0.333762,24.867609,-4.553224,-51.118637
0,106377.00,-14.705338,4.422915,0.999630,0.118857,0.044258,-0.253599,24.867609,-4.553224,-51.118637
0,106401.00,-16.296366,4.161933,1.048714,0.479721,0.528162,-0.057055,24.867609,-4.553224,-51.118637
0,106425.00,-16.571712,3.899755,0.756008,0.669874,1.129513,0.213260,24.867609,-4.553224,-51.118637
0,106449.00,-18.957058,2.888153,1.288146,0.207542,1.714086,1.016748,38.177032,13.659673,-28.436859
0,106473.00,-19.614300,2.302142,2.916286,-0.294205,1.777736,1.806653,38.177032,13.659673,-28.436859
0,106497.00,-19.614300,1.557508,4.988574,-0.678771,1.850708,2.796033,38.177032,13.659673,-28.436859
0,106521.00,-19.140821,0.669213,6.690938,-0.834036,1.996652,3.626685,38.177032,13.659673,-28.436859
0,106545.00,-17.486345,-0.880513,7.505606,-0.759999,2.094657,4.175039,38.177032,13.659673,-28.436859
0,106569.00,-15.102197,-4.421119,7.695356,-0.546410,1.926876,4.671193,57.615799,3.677604,-60.089790
0,106593.00,-12.947306,-4.828753,7.959929,-0.586358,1.872280,4.648822,57.615799,3.677604,-60.089790
0,106617.00,-9.983731,-4.545624,7.638491,-0.550139,1.818483,4.382769,57.615799,3.677604,-60.089790
0,106641.00,-7.868346,-4.233164,7.513987,-0.298200,1.585720,3.979560,57.615799,3.677604,-60.089790
0,106665.00,-6.604143,-4.197848,6.937553,0.025379,1.274658,3.407504,57.615799,3.677604,-60.089790
0,106689.00,-6.058238,-5.407580,6.182144,0.616610,0.771046,2.295617,24.342237,25.392981,-15.064764
0,106713.00,-5.035263,-7.023748,4.491751,0.834726,0.890624,1.903061,24.342237,25.392981,-15.064764
0,106737.00,-2.018415,-7.764193,3.571134,0.679728,0.874911,1.493461,24.342237,25.392981,-15.064764
0,106761.00,-0.723684,-7.078818,3.234133,0.292232,0.491943,1.016215,24.342237,25.392981,-15.064764
0,106785.00,-0.683579,-6.242002,3.730356,0.031771,0.030676,0.459073,24.342237,25.392981,-15.064764
0,106809.00,-2.656502,-6.161792,3.572331,-0.126956,-0.465478,-0.549747,83.709274,5.253720,-10.494555
0,106833.00,-3.109029,-5.857114,3.671695,-0.242539,-0.527797,-1.014476,83.709274,5.253720,-10.494555
0,106857.00,-3.563352,-5.570394,3.971585,-0.379161,-0.635657,-1.490656,83.709274,5.253720,-10.494555
0,106881.00,-4.494744,-5.368672,4.445661,-0.521643,-0.843120,-1.928221,83.709274,5.253720,-10.494555
0,106905.00,-5.793066,-4.988574,5.113677,-0.660129,-1.080678,-2.327168,83.709274,5.253720,-10.494555
0,106929.00,-9.375573,-4.021865,6.448512,-0.857206,-1.485485,-2.994566,83.709274,5.253720,-10.494555
0,106953.00,-10.605059,-4.000316,7.249413,-0.867326,-1.621308,-3.211617,46.232738,30.471577,-47.733299
0,106977.00,-12.178129,-3.614830,7.592999,-0.942428,-1.774176,-3.275534,46.232738,30.471577,-47.733299
0,107001.00,-14.251015,-2.145913,7.508000,-1.056414,-1.823445,-3.354365,46.232738,30.471577,-47.733299
0,107025.00,-16.070103,-0.770972,8.640515,-0.984241,-1.733162,-3.493917,46.232738,30.471577,-47.733299
0,107049.00,-16.940439,1.919050,7.434375,-0.432958,-1.264172,-3.389253,46.232738,30.471577,-47.733299
0,107073.00,-16.417278,2.845654,6.255171,-0.060642,-1.065764,-3.196437,92.290352,35.900421,-21.496910
0,107097.00,-16.681852,2.667277,5.208851,0.241098,-0.935267,-2.933846,92.290352,35.900421,-21.496910
0,107121.00,-16.498686,3.000686,5.089135,0.322326,-0.883068,-2.521049,92.290352,35.900421,-21.496910
0,107145.00,-15.546943,3.211387,4.545025,0.437643,-0.749109,-2.141277,92.290352,35.900421,-21.496910
0,107169.00,-13.721869,3.602260,3.017447,0.751101,-0.522205,-1.504239,92.290352,35.900421,-21.496910
0,107193.00,-13.226843,3.164099,2.228517,0.894648,-0.350428,-1.287987,73.727203,-6.129340,-67.199005
0,107217.00,-12.822801,2.556539,1.765814,0.967087,-0.141633,-1.057087,73.727203,-6.129340,-67.199005
0,107241.00,-12.116475,1.798736,0.857168,0.940988,0.080478,-0.786772,73.727203,-6.129340,-67.199005
0,107265.00,-11.130612,1.503635,0.188553,0.766548,0.202453,-0.558536,73.727203,-6.129340,-67.199005
0,107289.00,-11.168323,2.107005,-0.277143,0.359877,0.081011,-0.336159,73.727203,-6.129340,-67.199005
0,107313.00,-12.510342,2.606820,-0.599180,0.269062,0.013898,-0.277568,15.586037,41.504391,-57.720051
0,107337.00,-14.866955,2.721747,-0.885301,0.155343,0.069825,-0.162518,15.586037,41.504391,-57.720051
0,107361.00,-17.842501,3.033608,-0.869139,-0.164774,0.284479,0.173046,15.586037,41.504391,-57.720051
0,107385.00,-19.614300,3.402933,-0.162814,-0.683299,0.547870,0.915013,15.586037,41.504391,-57.720051
0,107409.00,-19.614300,0.586011,3.077305,-1.579733,0.979042,3.101768,15.586037,41.504391,-57.720051
0,107433.00,-12.794667,-3.396348,3.595676,-2.049255,0.967590,4.057858,15.586037,41.504391,-57.720051
0,107457.00,-18.615269,-4.516891,7.884508,-2.184279,0.672241,4.390225,60.242657,4.903472,-14.218430
0,107481.00,-16.285591,-1.252231,8.703965,-2.106780,0.863193,4.782248,60.242657,4.903472,-14.218430
0,107505.00,-15.112971,-2.540976,10.363232,-1.510756,0.988896,4.817669,60.242657,4.903472,-14.218430
0,107529.00,-9.838276,-3.444833,9.416277,0.050413,1.330585,4.132694,60.242657,4.903472,-14.218430
0,107553.00,-7.974295,-4.547419,7.874332,0.640312,1.324193,3.547055,60.242657,4.903472,-14.218430
0,107577.00,-6.496997,-5.500360,6.859737,0.899442,1.115132,3.090050,67.597862,-13.309424,-38.592880
0,107601.00,-6.482631,-4.879632,6.536504,0.848841,0.814456,2.706017,67.597862,-13.309424,-38.592880
0,107625.00,-6.334183,-4.797626,6.110314,0.908230,0.594476,2.386965,67.597862,-13.309424,-38.592880
0,107649.00,-5.229802,-6.336578,4.415133,0.768146,0.368370,1.736079,67.597862,-13.309424,-38.592880
0,107673.00,-4.006901,-6.428759,4.256509,0.525795,0.256249,1.421022,67.597862,-13.309424,-38.592880
0,107697.00,-2.717557,-6.109117,4.169116,0.344697,0.143063,1.021808,20.314384,-53.938194,29.790995
0,107721.00,-1.533564,-6.312036,3.987746,0.265600,0.013365,0.564270,20.314384,-53.938194,29.790995
0,107745.00,-1.128325,-6.362915,4.152955,0.146022,-0.136307,-0.011248,20.314384,-53.938194,29.790995
0,107769.00,-2.147708,-5.186704,4.617453,-0.183682,-0.585322,-1.001959,20.314384,-53.938194,29.790995
0,107793.00,-3.364025,-4.784457,4.754529,-0.242273,-0.888128,-1.448312,20.314384,-53.938194,29.790995
0,107817.00,-4.682699,-4.844316,5.056812,-0.238811,-1.101717,-1.950858,20.314384,-53.938194,29.790995
0,107841.00,-6.283304,-4.864667,5.300434,-0.238278,-1.165368,-2.428903,41.679512,33.623810,-8.124817
0,107865.00,-7.672610,-4.446858,5.773313,-0.242539,-1.185075,-2.787902,41.679512,33.623810,-8.124817
0,107889.00,-10.622417,-4.810196,6.098941,-0.281688,-1.431954,-3.345577,41.679512,33.623810,-8.124817
0,107913.00,-12.608509,-3.739934,6.684952,-0.520045,-1.682828,-3.406031,41.679512,33.623810,-8.124817
0,107937.00,-13.518950,-2.885160,7.947359,-0.602338,-1.726238,-3.508032,41.679512,33.623810,-8.124817
0,107961.00,-15.018994,-1.663456,8.241262,-0.609528,-1.597073,-3.520016,52.011829,8.581077,-56.027382
0,107985.00,-15.202160,-0.325029,8.344817,-0.501669,-1.394669,-3.421744,52.011829,8.581077,-56.027382
0,108009.00,-15.695391,0.951744,8.088624,0.095954,-1.010103,-3.163147,52.011829,8.581077,-56.027382
0,108033.00,-15.182406,0.762592,6.265347,0.360942,-0.830870,-2.935443,52.011829,8.581077,-56.027382
0,108057.00,-15.047726,2.240488,6.201897,0.445899,-0.823945,-2.574580,52.011829,8.581077,-56.027382
0,108081.00,-14.453335,2.430837,5.548845,0.620605,-0.712357,-2.301601,1.576116,27.494469,-35.038273
0,108105.00,-14.102567,2.644531,4.531258,0.809159,-0.578398,-1.988675,1.576116,27.494469,-35.038273
0,108129.00,-13.044874,2.073484,2.367986,1.007035,-0.238307,-1.466421,1.576116,27.494469,-35.038273
0,108153.00,-12.518123,1.594620,1.552120,0.933797,-0.093695,-1.182258,1.576116,27.494469,-35.038273
0,108177.00,-12.012920,1.099593,0.698544,0.731660,-0.021789,-0.878120,1.576116,27.494469,-35.038273
0,108201.00,-11.929718,1.380926,0.060457,0.441105,-0.057742,-0.574515,65.671501,24.342237,-61.443928
0,108225.00,-12.683929,1.951374,-0.063450,0.167860,-0.113669,-0.307130,65.671501,24.342237,-61.443928
0,108249.00,-14.785547,3.058150,-0.377106,-0.193270,0.162505,0.256137,65.671501,24.342237,-61.443928
0,108273.00,-16.033588,2.751078,-0.638686,-0.338681,0.383550,0.608213,65.671501,24.342237,-61.443928
0,108297.00,-17.167301,2.666678,-0.057464,-0.634562,0.606460,1.057228,65.671501,24.342237,-61.443928
0,108321.00,-17.399549,2.734916,0.913435,-0.995959,0.824843,1.650590,65.671501,24.342237,-61.443928
0,108345.00,-17.484549,1.702963,1.345011,-1.283851,0.940692,2.300411,28.194965,70.224724,-79.724762
0,108369.00,-19.033676,-0.608757,5.163359,-1.962701,0.977444,3.625087,28.194965,70.224724,-79.724762
0,108393.00,-18.438087,-0.568053,8.454955,-2.042863,1.137503,4.301274,28.194965,70.224724,-79.724762
0,108417.00,-17.400148,-0.825443,10.725971,-1.623409,1.358548,4.771596,28.194965,70.224724,-79.724762
0,108441.00,-16.004856,-2.963574,10.957623,-0.820188,1.672540,4.924996,28.194965,70.224724,-79.724762
0,108465.00,-14.380907,-5.301631,9.609618,-0.168768,1.973482,4.755084,40.278522,-13.309424,-65.675598
0,108489.00,-9.875987,-7.250012,8.484884,0.075447,2.041660,4.273045,40.278522,-13.309424,-65.675598
0,108513.00,-6.770549,-6.282107,8.204749,0.009133,1.677600,4.114318,40.278522,-13.309424,-65.675598
0,108537.00,-4.639601,-4.750338,8.017393,0.167860,1.246161,3.678085,40.278522,-13.309424,-65.675598
0,108561.00,-3.966197,-4.744352,7.326032,0.590777,0.920984,2.937182,40.278522,-13.309424,-65.675598
0,108585.00,-3.833312,-5.843347,5.517120,0.869348,0.704999,2.186692,107.526138,-19.613888,-27.759790
0,108609.00,-3.156317,-6.694529,4.035034,0.528191,0.304453,1.234598,107.526138,-19.613888,-27.759790
0,108633.00,-2.117181,-6.137849,3.848875,0.285574,0.184609,0.797300,107.526138,-19.613888,-27.759790
0,108657.00,-1.616767,-5.821199,4.076336,0.150549,-0.035105,0.282503,107.526138,-19.613888,-27.759790
0,108681.00,-1.872361,-5.501557,4.087709,0.060001,-0.300094,-0.274106,107.526138,-19.613888,-27.759790
0,108705.00,-2.558335,-5.511733,4.137392,-0.019895,-0.577067,-0.760407,137.297226,-54.988937,-33.514870
0,108729.00,-3.995528,-4.554004,4.634812,-0.213777,-0.926212,-1.710637,137.297226,-54.988937,-33.514870
0,108753.00,-4.820372,-4.357070,5.235787,-0.185280,-1.069759,-2.199601,137.297226,-54.988937,-33.514870
0,108777.00,-5.860107,-4.460026,5.605711,-0.121097,-1.223692,-2.700549,137.297226,-54.988937,-33.514870
0,108801.00,-7.466100,-4.611467,5.992992,-0.073958,-1.409317,-3.150364,137.297226,-54.988937,-33.514870
0,108825.00,-10.663120,-3.979964,6.968081,-0.131750,-1.713455,-3.789532,21.365129,-86.861504,-33.514870
0,108849.00,-12.396012,-3.138958,7.970105,-0.196998,-1.918255,-3.873689,21.365129,2.801984,-47.394764
0,108873.00,-13.942147,-2.782204,8.428020,-0.226027,-1.993890,-3.927486,21.365129,2.801984,-47.394764
0,108897.00,-15.373953,-1.883136,8.718929,-0.271568,-1.965926,-3.843063,21.365129,2.801984,-47.394764
0,108921.00,-16.101229,-0.990053,8.594425,-0.216972,-1.790421,-3.671286,21.365129,2.801984,-47.394764
0,108945.00,-16.659105,1.640710,8.847026,0.380117,-1.162438,-3.298172,54.463566,36.250668,-25.559319
0,108969.00,-16.055138,1.868171,7.835424,0.862423,-0.869486,-2.940770,54.463566,36.250668,-25.559319
0,108993.00,-14.769385,1.274977,6.279713,1.266697,-0.595975,-2.630507,54.463566,36.250668,-25.559319
0,109017.00,-13.979857,0.793718,4.662945,1.446996,-0.421269,-2.294944,54.463566,36.250668,-25.559319
0,109041.00,-13.007762,0.497421,3.011461,1.334875,-0.361880,-1.937542,54.463566,36.250668,-25.559319
0,109065.00,-12.234994,0.829633,1.491664,0.750569,-0.553897,-1.228598,75.828697,36.250668,-91.234917
0,109089.00,-12.117672,1.231880,0.950547,0.502625,-0.608759,-0.959614,75.828697,36.250668,-91.234917
0,109113.00,-12.325379,1.532367,0.653650,0.339637,-0.599171,-0.751884,75.828697,36.250668,-91.234917
0,109137.00,-12.441504,1.371349,0.020950,0.234707,-0.487849,-0.560134,75.828697,36.250668,-91.234917
0,109161.00,-13.047867,1.737082,-0.537526,0.078110,-0.322997,-0.393684,75.828697,36.250668,-91.234917
0,109185.00,-15.502647,3.753701,0.275347,-0.096063,0.139335,0.062789,75.828697,36.250668,-91.234917
0,109209.00,-16.784208,3.902748,-0.149047,-0.025222,0.491410,0.396222,70.224724,24.692484,-28.606125
0,109233.00,-18.335732,3.255083,0.207109,0.000611,0.886895,0.765075,70.224724,24.692484,-28.606125
0,109257.00,-19.374866,2.242284,1.289942,-0.188742,1.313540,1.276676,70.224724,24.692484,-28.606125
0,109281.00,-19.614300,1.172022,3.183852,-0.544280,1.683992,1.950200,70.224724,24.692484,-28.606125
0,109305.00,-18.479988,-0.657840,7.381700,-1.039902,2.042459,3.534805,70.224724,24.692484,-28.606125
0,109329.00,-17.197828,-1.620359,8.757239,-0.998888,2.084271,4.124970,96.493324,99.645561,-59.074188
0,109353.00,-16.687239,-2.810338,9.190612,-0.778908,2.056041,4.500482,96.493324,99.645561,-59.074188
0,109377.00,-16.520235,-4.146969,10.141158,-0.540818,2.074683,4.645627,96.493324,99.645561,-59.074188
0,109401.00,-14.846602,-5.088536,10.497313,-0.345605,2.188668,4.732979,96.493324,99.645561,-59.074188
0,109425.00,-10.165700,-6.242002,9.683244,0.008334,2.083472,4.531109,96.493324,99.645561,-59.074188
0,109449.00,-7.285927,-6.095948,9.448600,0.097019,1.949779,4.139085,60.067535,-19.789013,-39.439213
0,109473.00,-5.703279,-4.836534,9.274413,0.195824,1.714352,3.652252,60.067535,-19.789013,-39.439213
0,109497.00,-4.347493,-4.207425,8.292142,0.560416,1.500497,3.009621,60.067535,-19.789013,-39.439213
0,109521.00,-3.206598,-5.857114,6.808858,0.966554,1.237905,2.409602,60.067535,-19.789013,-39.439213
0,109545.00,-0.642876,-7.314060,4.398373,0.536181,0.508454,1.452714,60.067535,-19.789013,-39.439213
0,109569.00,0.084998,-6.206087,4.528863,0.134570,0.142797,0.838846,56.214806,-27.844717,-54.334713
0,109593.00,-0.086794,-5.671554,4.537842,-0.028684,-0.216469,0.189557,56.214806,-27.844717,-54.334713
0,109617.00,-0.817063,-5.393214,4.601292,-0.078486,-0.548837,-0.455470,56.214806,-27.844717,-54.334713
0,109641.00,-1.772398,-5.183112,4.728191,-0.107781,-0.818619,-1.076262,56.214806,-27.844717,-54.334713
0,109665.00,-4.255312,-4.704247,5.420749,-0.155719,-1.255917,-2.006252,56.214806,-27.844717,-54.334713
0,109689.00,-5.391418,-4.320557,5.778101,-0.155452,-1.403458,-2.448344,56.214806,-27.844717,-54.334713
0,109713.00,-6.426365,-4.633017,5.844544,-0.092867,-1.565381,-2.930650,62.344147,10.157192,-66.352669
0,109737.00,-8.487878,-4.868258,5.937923,-0.113108,-1.725705,-3.418548,62.344147,10.157192,-66.352669
0,109761.00,-10.986953,-5.366278,6.988432,-0.203923,-1.878307,-3.719224,62.344147,10.157192,-66.352669
0,109785.00,-13.456100,-3.217971,7.680392,-0.693419,-2.105744,-3.681406,62.344147,10.157192,-66.352669
0,109809.00,-14.776568,-2.417668,7.812079,-0.710464,-2.065796,-3.777548,62.344147,10.157192,-66.352669
0,109833.00,-15.948590,-1.641309,7.986267,-0.632698,-1.947284,-3.897658,59.892410,6.304464,-22.681780
0,109857.00,-17.275644,0.004190,8.217319,-0.460389,-1.775241,-3.877684,59.892410,6.304464,-22.681780
0,109881.00,-17.788029,2.289572,7.822854,-0.120298,-1.472968,-3.730942,59.892410,6.304464,-22.681780
0,109905.00,-18.050806,3.742927,6.398232,0.767081,-0.877742,-2.866733,59.892410,6.304464,-22.681780
0,109929.00,-16.477736,2.736113,5.238182,1.204645,-0.427128,-2.412923,59.892410,6.304464,-22.681780
0,109953.00,-14.540130,1.859192,3.777644,1.440338,-0.093163,-1.948993,19.263641,32.923313,-98.851936
0,109977.00,-12.451082,0.985863,2.122568,1.407580,0.047987,-1.603310,19.263641,32.923313,-98.851936
0,110001.00,-11.413741,0.719494,1.114558,1.131407,-0.067862,-1.338055,19.263641,32.923313,-98.851936
0,110025.00,-12.700690,1.607788,-0.164610,0.342300,-0.539782,-0.785707,19.263641,32.923313,-98.851936
0,110049.00,-13.945140,2.792380,-0.082604,-0.038804,-0.607427,-0.452807,19.263641,32.923313,-98.851936
0,110073.00,-14.698753,3.997922,0.006584,-0.261714,-0.458820,-0.142278,19.263641,32.923313,-98.851936
0,110097.00,-15.892922,4.380415,-0.333410,-0.329626,-0.228986,0.142685,56.915302,15.936284,-46.209896
0,110121.00,-17.165504,4.313374,-0.442351,-0.368242,0.032274,0.516066,56.915302,15.936284,-46.209896
0,110145.00,-19.304834,4.138588,0.160420,-0.581032,0.668779,1.646861,56.915302,15.936284,-46.209896
0,110169.00,-19.614300,2.764845,1.106178,-0.683299,0.996886,2.296416,56.915302,15.936284,-46.209896
0,110193.00,-19.614300,1.029559,2.773226,-0.820188,1.350293,2.972869,56.915302,15.936284,-46.209896
0,110217.00,-19.614300,-0.749423,4.409147,-0.920058,1.709292,3.610972,86.861504,26.268600,-85.310577
0,110241.00,-18.964840,-2.303339,6.274924,-0.958674,1.952975,4.182762,86.861504,26.268600,-85.310577
0,110265.00,-16.870405,-3.847678,8.666853,-0.530698,1.992124,4.876260,86.861504,26.268600,-85.310577
0,110289.00,-16.331083,-5.269308,9.112198,-0.181818,2.055775,4.903424,86.861504,26.268600,-85.310577
0,110313.00,-14.608368,-5.664970,9.483916,-0.037739,2.302653,4.712473,86.861504,26.268600,-85.310577
0,110337.00,-11.465219,-5.211246,9.340856,0.100748,2.508785,4.429108,80.557045,-3.852728,-31.822199
0,110361.00,-8.942799,-5.330363,8.917060,0.321793,2.436080,4.108192,80.557045,-3.852728,-31.822199
0,110385.00,-5.338145,-5.053220,8.016195,0.682923,2.093326,3.282866,80.557045,-3.852728,-31.822199
0,110409.00,-3.247302,-6.112709,7.180577,0.776934,1.877340,2.707614,80.557045,-3.852728,-31.822199
0,110433.00,-1.708948,-6.587982,6.044470,0.509283,1.391039,2.252207,80.557045,-3.852728,-31.822199
0,110457.00,-1.430010,-6.185137,6.168376,0.093291,0.808864,1.765374,33.273560,-22.415873,-11.171623
0,110481.00,-0.381296,-5.746377,6.331191,-0.167170,0.443472,1.218885,33.273560,-22.415873,-11.171623
0,110505.00,0.235841,-5.050826,6.018133,-0.284351,-0.043361,-0.002459,33.273560,-22.415873,-11.171623
0,110529.00,-0.059858,-4.718015,5.691308,-0.332023,-0.372533,-0.687169,33.273560,-22.415873,-11.171623
0,110553.00,-1.219908,-4.306790,5.790672,-0.378362,-0.824744,-1.337789,33.273560,-22.415873,-11.171623
0,110577.00,-2.890547,-4.381014,6.033097,-0.347469,-1.271097,-1.855249,33.273560,-22.415873,-11.171623
0,110601.00,-4.608475,-4.299607,6.237213,-0.344007,-1.580827,-2.350604,34.149181,-25.042732,-46.886963
0,110625.00,-8.049118,-4.515695,6.906427,-0.292075,-1.942756,-3.428935,34.149181,-25.042732,-46.886963
0,110649.00,-10.153728,-4.310980,7.272160,-0.236946,-2.081243,-3.823089,34.149181,-25.042732,-46.886963
0,110673.00,-11.755530,-4.694072,7.306279,-0.175160,-2.160872,-4.079288,34.149181,-25.042732,-46.886963
0,110697.00,-13.622504,-5.148395,7.024347,-0.254524,-2.268998,-4.183153,34.149181,-25.042732,-46.886963
0,110721.00,-14.905264,-3.978767,6.727451,-0.491815,-2.375526,-4.170370,56.740177,-14.360168,-48.748901
0,110745.00,-17.822149,-1.771800,7.982077,-0.657466,-2.263406,-4.058249,56.740177,-14.360168,-48.748901
0,110769.00,-18.299217,0.248411,8.266402,-0.548807,-2.021321,-3.928818,56.740177,-14.360168,-48.748901
0,110793.00,-18.902588,2.727733,8.168834,-0.196199,-1.704133,-3.778347,56.740177,-14.360168,-48.748901
0,110817.00,-18.675127,3.617224,7.391876,0.364138,-1.315839,-3.489389,56.740177,-14.360168,-48.748901
0,110841.00,-18.508720,4.326543,5.929543,0.904235,-0.874014,-3.030253,62.169022,58.316292,-26.574921
0,110865.00,-15.169836,2.961778,3.450220,1.610517,-0.073988,-1.987876,62.169022,58.316292,-26.574921
0,110889.00,-13.532718,2.460766,2.518230,1.632355,0.061303,-1.530338,62.169022,58.316292,-26.574921
0,110913.00,-12.485800,1.788560,1.280365,1.520500,0.046389,-1.121537,62.169022,58.316292,-26.574921
0,110937.00,-11.736376,1.183394,0.157427,1.267230,-0.046290,-0.762803,62.169022,58.316292,-26.574921
0,110961.00,-11.589126,0.897871,-0.674002,0.913024,-0.147492,-0.506604,30.296453,33.448685,-88.188110
0,110985.00,-12.648614,1.523389,-0.569250,0.169192,-0.162140,-0.134288,30.296453,33.448685,-88.188110
0,111009.00,-13.490817,1.991479,-0.620728,-0.066501,-0.021256,0.052935,30.296453,33.448685,-88.188110
0,111033.00,-14.480869,2.032182,-0.920617,-0.210581,0.149455,0.294221,30.296453,33.448685,-88.188110
0,111057.00,-15.928837,2.151300,-0.955934,-0.403130,0.353456,0.637774,30.296453,33.448685,-88.188110
0,111081.00,-16.867413,1.732892,-1.075650,-0.663059,0.595541,1.132064,30.296453,33.448685,-88.188110
0,111105.00,-19.103111,1.441383,1.777187,-1.481461,1.047753,2.259930,9.631821,-3.677604,-40.116283
0,111129.00,-19.571201,2.026795,4.977201,-1.673477,1.420867,2.851427,9.631821,-3.677604,-40.116283
0,111153.00,-19.229412,1.266597,7.280540,-1.426066,1.831533,3.470888,9.631821,-3.677604,-40.116283
0,111177.00,-18.281260,-0.454922,7.613949,-0.955745,2.151650,3.957721,9.631821,-3.677604,-40.116283
0,111201.00,-18.724211,-3.032411,7.887501,-0.589821,2.286142,4.200605,9.631821,-3.677604,-40.116283
0,111225.00,-16.833292,-6.116899,9.269624,-0.760265,2.470435,4.747893,128.716141,14.885540,5.924345
0,111249.00,-14.021159,-5.973239,9.811340,-0.942162,2.392403,5.079728,128.716141,14.885540,5.924345
0,111273.00,-10.715198,-4.683297,9.541380,-0.907274,2.194794,5.115682,128.716141,14.885540,5.924345
0,111297.00,-8.507032,-3.904543,9.269624,-0.575706,1.878672,4.765737,128.716141,14.885540,5.924345
0,111321.00,-6.472456,-3.880600,7.751623,0.456019,1.749506,3.399514,128.716141,14.885540,5.924345
0,111345.00,-3.869227,-5.459058,6.207284,0.815285,1.702900,2.846101,45.006870,10.682565,-0.846335
0,111369.00,-2.124364,-6.441329,4.698860,0.723670,1.348428,2.366724,45.006870,10.682565,-0.846335
0,111393.00,-0.614743,-6.426365,4.580940,0.401157,0.866655,1.813311,45.006870,10.682565,-0.846335
0,111417.00,-0.049084,-6.325803,4.787450,0.108205,0.421900,1.204770,45.006870,10.682565,-0.846335
0,111441.00,-0.344184,-5.278885,4.872449,-0.277161,-0.200490,0.002068,45.006870,10.682565,-0.846335
0,111465.00,-0.842802,-4.739564,4.754529,-0.379161,-0.427661,-0.622719,46.933231,-31.872568,-20.650576
0,111489.00,-1.277372,-4.425907,4.775479,-0.433757,-0.694247,-1.222206,46.933231,-31.872568,-20.650576
0,111513.00,-2.193201,-4.495941,4.995757,-0.454264,-1.010902,-1.817698,46.933231,-31.872568,-20.650576
0,111537.00,-3.462192,-4.418725,5.406383,-0.477966,-1.318502,-2.377503,46.933231,-31.872568,-20.650576
0,111561.00,-6.989031,-4.662347,6.766957,-0.471841,-1.773377,-3.404700,46.933231,-31.872568,-20.650576
0,111585.00,-9.020615,-4.521680,6.927377,-0.542682,-1.937430,-3.877418,13.834796,-1.225868,-57.042984
0,111609.00,-11.464621,-4.521680,7.811481,-0.611392,-2.126517,-4.193806,13.834796,-1.225868,-57.042984
0,111633.00,-13.547682,-4.263093,8.393302,-0.726177,-2.240236,-4.418314,13.834796,-1.225868,-57.042984
0,111657.00,-15.248251,-3.856657,8.774598,-0.814062,-2.324127,-4.454800,13.834796,-1.225868,-57.042984
0,111681.00,-17.550991,-0.936779,9.557542,-0.918992,-2.308414,-4.137080,13.834796,-1.225868,-57.042984
0,111705.00,-18.329147,1.025968,9.538387,-0.698479,-2.075650,-4.049993,95.967957,22.415873,-99.529007
0,111729.00,-19.131245,2.644531,9.322299,-0.166372,-1.664718,-3.936807,95.967957,22.415873,-99.529007
0,111753.00,-19.155787,3.341877,8.246650,0.574265,-1.069226,-3.631338,95.967957,22.415873,-99.529007
0,111777.00,-17.789227,3.101846,7.209907,1.235804,-0.506758,-3.053956,95.967957,22.415873,-99.529007
0,111801.00,-13.052057,1.422827,4.119434,1.764183,0.078347,-2.078691,95.967957,22.415873,-99.529007
0,111825.00,-11.869261,1.086424,3.111424,1.690413,-0.007408,-1.771358,83.183899,-17.337276,-47.564030
0,111849.00,-11.491556,0.843999,1.882537,1.524495,-0.195696,-1.436327,83.183899,-17.337276,-47.564030
0,111873.00,-11.571168,0.659038,0.596785,1.281877,-0.405024,-1.079725,83.183899,-17.337276,-47.564030
0,111897.00,-12.161368,0.806288,-0.269361,0.910627,-0.526199,-0.846428,83.183899,-17.337276,-47.564030
0,111921.00,-13.487226,2.485308,-0.454323,0.303151,-0.409551,-0.541225,83.183899,-17.337276,-47.564030
0,111945.00,-14.869349,2.698403,-1.206141,0.235239,-0.245232,-0.300472,83.183899,-17.337276,-47.564030
0,111969.00,-16.760864,2.746888,-1.373743,0.154544,-0.016995,0.054000,30.121328,-26.618849,11.171623
0,111993.00,-18.257915,2.910300,-1.361772,-0.032412,0.379289,0.532578,30.121328,-26.618849,11.171623
0,112017.00,-19.082760,2.482315,-1.302512,-0.277960,0.838691,1.144049,30.121328,-26.618849,11.171623
0,112041.00,-19.071985,-0.797908,0.648263,-1.122994,1.585453,2.552616,30.121328,-26.618849,11.171623
0,112065.00,-19.563421,-1.998662,4.319959,-1.732600,1.800107,3.263691,30.121328,-26.618849,11.171623
0,112089.00,-17.711411,-1.759828,7.827643,-2.138472,1.989994,3.975831,41.679512,37.126289,-60.259056
0,112113.00,-15.760635,-1.327054,9.445008,-1.971490,2.082407,4.567595,41.679512,37.126289,-60.259056
0,112137.00,-15.396100,-2.023204,9.705391,-1.452432,2.094924,4.731381,41.679512,37.126289,-60.259056
0,112161.00,-14.662838,-4.193059,10.185453,-0.571178,2.287207,4.577715,41.679512,37.126289,-60.259056
0,112185.00,-13.273532,-4.439076,9.583879,-0.317109,2.318899,4.587835,41.679512,37.126289,-60.259056
0,112209.00,-10.927693,-4.746148,8.922447,-0.069697,2.216099,4.507939,38.702404,-39.052654,-60.089790
0,112233.00,-9.472543,-5.202267,8.320873,0.140429,1.967889,4.289024,38.702404,-39.052654,-60.089790
0,112257.00,-8.061090,-4.956250,7.653456,0.282378,1.831799,3.861580,38.702404,-39.052654,-60.089790
0,112281.00,-3.268850,-6.380873,5.790073,0.568938,1.550565,2.885782,38.702404,-39.052654,-60.089790
0,112305.00,-1.550923,-6.379077,5.300434,0.395564,1.155879,2.323847,38.702404,-39.052654,-60.089790
0,112329.00,-0.322635,-5.707469,5.303427,0.207808,0.757464,1.579749,38.702404,-39.052654,-60.089790
0,112353.00,0.151441,-5.441699,5.311807,0.140696,0.379023,0.810882,38.702404,-39.052654,-60.089790
0,112377.00,0.193342,-5.338743,5.150190,0.160137,0.012034,0.128836,38.702404,-39.052654,-60.089790
0,112401.00,-1.684407,-5.311807,4.380415,0.008334,-0.657229,-1.148701,38.702404,-39.052654,-60.089790
0,112425.00,-2.752275,-4.810795,4.575552,-0.226027,-0.962698,-1.683739,38.702404,-39.052654,-60.089790
0,112449.00,-3.890776,-4.346296,5.094522,-0.390080,-1.275092,-2.150864,38.702404,-39.052654,-60.089790
0,112473.00,-4.761711,-4.202038,5.666766,-0.456661,-1.567245,-2.664063,106.825645,19.613888,-5.416544
0,112497.00,-6.820231,-4.205031,6.054646,-0.488885,-1.870584,-3.224401,106.825645,19.613888,-5.416544
0,112521.00,-11.723207,-4.039823,7.333814,-0.533893,-2.140632,-3.959711,106.825645,19.613888,-5.416544
0,112545.00,-13.451310,-3.597471,7.846199,-0.528301,-2.080178,-4.098197,106.825645,19.613888,-5.416544
0,112569.00,-14.549108,-3.253287,8.093412,-0.458258,-2.003211,-4.145602,106.825645,19.613888,-5.416544
0,112593.00,-15.151879,-2.710374,7.764193,-0.314446,-1.906270,-4.181023,9.456697,8.055704,-83.617905
0,112617.00,-15.461944,-2.142920,7.654653,-0.122961,-1.838092,-4.170636,9.456697,8.055704,-83.617905
0,112641.00,-17.676693,0.084998,6.579602,0.192628,-1.612786,-3.879016,9.456697,8.055704,-83.617905
0,112665.00,-18.254324,2.056724,6.435344,0.412875,-1.361912,-3.496580,9.456697,8.055704,-83.617905
0,112689.00,-17.870634,2.985722,5.763137,0.795311,-0.926479,-3.072332,9.456697,8.055704,-83.617905
0,112713.00,-16.849455,2.482914,4.820971,1.166561,-0.497170,-2.563661,44.131248,-8.055704,-69.060944
0,112737.00,-14.810688,1.672435,3.417897,1.335141,-0.133377,-2.111715,44.131248,-8.055704,-69.060944
0,112761.00,-12.257740,1.585641,1.134909,1.114096,-0.136573,-1.435795,44.131248,-8.055704,-69.060944
0,112785.00,-12.158376,1.847819,0.287319,0.871744,-0.316872,-1.144174,44.131248,-8.055704,-69.060944
0,112809.00,-12.589354,2.231510,-0.685375,0.616077,-0.475599,-0.877321,44.131248,-8.055704,-69.060944
0,112833.00,-14.055279,2.516434,-0.966110,0.344164,-0.536320,-0.666662,44.131248,-8.055704,-69.060944
0,112857.00,-15.252440,3.071319,-0.873928,0.067191,-0.398632,-0.417919,31.872568,15.410913,-52.134239
0,112881.00,-17.235538,3.463389,-0.766782,-0.277427,0.106311,0.279307,31.872568,15.410913,-52.134239
0,112905.00,-18.465624,2.840266,-0.102357,-0.457726,0.334281,0.800762,31.872568,15.410913,-52.134239
0,112929.00,-19.329973,1.496452,0.515378,-0.709931,0.633092,1.595728,31.872568,15.410913,-52.134239
0,112953.00,-18.934910,-0.371120,1.446172,-1.087040,0.918055,2.573655,31.872568,15.410913,-52.134239
0,112977.00,-18.219007,-1.998662,3.032411,-1.539252,1.133508,3.455441,78.105309,52.537201,3.046806
0,113001.00,-17.685074,-3.287406,7.345187,-1.937667,1.379055,4.696227,78.105309,52.537201,3.046806
0,113025.00,-17.878414,-4.084118,8.845230,-1.785864,1.427525,5.145243,78.105309,52.537201,3.046806
0,113049.00,-17.631201,-4.886815,10.822343,-1.492113,1.497568,5.539663,78.105309,52.537201,3.046806
0,113073.00,-15.616378,-4.829351,11.258709,-0.989833,1.781199,5.717832,78.105309,52.537201,3.046806
0,113097.00,-13.337580,-4.366648,11.011495,-0.238811,2.080276,5.539131,77.579933,5.779092,-27.590523
0,113121.00,-8.839843,-4.485765,9.242089,1.243261,2.526362,4.159326,77.579933,5.779092,-27.590523
0,113145.00,-6.878892,-5.299836,7.494233,1.647269,2.420900,3.601651,77.579933,5.779092,-27.590523
0,113169.00,-5.521310,-5.815214,5.882854,1.647535,2.123686,3.126270,77.579933,5.779092,-27.590523
0,113193.00,-4.133800,-6.227037,4.467808,1.327418,1.803303,2.632778,77.579933,5.779092,-27.590523
0,113217.00,-2.539779,-6.547278,3.775250,0.860293,1.394235,2.239157,88.787872,32.397942,-9.309686
0,113241.00,0.160420,-5.872677,4.569567,-0.031347,0.518308,1.217021,88.787872,32.397942,-9.309686
0,113265.00,1.013397,-5.020897,5.186105,-0.262779,0.142797,0.555215,88.787872,32.397942,-9.309686
0,113289.00,0.798507,-4.716219,5.457263,-0.343741,-0.207947,-0.188617,88.787872,32.397942,-9.309686
0,113313.00,0.083203,-4.428302,5.421348,-0.397271,-0.549103,-0.865070,88.787872,32.397942,-9.309686
0,113337.00,-0.954138,-4.133800,5.511733,-0.461721,-0.950980,-1.457899,88.787872,32.397942,-9.309686
0,113361.00,-3.859051,-3.910529,6.091159,-0.420175,-1.634358,-2.558334,39.753147,-36.250668,-30.975864
0,113385.00,-5.722434,-3.979366,6.387457,-0.362916,-1.871649,-3.147168,39.753147,-36.250668,-30.975864
0,113409.00,-7.771376,-4.530060,7.046494,-0.264910,-2.112669,-3.681939,39.753147,-36.250668,-30.975864
0,113433.00,-11.201843,-5.190894,7.276350,-0.268905,-2.300424,-4.092338,39.753147,-36.250668,-30.975864
0,113457.00,-13.386065,-5.173535,7.116529,-0.386885,-2.329187,-4.277697,39.753147,-36.250668,-30.975864
0,113481.00,-15.666658,-4.108061,7.754616,-0.543747,-2.272194,-4.359724,46.933231,13.659673,-38.931412
0,113505.00,-16.363407,-3.217372,7.696554,-0.495810,-2.202951,-4.415118,46.933231,13.659673,-38.931412
0,113529.00,-17.753910,-1.893910,7.627717,-0.358122,-2.153149,-4.334423,46.933231,13.659673,-38.931412
0,113553.00,-19.098921,-0.471083,7.622330,-0.136011,-1.959002,-4.099529,46.933231,13.659673,-38.931412
0,113577.00,-19.043253,1.315681,7.521169,0.225652,-1.552597,-3.663829,46.933231,13.659673,-38.931412
0,113601.00,-16.454990,2.079470,5.403988,1.259507,-0.493442,-2.925057,14.360168,35.725296,-31.145130
0,113625.00,-15.009417,1.459340,3.882396,1.509315,-0.213539,-2.602810,14.360168,35.725296,-31.145130
0,113649.00,-13.766763,1.318075,2.719952,1.446996,-0.145894,-2.258724,14.360168,35.725296,-31.145130
0,113673.00,-13.009558,1.748455,1.576662,1.207042,-0.207414,-1.838737,14.360168,35.725296,-31.145130
0,113697.00,-13.126281,1.992676,0.936779,0.919682,-0.340042,-1.378802,14.360168,35.725296,-31.145130
0,113721.00,-13.151422,2.928856,0.344783,0.392634,-0.375462,-0.559335,64.620758,32.047691,-29.960262
0,113745.00,-13.736834,3.033010,0.237637,0.235506,-0.275059,-0.250670,64.620758,32.047691,-29.960262
0,113769.00,-14.447948,2.944420,-0.092780,0.082904,-0.077184,0.071844,64.620758,32.047691,-29.960262
0,113793.00,-15.462543,2.797767,-0.153237,-0.098726,0.142264,0.453481,64.620758,32.047691,-29.960262
0,113817.00,-18.150171,3.050967,0.055668,-0.660662,0.527097,1.498787,64.620758,32.047691,-29.960262
0,113841.00,-19.614300,2.347036,1.156458,-1.002617,0.674905,2.320118,3.852728,-10.857688,-46.717697
0,113865.00,-19.614300,1.542543,3.450819,-1.345105,0.910332,3.453577,3.852728,-10.857688,-46.717697
0,113889.00,-19.614300,0.669213,5.836762,-1.517147,1.285843,4.518325,3.852728,-10.857688,-46.717697
0,113913.00,-19.614300,-0.529744,8.232882,-1.314211,1.697840,5.211024,3.852728,-10.857688,-46.717697
0,113937.00,-16.228127,-4.085913,9.740108,-0.413250,2.289071,5.336195,3.852728,-10.857688,-46.717697
0,113961.00,-14.467701,-6.252178,9.669477,-0.078752,2.322361,5.174805,96.843575,65.671501,-33.684135
0,113985.00,-12.200276,-7.427791,9.501874,0.021118,2.269630,5.014746,96.843575,65.671501,-33.684135
0,114009.00,-9.194203,-7.458318,9.329482,0.010731,2.179614,4.713538,96.843575,65.671501,-33.684135
0,114033.00,-6.004365,-6.785513,9.298356,0.026178,2.018224,4.196078,96.843575,65.671501,-33.684135
0,114057.00,-2.734318,-5.842749,7.264378,0.407016,1.411812,2.825594,96.843575,65.671501,-33.684135
0,114081.00,-2.151898,-6.383267,5.898417,0.532186,1.060536,2.148076,60.943153,-31.172073,-16.926701
0,114105.00,-1.594021,-7.162021,5.210647,0.453089,0.720712,1.556845,60.943153,-31.172073,-16.926701
0,114129.00,-0.738050,-6.936356,5.398602,0.221923,0.412313,1.011155,60.943153,-31.172073,-16.926701
0,114153.00,0.082604,-6.142039,5.553634,0.050679,0.119627,0.369856,60.943153,-31.172073,-16.926701
0,114177.00,-1.314484,-5.956479,5.274096,-0.011107,-0.576534,-1.066142,60.943153,-31.172073,-16.926701
0,114201.00,-2.579285,-6.099540,5.351912,-0.165040,-0.880139,-1.605440,60.943153,-31.172073,-16.926701
0,114225.00,-3.310153,-5.805038,5.724229,-0.398869,-1.127284,-1.976424,35.550175,12.083556,-6.939948
0,114249.00,-3.832115,-5.226210,6.571820,-0.594348,-1.361113,-2.410793,35.550175,12.083556,-6.939948
0,114273.00,-4.847308,-4.662347,7.801305,-0.666521,-1.656728,-2.974859,35.550175,12.083556,-6.939948
0,114297.00,-10.304570,-5.265717,9.732925,-0.458791,-2.253019,-4.021763,35.550175,12.083556,-6.939948
0,114321.00,-12.653402,-4.871850,9.463565,-0.383422,-2.271662,-4.252130,35.550175,12.083556,-6.939948
0,114345.00,-14.823856,-4.176299,9.585675,-0.254257,-2.289505,-4.320574,2.977108,-3.677604,-53.996178
0,114369.00,-15.412860,-2.709776,9.567119,-0.042799,-2.117995,-4.408993,2.977108,-3.677604,-53.996178
0,114393.00,-15.979716,-2.278798,8.984699,0.379585,-1.912928,-4.448408,2.977108,-3.677604,-53.996178
0,114417.00,-18.432701,-1.444376,7.019558,0.996915,-1.322763,-4.054787,2.977108,-3.677604,-53.996178
0,114441.00,-17.260080,-0.281932,6.855547,1.086398,-0.875878,-3.543985,2.977108,-3.677604,-53.996178
0,114465.00,-15.317087,0.498618,5.846939,1.186535,-0.481458,-3.066739,39.052654,2.977108,-66.521935
0,114489.00,-13.677574,0.902061,5.078361,1.239000,-0.406888,-2.640627,39.052654,2.977108,-66.521935
0,114513.00,-13.393249,1.064875,4.688086,1.221689,-0.525667,-2.312254,39.052654,2.977108,-66.521935
0,114537.00,-12.674952,1.216316,2.621784,1.143391,-0.574936,-1.616892,39.052654,2.977108,-66.521935
0,114561.00,-12.451082,1.294731,1.204345,0.997448,-0.564283,-1.274405,39.052654,2.977108,-66.521935
0,114585.00,-12.780301,1.692188,0.614743,0.722605,-0.559489,-1.030455,17.862648,16.461657,-66.352669
0,114609.00,-13.325608,2.205771,0.423197,0.444301,-0.513416,-0.785707,17.862648,16.461657,-66.352669
0,114633.00,-14.391083,2.387739,0.246615,0.244294,-0.394371,-0.491690,17.862648,16.461657,-66.352669
0,114657.00,-16.750689,3.755497,-0.808683,0.010465,0.147058,0.227907,17.862648,16.461657,-66.352669
0,114681.00,-18.108870,4.148765,-0.837415,-0.081149,0.550533,0.624458,17.862648,16.461657,-66.352669
0,114705.00,-19.597540,3.460995,-1.185789,-0.182617,0.962264,1.148576,17.862648,16.461657,-66.352669
0,114729.00,-19.614300,1.188183,-0.201123,-0.454530,1.304752,1.892408,61.468525,-11.383060,17.773037
0,114753.00,-19.614300,-0.976884,1.810109,-0.925650,1.647239,2.892441,61.468525,-11.383060,17.773037
0,114777.00,-17.125401,-2.318304,6.660410,-1.472938,2.025414,4.302073,61.468525,-11.383060,17.773037
0,114801.00,-16.487312,-2.851041,9.204379,-1.201824,2.081075,4.526049,61.468525,-11.383060,17.773037
0,114825.00,-16.056335,-4.808401,9.673068,-0.752276,2.315437,4.463730,61.468525,-11.383060,17.773037
0,114849.00,-16.656712,-6.337775,10.709211,-0.610594,2.403056,4.409933,77.229683,34.499428,-51.287907
0,114873.00,-15.297933,-9.211562,11.173112,-0.706469,2.544206,4.438163,77.229683,34.499428,-51.287907
0,114897.00,-6.941743,-7.664829,11.346700,-1.344838,2.106109,4.746828,77.229683,34.499428,-51.287907
0,114921.00,-4.176299,-5.150789,10.962411,-1.108080,1.697041,4.453343,77.229683,34.499428,-51.287907
0,114945.00,-3.086283,-4.249925,9.723948,-0.429230,1.456288,3.707114,77.229683,34.499428,-51.287907
0,114969.00,-1.774194,-5.417157,8.320275,0.271192,1.433917,2.713740,56.740177,21.365129,-38.931412
0,114993.00,-0.196335,-6.348549,7.323039,0.579325,1.438711,1.765906,56.740177,21.365129,-38.931412
0,115017.00,1.201951,-6.661008,5.545852,0.389705,0.536951,0.432708,56.740177,21.365129,-38.931412
0,115041.00,0.125103,-6.997411,5.790073,0.145223,-0.098223,-0.158789,56.740177,21.365129,-38.931412
0,115065.00,-1.179204,-7.002200,6.201897,-0.137609,-0.460685,-0.669858,56.740177,21.365129,-38.931412
0,115089.00,-1.584444,-5.860107,6.872906,-0.433757,-0.660158,-1.170273,56.740177,21.365129,-38.931412
0,115113.00,-1.798736,-4.864069,7.315258,-0.588223,-0.959769,-1.699718,50.785961,14.710417,-3.046806
0,115137.00,-4.812591,-4.241544,8.771605,-0.446540,-1.867388,-2.869662,50.785961,14.710417,-3.046806
0,115161.00,-7.318849,-4.234960,9.369587,-0.286216,-2.188836,-3.397243,50.785961,14.710417,-3.046806
0,115185.00,-9.811340,-4.666537,9.620991,-0.118434,-2.330518,-3.778879,50.785961,14.710417,-3.046806
0,115209.00,-12.202072,-4.401366,9.383953,-0.022559,-2.366738,-4.033748,50.785961,14.710417,-3.046806
0,115233.00,-14.401857,-3.928487,9.122374,0.050413,-2.390973,-4.158652,91.589851,-2.977108,-10.663822
0,115257.00,-16.095840,-2.767838,7.910845,0.549231,-2.161405,-4.210052,91.589851,-2.977108,-10.663822
0,115281.00,-17.202618,-2.712769,6.691536,0.707958,-1.899080,-4.124829,91.589851,-2.977108,-10.663822
0,115305.00,-17.435465,-1.607788,6.271332,0.640579,-1.575767,-3.784206,91.589851,-2.977108,-10.663822
0,115329.00,-16.882975,-0.016162,6.616714,0.521267,-1.214903,-3.292845,91.589851,-2.977108,-10.663822
0,115353.00,-15.415854,0.967307,6.568827,0.525262,-0.912097,-2.731975,4.027852,19.438765,-70.922882
0,115377.00,-12.935334,1.140895,5.383038,0.819279,-0.654566,-1.759640,4.027852,19.438765,-70.922882
0,115401.00,-11.810600,0.830830,4.333127,0.906899,-0.538184,-1.503706,4.027852,19.438765,-70.922882
0,115425.00,-11.306595,0.554286,3.506487,0.877337,-0.497170,-1.306097,4.027852,19.438765,-70.922882
0,115449.00,-10.826533,0.730269,2.538582,0.750569,-0.485186,-1.102095,4.027852,19.438765,-70.922882
0,115473.00,-10.701429,0.937378,1.844826,0.578792,-0.503030,-0.963343,37.476536,28.370089,-53.488377
0,115497.00,-12.516926,2.076477,0.983468,0.256012,-0.514748,-0.830182,37.476536,28.370089,-53.488377
0,115521.00,-13.586590,3.557366,0.807486,0.171056,-0.353091,-0.766532,37.476536,28.370089,-53.488377
0,115545.00,-15.569090,4.826957,0.760198,0.223255,-0.113137,-0.682907,37.476536,28.370089,-53.488377
0,115569.00,-18.277069,4.525870,1.364764,0.441904,0.225090,-0.430969,37.476536,28.370089,-53.488377
0,115593.00,-19.614300,2.825901,0.147849,0.598234,0.855470,0.172247,37.476536,28.370089,-53.488377
0,115617.00,-19.614300,-0.966708,1.654478,-0.160512,1.782530,1.820768,43.956123,40.103397,-74.646751
0,115641.00,-19.614300,-2.225524,4.352880,-0.784234,2.179347,2.773396,43.956123,40.103397,-74.646751
0,115665.00,-18.473404,-3.438847,6.765162,-1.227657,2.405719,3.628017,43.956123,40.103397,-74.646751
0,115689.00,-17.169096,-4.510906,8.616572,-1.386917,2.467506,4.333499,43.956123,40.103397,-74.646751
0,115713.00,-16.214359,-5.696695,9.139133,-1.298765,2.513845,4.738306,43.956123,40.103397,-74.646751
0,115737.00,-15.875564,-8.234079,12.167355,-1.512354,2.301854,5.094642,123.112175,-6.129340,-59.412724
0,115761.00,-12.976636,-7.508000,12.914982,-1.622877,2.292001,5.238189,123.112175,-6.129340,-59.412724
0,115785.00,-10.448829,-6.278515,13.675179,-1.348300,2.148454,5.244048,123.112175,-6.129340,-59.412724
0,115809.00,-7.301490,-5.314800,12.686923,-0.688892,2.130877,4.923931,123.112175,-6.129340,-59.412724
0,115833.00,-3.219168,-6.409605,10.457808,0.127646,2.197457,4.246412,123.112175,-6.129340,-59.412724
0,115857.00,4.894596,-9.971161,7.075825,0.705028,1.732995,2.404542,71.800842,1.400992,-54.503979
0,115881.00,6.966285,-9.111599,6.354535,0.278916,1.071455,1.312363,71.800842,1.400992,-54.503979
0,115905.00,4.970616,-7.818664,6.368901,-0.138142,0.032008,0.353611,71.800842,1.400992,-54.503979
0,115929.00,0.389676,-7.102761,7.411629,-0.363182,-0.928609,-0.441089,71.800842,1.400992,-54.503979
0,115953.00,-3.229943,-6.453899,7.506205,-0.447872,-1.304387,-1.005421,71.800842,1.400992,-54.503979
0,115976.00,-3.888382,-5.043044,7.873734,-0.384488,-1.050850,-1.964706,50.961086,1.576116,-42.486019
0,116000.00,-3.932677,-4.384605,8.098800,-0.266774,-1.185874,-2.501608,50.961086,1.576116,-42.486019
0,116024.00,-5.229802,-4.749740,8.314289,-0.097927,-1.578697,-3.003621,50.961086,1.576116,-42.486019
0,116048.00,-7.952147,-5.114275,8.896708,0.014726,-1.929707,-3.359159,50.961086,1.576116,-42.486019
0,116072.00,-10.358443,-4.976003,9.213358,0.065327,-2.076183,-3.543453,50.961086,1.576116,-42.486019
0,116096.00,-13.117302,-3.617224,9.394129,0.198221,-2.137170,-3.984478,74.252579,26.268600,-58.227852
0,116120.00,-13.874507,-3.527437,8.652488,0.515408,-2.087901,-4.180223,74.252579,26.268600,-58.227852
0,116144.00,-15.496063,-4.024858,7.520571,0.822209,-1.975247,-4.213780,74.252579,26.268600,-58.227852
0,116168.00,-16.748295,-3.262266,6.727451,0.857097,-1.765653,-4.066772,74.252579,26.268600,-58.227852
0,116192.00,-16.714773,-2.138131,6.303656,0.770276,-1.516111,-3.770091,74.252579,26.268600,-58.227852
0,116216.00,-15.575076,0.569849,6.233023,0.683989,-1.047122,-2.897093,38.001907,12.433805,-57.381519
0,116240.00,-14.508405,1.595817,5.987006,0.798506,-0.904374,-2.451806,38.001907,12.433805,-57.381519
0,116264.00,-13.880493,1.541945,5.244167,1.011562,-0.756300,-2.132755,38.001907,12.433805,-57.381519
0,116288.00,-13.089767,0.946955,3.950036,1.136999,-0.582127,-1.874690,38.001907,12.433805,-57.381519
0,116312.00,-12.517525,0.438760,2.443407,1.064826,-0.492110,-1.581472,38.001907,12.433805,-57.381519
0,116336.00,-12.072180,1.234274,0.618334,0.446431,-0.548038,-0.934314,50.085464,15.060664,-50.103035
0,116360.00,-12.795864,2.136934,0.617137,0.112732,-0.570675,-0.654145,50.085464,15.060664,-50.103035
0,116384.00,-13.755988,2.943223,0.596785,-0.113640,-0.458820,-0.414989,50.085464,15.060664,-50.103035
0,116408.00,-15.254835,3.553775,0.714706,-0.165839,-0.248427,-0.123369,50.085464,15.060664,-50.103035
0,116432.00,-16.575903,3.628597,0.639883,-0.146930,0.129481,0.220983,50.085464,15.060664,-50.103035
0,116456.00,-18.474602,2.623580,1.820883,-0.271302,1.087701,1.196514,50.085464,15.060664,-50.103035
0,116480.00,-18.506327,1.762821,3.541803,-0.382091,1.582257,1.859118,27.844717,27.844717,-93.266121
0,116504.00,-17.686270,0.559075,5.152585,-0.461188,2.079743,2.480443,27.844717,27.844717,-93.266121
0,116528.00,-16.930862,-0.886498,6.356331,-0.479564,2.401192,3.000833,27.844717,27.844717,-93.266121
0,116552.00,-16.620197,-2.657101,7.408038,-0.477433,2.513313,3.473818,27.844717,27.844717,-93.266121
0,116576.00,-16.220945,-5.481205,8.709352,-0.791691,2.453657,4.091681,27.844717,27.844717,-93.266121
0,116600.00,-16.269430,-6.996812,10.214185,-1.107014,2.401458,4.356669,30.471577,31.872568,-54.503979
0,116624.00,-14.603579,-7.136282,11.863276,-1.507560,2.312507,4.828588,30.471577,31.872568,-54.503979
0,116648.00,-11.532260,-5.612295,12.133235,-1.646845,2.171091,5.197708,30.471577,31.872568,-54.503979
0,116672.00,-9.202583,-4.120032,12.117672,-1.211146,1.942322,5.185990,30.471577,31.872568,-54.503979
0,116696.00,-4.003309,-4.661150,9.364200,0.321261,2.061900,3.736942,30.471577,31.872568,-54.503979
0,116720.00,-0.996039,-5.515325,8.252037,0.775070,1.993189,2.782184,36.075546,46.933231,-16.588167
0,116744.00,1.200753,-6.254572,6.884878,0.930601,1.668279,1.995474,36.075546,46.933231,-16.588167
0,116768.00,2.226721,-7.274554,5.517120,0.868282,1.106077,1.324081,36.075546,46.933231,-16.588167
0,116792.00,2.305135,-7.860565,4.458231,0.528990,0.403258,0.601821,36.075546,46.933231,-16.588167
0,116816.00,-1.593422,-6.899842,5.595534,-0.485956,-0.891058,-0.578510,36.075546,46.933231,-16.588167
0,116840.00,-3.038995,-5.627259,6.389852,-0.793023,-1.138203,-1.048032,54.813812,-15.586037,-55.688847
0,116864.00,-3.433460,-4.515096,6.972869,-0.842292,-1.217034,-1.516223,54.813812,-15.586037,-55.688847
0,116888.00,-3.819545,-3.879403,7.586415,-0.712062,-1.299859,-2.082953,54.813812,-15.586037,-55.688847
0,116912.00,-4.783260,-3.784827,7.831234,-0.493679,-1.461249,-2.672319,54.813812,-15.586037,-55.688847
0,116936.00,-9.133148,-4.319959,8.424428,-0.221233,-1.927576,-3.528272,54.813812,-15.586037,-55.688847
0,116960.00,-10.787625,-3.853065,8.684212,-0.202857,-2.059138,-3.750916,54.813812,-15.586037,-55.688847
0,116984.00,-11.991372,-3.817749,8.657276,-0.136544,-2.136637,-3.956781,22.065624,-8.055704,-73.461884
0,117008.00,-13.144837,-3.711202,8.649494,-0.032945,-2.226654,-4.133351,22.065624,-8.055704,-73.461884
0,117032.00,-16.726746,-2.915089,7.967710,0.133239,-2.125185,-4.142939,22.065624,-8.055704,-73.461884
0,117056.00,-17.277439,-1.497649,7.238639,0.172654,-1.810395,-3.848922,22.065624,-8.055704,-73.461884
0,117080.00,-17.310961,-0.120913,6.725057,0.297825,-1.424764,-3.494982,22.065624,-8.055704,-73.461884
0,117104.00,-16.731535,1.189380,6.587383,0.480520,-0.999983,-3.089110,63.570015,19.438765,-88.865181
0,117128.00,-15.420043,1.983099,6.282705,0.738052,-0.590116,-2.681374,63.570015,19.438765,-88.865181
0,117152.00,-12.419357,0.689565,3.512473,1.091192,-0.219132,-1.905850,63.570015,19.438765,-88.865181
0,117176.00,-11.747150,0.545307,2.654108,0.886392,-0.309947,-1.534866,63.570015,19.438765,-88.865181
0,117200.00,-11.425114,1.001426,2.030985,0.559351,-0.477995,-1.146837,63.570015,19.438765,-88.865181
0,117224.00,-11.774087,1.552120,1.662858,0.248822,-0.608492,-0.846428,53.587944,27.319345,-32.160732
0,117248.00,-12.639036,2.408690,1.728103,0.009932,-0.608492,-0.656542,53.587944,27.319345,-32.160732
0,117272.00,-14.707133,4.317564,2.683438,0.027243,-0.153085,-0.289819,53.587944,27.319345,-32.160732
0,117296.00,-16.077883,3.646555,1.971726,0.220858,0.213372,0.018314,53.587944,27.319345,-32.160732
0,117320.00,-17.547400,2.794176,1.929226,0.246691,0.578763,0.425251,53.587944,27.319345,-32.160732
0,117344.00,-18.208233,2.257249,2.293164,0.085834,0.967324,1.048174,53.587944,27.319345,-32.160732
0,117368.00,-18.408758,1.272583,2.402704,-0.158116,1.280783,1.844205,35.900421,63.920261,36.053875
0,117392.00,-18.668543,-1.989084,4.506117,-0.794621,1.707162,3.408303,35.900421,63.920261,36.053875
0,117416.00,-18.194466,-3.482544,5.945106,-1.093965,1.890123,4.084756,35.900421,63.920261,36.053875
0,117440.00,-17.449232,-4.294818,7.443354,-1.296901,2.013696,4.675721,35.900421,63.920261,36.053875
0,117464.00,-16.438229,-4.981390,8.950581,-1.288378,2.146057,5.018741,35.900421,63.920261,36.053875
0,117488.00,-14.744843,-5.326772,10.410520,-1.139772,2.197191,5.232063,-7.880580,11.032812,-5.924345
0,117512.00,-11.247934,-4.916145,10.870829,-0.450535,2.172423,4.961482,-7.880580,11.032812,-5.924345
0,117536.00,-9.045156,-5.421946,10.599072,0.037896,2.057639,4.540430,-7.880580,11.032812,-5.924345
0,117560.00,-5.645217,-6.314430,9.394129,0.371862,1.983069,3.971570,-7.880580,11.032812,-5.924345
0,117584.00,-1.652083,-7.751024,8.203551,0.511946,1.825408,3.355039,-7.880580,11.032812,-5.924345
0,117608.00,1.025968,-8.586045,7.312264,0.416337,1.555625,2.721197,130.467377,-16.286533,-63.136597
0,117632.00,3.480150,-7.018960,6.525131,-0.164507,0.616847,0.981860,130.467377,-16.286533,-63.136597
0,117656.00,1.327652,-6.221650,6.874702,-0.302461,-0.188239,0.187959,130.467377,-16.286533,-63.136597
0,117680.00,-1.536557,-5.727222,7.249413,-0.313380,-0.788258,-0.463992,130.467377,-16.286533,-63.136597
0,117704.00,-3.513670,-5.435713,7.173394,-0.242273,-0.971487,-0.973463,130.467377,-16.286533,-63.136597
0,117728.00,-3.838101,-5.222020,7.048290,-0.187943,-0.925680,-1.407032,79.681419,-32.748188,14.387696
0,117752.00,-3.332899,-4.775479,7.321243,-0.202325,-1.162438,-2.388422,79.681419,-32.748188,14.387696
0,117776.00,-4.754529,-4.684494,8.016195,-0.189808,-1.585088,-2.897093,79.681419,-32.748188,14.387696
0,117800.00,-7.172795,-4.536645,8.793753,-0.167703,-1.986965,-3.329331,79.681419,-32.748188,14.387696
0,117824.00,-9.592259,-4.177496,8.794950,-0.137875,-2.151551,-3.655839,79.681419,-32.748188,14.387696
0,117848.00,-11.835142,-3.614830,9.085261,-0.074225,-2.218398,-3.888603,79.681419,-32.748188,14.387696
0,117872.00,-14.188164,-3.444833,8.078448,0.221923,-2.188570,-4.176229,87.211754,16.461657,-39.947014
0,117896.00,-15.791762,-3.707012,7.267371,0.244028,-2.098287,-4.101393,87.211754,16.461657,-39.947014
0,117920.00,-16.975756,-2.681643,7.193147,0.032570,-1.901210,-3.769825,87.211754,16.461657,-39.947014
0,117944.00,-16.632170,-0.698544,7.320645,-0.149860,-1.591746,-3.338386,87.211754,16.461657,-39.947014
0,117968.00,-15.871373,1.053502,7.050086,-0.130152,-1.269233,-3.005752,87.211754,16.461657,-39.947014
0,117992.00,-14.931602,3.056953,5.846340,0.360410,-0.846849,-2.437158,36.075546,67.597862,-32.160732
0,118016.00,-14.882518,2.810936,4.956250,0.653096,-0.630331,-2.064577,36.075546,67.597862,-32.160732
0,118040.00,-14.385695,2.557138,3.847080,0.759357,-0.352026,-1.610234,36.075546,67.597862,-32.160732
0,118064.00,-13.205893,2.284185,2.924068,0.707958,-0.127518,-1.149767,36.075546,67.597862,-32.160732
0,118088.00,-12.217635,1.862185,1.936409,0.558019,-0.058807,-0.747623,36.075546,67.597862,-32.160732
0,118112.00,-12.984418,1.561099,1.258816,0.012596,-0.233780,-0.086883,32.222816,24.167112,-30.468063
0,118136.00,-14.132496,2.133343,1.383919,-0.256121,-0.154683,0.224712,32.222816,24.167112,-30.468063
0,118160.00,-15.093218,2.472738,1.036144,-0.417511,0.070358,0.561607,32.222816,24.167112,-30.468063
0,118184.00,-16.468758,2.624179,1.398285,-0.541084,0.302855,0.979463,32.222816,24.167112,-30.468063
0,118208.00,-16.912905,2.351226,2.025598,-0.706735,0.628565,1.474020,32.222816,24.167112,-30.468063
0,118232.00,-16.672274,0.648862,4.935898,-1.083578,1.236041,2.721463,68.648613,-0.350248,-55.858116
0,118256.00,-16.477736,0.102956,7.650463,-1.176790,1.431787,3.308166,68.648613,-0.350248,-55.858116
0,118280.00,-12.303831,-3.726765,9.318707,-1.117934,1.604895,3.869836,68.648613,-0.350248,-55.858116
0,118304.00,-17.438457,1.274379,9.786200,-1.031912,1.152949,4.304470,68.648613,-0.350248,-55.858116
0,118328.00,-15.287158,-3.581310,9.307934,-0.360519,1.577996,4.221645,68.648613,-0.350248,-55.858116
0,118352.00,-13.584195,-5.412967,12.064997,-0.035608,2.131410,4.821398,36.250668,69.173981,-29.283194
0,118376.00,-10.541609,-4.232566,11.855494,0.165463,2.206778,4.873597,36.250668,69.173981,-29.283194
0,118400.00,-8.364570,-3.310751,10.578122,0.652829,2.152715,4.430173,36.250668,69.173981,-29.283194
0,118424.00,-7.579830,-3.398144,9.135542,1.235005,1.967356,3.815506,36.250668,69.173981,-29.283194
0,118448.00,-6.961496,-4.869456,7.335609,1.658987,1.879204,3.243451,36.250668,69.173981,-29.283194
0,118472.00,-2.351226,-7.264977,4.285840,1.293329,1.801705,2.431707,104.724152,-36.776039,-50.441570
0,118496.00,0.400451,-7.423601,3.808770,0.790783,1.457087,1.971506,104.724152,-36.776039,-50.441570
0,118520.00,1.943592,-7.570253,3.571134,0.338838,0.954541,1.386667,104.724152,-36.776039,-50.441570
0,118544.00,2.529603,-6.914208,3.978169,-0.118168,0.407253,0.651090,104.724152,-36.776039,-50.441570
0,118568.00,1.719124,-6.148623,4.680304,-0.479830,-0.199957,-0.127896,104.724152,-36.776039,-50.441570
0,118592.00,-1.629337,-4.861076,6.193517,-0.792757,-1.117696,-1.564161,52.537201,2.451736,-38.931412
0,118616.00,-3.117409,-4.329536,6.744810,-0.804475,-1.356586,-2.165778,52.537201,2.451736,-38.931412
0,118640.00,-4.354078,-3.942254,7.395467,-0.730171,-1.556059,-2.719192,52.537201,2.451736,-38.931412
0,118664.00,-5.962465,-3.806975,8.144891,-0.612458,-1.771779,-3.273937,52.537201,2.451736,-38.931412
0,118688.00,-8.548933,-3.914121,8.836850,-0.511789,-1.955806,-3.725349,52.537201,2.451736,-38.931412
0,118712.00,-12.557630,-3.720181,9.433037,-0.467846,-2.084439,-4.109116,52.537201,2.451736,-38.931412
0,118736.00,-13.288497,-3.356243,9.424058,-0.471841,-2.103347,-4.214845,95.617706,-5.603968,-38.254345
0,118760.00,-14.621536,-2.585271,9.377968,-0.401532,-2.184575,-4.215644,95.617706,-5.603968,-38.254345
0,118784.00,-15.943802,-2.020211,8.776992,-0.257986,-2.173656,-4.077158,95.617706,-5.603968,-38.254345
0,118808.00,-17.144554,-0.879914,8.147285,-0.135745,-2.050616,-3.815898,95.617706,-5.603968,-38.254345
0,118832.00,-17.461803,1.775990,7.257195,0.323125,-1.204250,-3.032384,95.617706,-5.603968,-38.254345
0,118856.00,-16.075489,2.011232,5.993591,0.588380,-0.652701,-2.649948,37.301414,8.931324,-53.996178
0,118880.00,-14.594002,2.446999,5.075966,0.726600,-0.296898,-2.243544,37.301414,8.931324,-53.996178
0,118904.00,-13.175963,2.081266,3.913522,0.828867,-0.145894,-1.886408,37.301414,8.931324,-53.996178
0,118928.00,-12.455871,2.176440,2.922871,0.827003,-0.168531,-1.555639,37.301414,8.931324,-53.996178
0,118952.00,-13.043078,2.793577,0.999630,0.684255,-0.242302,-1.041374,37.301414,8.931324,-53.996178
0,118976.00,-14.317457,3.090473,0.639883,0.463476,-0.214871,-0.783843,67.948112,7.705456,-73.800415
0,119000.00,-15.461944,4.118835,1.265400,0.216863,-0.097424,-0.424044,67.948112,7.705456,-73.800415
0,119024.00,-16.575304,4.883223,1.456347,0.124716,0.157977,-0.001128,67.948112,7.705456,-73.800415
0,119048.00,-17.808979,4.610869,0.994842,0.136434,0.483420,0.466797,67.948112,7.705456,-73.800415
0,119072.00,-19.614300,2.239291,1.920248,-0.199129,1.142030,1.929161,67.948112,7.705456,-73.800415
0,119096.00,-19.614300,0.758402,3.569937,-0.528567,1.448032,2.870070,67.948112,7.705456,-73.800415
0,119120.00,-18.610479,-0.223869,5.708068,-0.818057,1.725538,3.707913,-1.050744,33.623810,-97.497803
0,119144.00,-17.310362,-0.678192,7.905458,-0.861467,1.964160,4.244016,-1.050744,33.623810,-97.497803
0,119168.00,-16.820124,-2.285980,8.976918,-0.601805,2.156976,4.502879,-1.050744,33.623810,-97.497803
0,119192.00,-15.037550,-4.935898,11.144979,-0.275030,2.380952,4.849361,-1.050744,33.623810,-97.497803
0,119216.00,-12.631853,-5.161563,11.068958,-0.120564,2.400926,4.878124,-1.050744,33.623810,-97.497803
0,119240.00,-9.367193,-5.778700,10.636185,0.188101,2.339938,4.738306,55.864559,-13.834796,-45.532825
0,119264.00,-6.191123,-5.925951,9.704194,0.420864,2.233943,4.294084,55.864559,-13.834796,-45.532825
0,119288.00,-3.550184,-5.896022,8.702768,0.567607,2.032605,3.592863,55.864559,-13.834796,-45.532825
0,119312.00,-1.480291,-5.611696,6.699916,0.604359,1.230981,2.223711,55.864559,-13.834796,-45.532825
0,119336.00,-1.087023,-6.207883,5.973239,0.502891,0.782498,1.642600,55.864559,-13.834796,-45.532825
0,119360.00,-0.231651,-6.605340,5.325574,0.298890,0.444005,1.066550,66.196877,-0.700496,-40.624084
0,119384.00,0.372317,-6.243798,5.236386,0.037363,0.091663,0.472123,66.196877,-0.700496,-40.624084
0,119408.00,-0.111336,-5.518916,5.515923,-0.172763,-0.315806,-0.199536,66.196877,-0.700496,-40.624084
0,119432.00,-2.739106,-4.680903,6.170771,-0.303260,-1.035403,-1.348175,66.196877,-0.700496,-40.624084
0,119456.00,-3.569937,-4.584531,6.216263,-0.343741,-1.239138,-1.766032,66.196877,-0.700496,-40.624084
0,119480.00,-4.426506,-4.220594,6.522737,-0.398603,-1.419970,-2.220374,59.016788,19.088516,-44.855759
0,119504.00,-5.317194,-4.021266,7.208111,-0.412984,-1.613585,-2.715197,59.016788,19.088516,-44.855759
0,119528.00,-8.630939,-3.892572,8.290346,-0.383955,-2.028245,-3.586596,59.016788,19.088516,-44.855759
0,119552.00,-10.594882,-3.719582,9.000861,-0.361851,-2.166998,-3.845193,59.016788,19.088516,-44.855759
0,119576.00,-12.305028,-3.384377,9.296560,-0.328028,-2.197625,-4.040406,59.016788,19.088516,-44.855759
0,119600.00,-13.601554,-2.800162,9.070297,-0.255322,-2.196559,-4.087278,59.016788,19.088516,-44.855759
0,119624.00,-14.529355,-2.577489,8.535166,-0.165040,-2.184042,-4.001523,56.740177,-7.004960,-51.795708
0,119648.00,-16.200592,-0.608158,8.268797,-0.211912,-1.943555,-3.598581,56.740177,-7.004960,-51.795708
0,119672.00,-16.306541,0.653650,8.051512,-0.129087,-1.650337,-3.325603,56.740177,-7.004960,-51.795708
0,119696.00,-16.214359,1.744265,7.691166,0.125515,-1.286543,-3.021465,56.740177,-7.004960,-51.795708
0,119720.00,-15.585850,2.093237,7.198534,0.460014,-0.933669,-2.597483,56.740177,-7.004960,-51.795708
0,119744.00,-14.410237,2.375768,6.626889,0.755096,-0.585322,-2.149000,32.047691,-11.032812,-100.036804
0,119768.00,-11.065367,1.318075,2.802556,1.231543,-0.133377,-1.733807,32.047691,-11.032812,-100.036804
0,119792.00,-11.405361,0.499815,1.373145,1.098117,-0.291305,-1.580673,32.047691,-11.032812,-100.036804
0,119816.00,-12.534285,0.387880,0.588405,0.660553,-0.521938,-1.248039,32.047691,-11.032812,-100.036804
0,119840.00,-14.001407,1.425820,0.289115,0.094090,-0.712623,-0.725252,32.047691,-11.032812,-100.036804
0,119864.00,-15.643314,2.913892,0.390873,-0.345339,-0.744316,-0.196074,23.641741,41.154140,-32.329998
0,119888.00,-19.150400,4.762908,1.694583,-0.460922,-0.102484,0.508343,23.641741,41.154140,-32.329998
0,119912.00,-19.614300,4.694072,2.724740,-0.284884,0.609123,1.020210,23.641741,41.154140,-32.329998
0,119936.00,-19.334763,3.055756,2.728930,-0.099791,1.314606,1.669765,23.641741,41.154140,-32.329998
0,119960.00,-19.020508,1.008010,2.729529,-0.139740,1.785193,2.384834,23.641741,41.154140,-32.329998
0,119984.00,-18.935509,-0.960722,4.227777,-0.400733,1.979074,3.173408,41.854637,6.479588,-21.835445
0,120008.00,-17.748524,-2.506258,8.653685,-0.899817,2.082140,4.745230,41.854637,6.479588,-21.835445
0,120032.00,-17.322931,-3.915318,10.043590,-0.836699,2.276288,5.049101,41.854637,6.479588,-21.835445
0,120056.00,-17.040401,-4.975405,11.501733,-0.843890,2.363907,5.204100,41.854637,6.479588,-21.835445
0,120080.00,-16.061722,-5.695498,13.833804,-0.837765,2.398529,5.387062,41.854637,6.479588,-21.835445
0,120104.00,-12.443899,-4.993961,13.952323,-0.578901,2.426759,5.628881,41.854637,6.479588,-21.835445
0,120128.00,-5.151387,-5.826587,11.275469,0.567074,2.472566,4.581709,63.394890,38.177032,-35.884605
0,120152.00,-2.079470,-5.854720,9.839474,0.972413,2.434748,3.468225,63.394890,38.177032,-35.884605
0,120176.00,-0.585412,-5.851727,8.316684,1.186268,2.050981,2.597091,63.394890,38.177032,-35.884605
0,120200.00,-0.045492,-6.140243,6.640058,1.161234,1.490377,1.916644,63.394890,38.177032,-35.884605
0,120224.00,-0.074823,-6.695127,5.606309,0.923144,0.872514,1.350713,63.394890,38.177032,-35.884605
0,120248.00,-0.627911,-6.827414,5.187901,0.059468,-0.046024,0.263328,68.123238,-9.281572,-19.465706
0,120272.00,-0.969103,-5.867290,5.629653,-0.317109,-0.356021,-0.296477,68.123238,-9.281572,-19.465706
0,120296.00,-1.433003,-4.955651,6.023520,-0.529632,-0.660957,-0.818464,68.123238,-9.281572,-19.465706
0,120320.00,-2.246474,-4.000316,6.574214,-0.627638,-0.993591,-1.349773,68.123238,-9.281572,-19.465706
0,120344.00,-3.219168,-3.593880,6.928574,-0.591419,-1.334747,-1.903453,68.123238,-9.281572,-19.465706
0,120368.00,-6.309641,-3.973979,7.648667,-0.448405,-1.858599,-3.020133,57.090424,-32.923313,-100.883141
0,120392.00,-8.286755,-3.838101,8.146687,-0.439882,-1.994422,-3.421478,57.090424,-32.923313,-100.883141
0,120416.00,-10.207601,-3.393355,8.715339,-0.448937,-2.134507,-3.663563,57.090424,-32.923313,-100.883141
0,120440.00,-11.479585,-3.120402,8.929031,-0.405261,-2.240236,-3.860906,57.090424,-32.923313,-100.883141
0,120464.00,-12.861709,-3.076706,9.360608,-0.283819,-2.308414,-4.062777,57.090424,-32.923313,-100.883141
0,120488.00,-15.192582,-2.851640,7.901867,0.066659,-2.171525,-4.220705,33.448685,8.230828,-38.085079
0,120512.00,-16.213163,-2.120174,7.394270,0.123385,-2.076715,-4.076625,33.448685,8.230828,-38.085079
0,120536.00,-16.585480,-1.177409,6.975862,0.113531,-1.890558,-3.784472,33.448685,8.230828,-38.085079
0,120560.00,-16.517841,0.177180,7.232055,0.112466,-1.617579,-3.415619,33.448685,8.230828,-38.085079
0,120584.00,-15.721728,0.727874,6.789703,0.202482,-1.267102,-3.056353,33.448685,8.230828,-38.085079
0,120608.00,-13.804473,1.665851,4.869456,0.464541,-0.846583,-2.282426,-6.304464,0.700496,2.369738
0,120632.00,-13.185540,1.615570,3.460995,0.478123,-0.743517,-1.977223,-6.304464,0.700496,2.369738
0,120656.00,-12.935932,2.408690,2.916286,0.338305,-0.743250,-1.682940,-6.304464,0.700496,2.369738
0,120680.00,-13.347756,3.290998,2.388937,0.216331,-0.736326,-1.388656,-6.304464,0.700496,2.369738
0,120704.00,-14.213305,4.094294,2.056125,0.126581,-0.654299,-1.100231,-6.304464,0.700496,2.369738
0,120728.00,-16.528017,4.954454,2.971954,0.016058,-0.116865,-0.331631,19.438765,33.798931,-38.762146
0,120752.00,-16.807554,5.016707,3.255682,0.057870,0.326291,0.193818,19.438765,33.798931,-38.762146
0,120776.00,-17.079309,4.178693,3.212584,0.142560,0.715652,0.721665,19.438765,33.798931,-38.762146
0,120800.00,-17.592293,3.225753,3.316737,0.146555,0.996619,1.268154,19.438765,33.798931,-38.762146
0,120824.00,-18.190275,1.980704,3.943451,0.035499,1.229916,1.891077,19.438765,33.798931,-38.762146
0,120848.00,-18.458441,-0.821852,5.962465,-0.369307,1.758561,3.350511,83.884399,-14.535293,-80.063301
0,120872.00,-18.202248,-2.600834,6.765760,-0.573309,2.010234,4.043743,83.884399,-14.535293,-80.063301
0,120896.00,-17.822746,-3.734546,7.870142,-0.732568,2.178282,4.578514,83.884399,-14.535293,-80.063301
0,120920.00,-17.445641,-5.730215,8.441188,-0.801279,2.220893,5.007289,83.884399,-14.535293,-80.063301
0,120944.00,-17.076916,-6.625692,9.960985,-0.897420,2.121023,5.430472,83.884399,-14.535293,-80.063301
0,120968.00,-12.628860,-5.245963,11.774087,-0.645215,2.273891,5.515961,83.884399,-14.535293,-80.063301
0,120992.00,-9.831692,-4.286438,11.238357,-0.012438,2.436080,5.040845,102.972916,24.867609,-40.285549
0,121016.00,-7.676202,-4.928117,9.733524,0.722871,2.518905,4.352408,102.972916,24.867609,-40.285549
0,121040.00,-5.082551,-6.410802,8.329253,1.177480,2.551396,3.642398,102.972916,24.867609,-40.285549
0,121064.00,-2.010633,-7.332018,7.349975,1.239000,2.419834,3.043710,102.972916,24.867609,-40.285549
0,121088.00,2.156687,-7.495430,5.217231,0.588113,1.471468,1.686543,102.972916,24.867609,-40.285549
0,121112.00,2.220735,-7.267371,5.277688,0.128978,0.706064,1.047641,61.643650,-4.553224,17.942303
0,121136.00,1.725110,-6.837590,5.996584,-0.266774,0.057042,0.400749,61.643650,-4.553224,17.942303
0,121160.00,0.449534,-5.809228,6.650234,-0.525105,-0.393039,-0.271443,61.643650,-4.553224,17.942303
0,121184.00,-0.864949,-4.665340,7.244625,-0.631633,-0.701438,-0.962544,61.643650,-4.553224,17.942303
0,121208.00,-2.661889,-4.006302,7.632505,-0.508859,-1.275092,-2.195606,61.643650,-4.553224,17.942303
0,121232.00,-4.194257,-3.763877,7.895282,-0.450002,-1.620775,-2.748487,48.509350,-20.139261,-23.528114
0,121256.00,-6.303057,-3.641766,8.301120,-0.370639,-1.965926,-3.222803,48.509350,-20.139261,-23.528114
0,121280.00,-8.805125,-3.762081,8.691395,-0.325897,-2.217865,-3.587129,48.509350,-20.139261,-23.528114
0,121304.00,-10.757696,-3.997922,8.813505,-0.315777,-2.317469,-3.872092,48.509350,-20.139261,-23.528114
0,121328.00,-13.254976,-4.270875,8.835054,-0.459057,-2.339307,-4.265180,48.509350,-20.139261,-23.528114
0,121352.00,-14.412632,-3.629196,8.872167,-0.456394,-2.379521,-4.311253,48.509350,-20.139261,-23.528114
0,121376.00,-15.892323,-3.629196,8.784175,-0.370639,-2.415741,-4.241477,101.396797,56.915302,-60.766857
0,121400.00,-17.276842,-2.076477,8.430414,-0.382357,-2.280717,-4.029220,101.396797,56.915302,-60.766857
0,121424.00,-17.841902,-0.333410,8.048519,-0.291276,-1.987232,-3.787135,101.396797,56.915302,-60.766857
0,121448.00,-17.336699,2.341050,7.527155,0.409146,-1.049252,-3.237983,101.396797,56.915302,-60.766857
0,121472.00,-15.939611,2.677453,6.685550,0.832063,-0.561087,-2.802283,101.396797,56.915302,-60.766857
0,121496.00,-14.331224,1.810109,5.247759,1.161767,-0.206881,-2.392949,37.126289,20.664633,-66.352669
0,121520.00,-12.348125,1.048714,3.611837,1.231010,-0.036170,-2.003057,37.126289,20.664633,-66.352669
0,121544.00,-11.077338,0.523160,1.989084,1.012894,-0.143764,-1.596652,37.126289,20.664633,-66.352669
0,121568.00,-12.325978,1.887924,1.525783,-0.065170,-0.729135,-0.773723,37.126289,20.664633,-66.352669
0,121592.00,-13.532718,3.640569,2.406894,-0.476102,-0.794384,-0.370780,37.126289,20.664633,-66.352669
0,121616.00,-14.553897,5.144205,2.630165,-0.559993,-0.576800,-0.081557,84.409767,67.597862,-73.800415
0,121640.00,-15.957569,5.572788,2.915089,-0.377031,-0.232448,0.080100,84.409767,67.597862,-73.800415
0,121664.00,-17.019451,5.618280,2.928856,-0.137076,0.226688,0.324848,84.409767,67.597862,-73.800415
0,121688.00,-19.065401,3.616027,2.167462,0.029906,1.022719,1.421022,84.409767,67.597862,-73.800415
0,121712.00,-19.614300,2.604426,3.179063,-0.216173,1.305551,2.153402,84.409767,67.597862,-73.800415
0,121736.00,-19.614300,1.218711,5.075966,-0.500870,1.557756,2.972603,25.042732,67.072495,-67.199005
0,121760.00,-19.614300,-0.704530,6.717275,-0.712328,1.850175,3.835747,25.042732,67.072495,-67.199005
0,121784.00,-19.580780,-2.314713,8.076054,-0.877180,2.101582,4.608874,25.042732,67.072495,-67.199005
0,121808.00,-18.660162,-6.538300,10.856462,-0.952549,2.197989,5.678416,25.042732,67.072495,-67.199005
0,121832.00,-17.085295,-6.936954,12.452878,-1.000486,2.203582,6.153265,25.042732,67.072495,-67.199005
0,121856.00,-13.647645,-4.951461,13.480641,-0.798083,2.307714,6.326906,25.042732,67.072495,-67.199005
0,121880.00,-10.592488,-3.514269,12.941319,-0.023358,2.356450,5.922099,36.951164,0.875620,-22.173979
0,121904.00,-9.507859,-3.402334,11.247335,0.990257,2.387077,4.978527,36.951164,0.875620,-22.173979
0,121928.00,-6.382070,-7.819861,7.434375,2.101078,2.453124,3.393122,36.951164,0.875620,-22.173979
0,121952.00,-3.234133,-9.306736,5.884649,1.764450,2.368168,2.945971,36.951164,0.875620,-22.173979
0,121976.00,0.751219,-9.377968,4.964032,1.126613,1.917554,2.558209,36.951164,0.875620,-22.173979
0,122000.00,2.704389,-8.522595,5.162162,0.484249,1.127649,1.941145,83.183899,13.134300,-34.022671
0,122024.00,2.561328,-7.745637,5.381243,0.023515,0.405921,1.115286,83.183899,13.134300,-34.022671
0,122048.00,-0.456717,-6.646044,5.644020,-0.545611,-0.483854,-0.357198,83.183899,13.134300,-34.022671
0,122072.00,-1.406665,-5.498564,5.736800,-0.822584,-0.755235,-0.953222,83.183899,13.134300,-34.022671
0,122096.00,-2.330874,-4.447456,6.259361,-0.968528,-1.040197,-1.539393,83.183899,13.134300,-34.022671
0,122120.00,-2.918681,-4.170313,6.753190,-0.955212,-1.287875,-2.194008,63.044643,7.004960,-76.508690
0,122144.00,-6.487420,-3.959613,7.659441,-0.744286,-1.760593,-3.532001,63.044643,7.004960,-76.508690
0,122168.00,-8.628544,-4.403760,8.088025,-0.632698,-1.996553,-3.999659,63.044643,7.004960,-76.508690
0,122192.00,-10.317739,-4.846111,8.585446,-0.680369,-2.179781,-4.402335,63.044643,7.004960,-76.508690
0,122216.00,-12.103307,-5.167549,9.163675,-0.868924,-2.351291,-4.749616,63.044643,7.004960,-76.508690
0,122240.00,-13.065825,-4.820372,10.138165,-1.060675,-2.517741,-5.022861,63.044643,7.004960,-76.508690
0,122264.00,-17.215187,-3.738736,10.719387,-0.846287,-2.838125,-4.908343,49.034721,94.917213,-42.655289
0,122288.00,-19.207863,-2.202778,10.360239,-0.734699,-2.665549,-4.608200,49.034721,94.917213,-42.655289
0,122312.00,-19.467648,-0.383690,9.559338,-0.520311,-2.203750,-4.323770,49.034721,94.917213,-42.655289
0,122336.00,-19.078569,1.359377,8.904490,-0.215374,-1.621574,-4.243075,49.034721,94.917213,-42.655289
0,122360.00,-17.676693,2.310522,8.422632,0.172121,-1.037534,-4.153326,49.034721,94.917213,-42.655289
0,122384.00,-15.824085,2.144716,6.772345,1.222754,-0.341906,-2.966337,82.658531,17.862648,-16.588167
0,122408.00,-13.879296,1.151071,4.899983,1.456317,-0.157080,-2.175898,82.658531,17.862648,-16.588167
0,122432.00,-11.707046,0.748825,3.207197,1.397993,-0.134709,-1.599848,82.658531,17.862648,-16.588167
0,122456.00,-11.042621,0.416612,2.085456,1.119422,-0.280919,-1.291183,82.658531,17.862648,-16.588167
0,122480.00,-11.496943,0.751818,1.662259,0.683190,-0.470006,-1.041641,82.658531,17.862648,-16.588167
0,122504.00,-13.724263,2.174644,2.285980,-0.029749,-0.457755,-0.340153,-3.327356,29.245708,-94.958794
0,122528.00,-14.096581,3.284414,2.717557,-0.205254,-0.137372,-0.042407,-3.327356,29.245708,-94.958794
0,122552.00,-14.772379,3.380785,2.715163,-0.184748,0.153183,0.196215,-3.327356,29.245708,-94.958794
0,122576.00,-16.201790,3.442439,3.141353,-0.158648,0.383018,0.463334,-3.327356,29.245708,-94.958794
0,122600.00,-17.543808,3.378989,3.660921,-0.158915,0.630163,0.911285,-3.327356,29.245708,-94.958794
0,122624.00,-19.002550,0.545906,4.577348,-0.291276,1.260809,2.484438,30.996948,5.078596,-28.944660
0,122648.00,-18.239958,-1.307899,5.599126,-0.530165,1.567876,3.336663,30.996948,5.078596,-28.944660
0,122672.00,-17.689861,-3.079100,7.301490,-0.756537,1.739386,4.078897,30.996948,5.078596,-28.944660
0,122696.00,-16.927868,-3.929684,8.581256,-0.855075,1.882933,4.695694,30.996948,5.078596,-28.944660
0,122720.00,-16.211367,-5.016707,9.024206,-0.813796,2.002777,5.108491,30.996948,5.078596,-28.944660
0,122744.00,-14.586819,-5.318391,11.815988,-0.639356,1.871215,5.512232,30.646700,32.397942,-25.559319
0,122768.00,-12.607311,-4.490554,12.248761,-0.263845,1.839789,5.395051,30.646700,32.397942,-25.559319
0,122792.00,-11.385009,-4.237354,11.860283,0.436577,1.796379,5.045107,30.646700,32.397942,-25.559319
0,122816.00,-9.922077,-5.128043,11.073747,1.169224,1.858431,4.528446,30.646700,32.397942,-25.559319
0,122840.00,-7.447544,-6.021724,9.834086,1.674700,2.097587,3.836013,30.646700,32.397942,-25.559319
0,122864.00,-2.031584,-7.667822,7.148852,1.686950,2.168428,2.339293,58.316292,1.225868,-38.085079
0,122888.00,-1.339025,-7.127303,5.717645,1.149516,1.689851,1.954461,58.316292,1.225868,-38.085079
0,122912.00,-1.236668,-6.975862,5.301631,0.625665,1.079711,1.654052,58.316292,1.225868,-38.085079
0,122936.00,-0.773965,-6.802274,5.451276,0.115928,0.670377,1.312363,58.316292,1.225868,-38.085079
0,122960.00,0.272953,-6.308444,6.118694,-0.318174,0.420036,0.858554,58.316292,1.225868,-38.085079
0,122984.00,0.823049,-3.996126,6.779528,-0.738694,-0.129649,-0.594223,53.938194,-21.365129,-63.982933
0,123008.00,-0.695551,-3.927289,7.109345,-0.715257,-0.608226,-1.348974,53.938194,-21.365129,-63.982933
0,123032.00,-2.121969,-3.947641,7.526556,-0.687294,-1.060438,-1.949260,53.938194,-21.365129,-63.982933
0,123056.00,-3.595077,-4.209820,8.158059,-0.696615,-1.407719,-2.449676,53.938194,-21.365129,-63.982933
0,123080.00,-4.829351,-3.950036,8.699775,-0.749080,-1.672974,-2.924258,53.938194,-21.365129,-63.982933
0,123104.00,-8.773999,-3.911128,10.327915,-0.704871,-2.223191,-3.766096,53.938194,-21.365129,-63.982933
0,123128.00,-11.185083,-4.037428,10.488934,-0.642552,-2.380320,-4.124829,20.314384,-16.461657,-66.014137
0,123152.00,-13.025720,-4.227777,10.682874,-0.553601,-2.406153,-4.273702,20.314384,-16.461657,-66.014137
0,123176.00,-14.406047,-4.576750,10.729563,-0.464117,-2.217066,-4.301399,20.314384,-16.461657,-66.014137
0,123200.00,-15.470324,-3.901551,9.583879,-0.435621,-1.921717,-4.216976,20.314384,-16.461657,-66.014137
0,123224.00,-18.516502,-1.529374,8.218516,-0.332822,-1.684426,-3.920828,20.314384,-16.461657,-66.014137
0,123248.00,-18.904982,0.727276,7.839016,-0.227891,-1.428226,-3.596716,38.702404,16.987028,-50.949371
0,123272.00,-18.075947,2.642735,7.257195,0.031238,-1.036469,-3.194307,38.702404,16.987028,-50.949371
0,123296.00,-17.278637,3.532226,6.558651,0.445632,-0.682796,-2.745291,38.702404,16.987028,-50.949371
0,123320.00,-15.769614,3.665709,5.529092,0.826736,-0.423400,-2.235554,38.702404,16.987028,-50.949371
0,123344.00,-12.980826,2.392528,3.152127,1.065093,-0.256151,-1.281595,38.702404,16.987028,-50.949371
0,123368.00,-11.884226,1.901692,2.230313,0.876006,-0.262276,-0.857614,20.664633,5.603968,-51.457172
0,123392.00,-11.277864,1.860988,1.756835,0.539910,-0.329655,-0.467987,20.664633,5.603968,-51.457172
0,123416.00,-11.042023,2.419464,1.249238,0.191030,-0.354689,-0.123901,20.664633,5.603968,-51.457172
0,123440.00,-11.161139,2.818717,1.396489,-0.054783,-0.315274,0.111259,20.664633,5.603968,-51.457172
0,123464.00,-11.792045,3.228745,1.628140,-0.132016,0.295931,0.415397,20.664633,5.603968,-51.457172
0,123488.00,-12.260733,3.228745,1.307301,-0.041467,0.636288,0.618865,54.638691,35.024799,-57.550785
0,123512.00,-13.404621,1.981303,1.732892,-0.067567,0.949481,0.819138,54.638691,35.024799,-57.550785
0,123536.00,-15.715742,0.457316,3.811165,-0.248398,1.782797,1.373883,54.638691,35.024799,-57.550785
0,123560.00,-14.418018,1.405468,1.174416,-0.533361,3.902971,2.308667,54.638691,35.024799,-57.550785
0,123584.00,-14.949558,7.156633,-3.274238,-1.754172,3.637450,2.326510,54.638691,35.024799,-57.550785
0,123608.00,-15.546943,7.857572,-2.367986,-1.818356,2.004108,2.401879,54.638691,35.024799,-57.550785
0,123632.00,-15.021388,10.214784,-4.260100,-1.386384,-0.011136,2.441827,76.879440,46.057613,-50.949371
0,123656.00,-10.593086,13.460888,-11.910563,-0.476901,-4.189966,1.455643,76.879440,46.057613,-50.949371
1,123680.00,6.346155,2.635552,-19.051035,-0.445209,-8.676661,-2.621718,76.879440,46.057613,-50.949371
1,123704.00,10.141757,-19.614300,19.614300,1.380416,-8.676661,-5.104887,76.879440,46.057613,-50.949371
1,123728.00,3.559162,-7.871938,19.614300,3.022013,-8.676661,2.958488,76.879440,46.057613,-50.949371
0,123752.00,11.800425,-1.693385,18.410553,4.276914,-3.134273,3.315623,-28.545212,25.392981,-7.278481
0,123776.00,6.437140,-6.594566,19.614300,5.288664,-0.732331,1.564036,-28.545212,25.392981,-7.278481
0,123800.00,8.890722,-11.479585,10.904947,5.306774,2.186804,0.974669,-28.545212,25.392981,-7.278481
0,123824.00,10.376400,-6.122884,4.453442,2.867548,3.647038,0.133630,-28.545212,25.392981,-7.278481
0,123848.00,10.326119,-5.562014,2.233305,2.473394,3.021451,-0.461862,-28.545212,25.392981,-7.278481
0,123872.00,7.223675,-7.097972,3.282019,1.936226,2.275489,-0.935379,7.880580,29.595957,-77.693558
0,123896.00,5.071776,-7.770179,3.839298,1.461111,2.098386,-0.588896,7.880580,29.595957,-77.693558
0,123920.00,4.769493,-7.672610,4.336719,1.802800,1.625934,0.574390,7.880580,29.595957,-77.693558
0,123944.00,4.773683,-5.256139,1.677224,1.600130,0.818717,2.386965,7.880580,29.595957,-77.693558
0,123968.00,4.972412,-2.471541,3.708209,1.382280,-0.038833,2.675656,7.880580,29.595957,-77.693558
0,123992.00,4.480977,-1.881938,4.864069,1.161501,-0.443906,2.566997,7.880580,29.595957,-77.693558
0,124016.00,2.952201,-0.638087,6.131863,0.814219,-0.586121,2.359534,-16.987028,17.687525,-10.325288
0,124040.00,1.961550,-1.422228,7.049488,0.697038,-0.846316,2.256202,-16.987028,17.687525,-10.325288
0,124064.00,4.247530,3.527437,4.333127,0.228581,-1.224224,2.538235,-16.987028,17.687525,-10.325288
0,124088.00,3.574127,1.007412,8.150278,-0.374634,-1.748343,2.367257,-16.987028,17.687525,-10.325288
0,124112.00,2.796570,2.618792,11.537048,-0.232685,-1.620775,2.567796,-16.987028,17.687525,-10.325288
0,124136.00,2.825901,3.628597,11.508317,0.073317,-1.322230,2.552350,44.131248,36.425793,-52.134239
0,124160.00,3.429270,1.952571,10.268057,0.268796,-1.129947,2.509206,44.131248,36.425793,-52.134239
0,124184.00,6.064223,-0.861358,8.277177,-0.262513,-0.887063,2.698560,44.131248,36.425793,-52.134239
0,124208.00,7.428389,1.843031,8.204150,-0.725378,-1.085738,3.047173,44.131248,36.425793,-52.134239
0,124232.00,8.299923,3.581908,7.611555,-0.827644,-1.500931,3.002164,44.131248,36.425793,-52.134239
0,124256.00,7.780953,3.016848,8.636326,-0.809801,-1.958203,2.630914,-41.154140,12.083556,-53.319111
0,124280.00,7.152443,1.248640,9.142126,-0.839895,-2.280450,2.298280,-41.154140,12.083556,-53.319111
0,124304.00,7.235048,0.555483,10.259078,-1.002084,-2.286309,2.190953,-41.154140,12.083556,-53.319111
0,124328.00,7.763595,1.276773,9.786798,-1.225793,-1.979242,2.157663,-41.154140,12.083556,-53.319111
0,124352.00,8.281367,1.259414,8.246650,-1.375199,-1.835163,1.975500,-41.154140,12.083556,-53.319111
0,124376.00,8.692593,1.639513,8.250839,-1.413549,-1.900411,1.746998,-8.230828,46.407860,-0.507801
0,124400.00,9.474937,0.812274,7.906655,-1.261214,-2.012532,1.628752,-8.230828,46.407860,-0.507801
0,124424.00,9.774826,0.511787,7.403249,-1.376264,-1.965926,1.595195,-8.230828,46.407860,-0.507801
0,124448.00,9.907113,0.939173,7.279941,-1.349632,-1.920119,1.617566,-8.230828,46.407860,-0.507801
0,124472.00,10.328514,0.493231,6.327599,-1.252958,-1.839690,1.560840,-8.230828,46.407860,-0.507801
0,124496.00,11.192266,0.195736,4.914948,-1.171996,-1.814923,1.491863,-8.230828,46.407860,-0.507801
0,124520.00,11.757326,-0.023943,4.182285,-1.099824,-2.016261,1.397586,-45.357117,44.656620,-26.913456
0,124544.00,9.986724,-0.557279,4.773683,-0.898219,-2.278586,1.324348,-45.357117,44.656620,-26.913456
0,124568.00,10.090279,-1.335434,3.471171,-0.673179,-2.140898,1.357105,-45.357117,44.656620,-26.913456
0,124592.00,10.475765,-1.699371,2.343444,-0.540019,-2.064731,1.350713,-45.357117,44.656620,-26.913456
0,124616.00,10.297986,-1.662259,2.550553,-0.611925,-2.077780,1.202373,-45.357117,44.656620,-26.913456
0,124640.00,9.645533,-2.735515,1.007412,-0.466514,-2.096157,0.994910,-32.047691,50.610836,83.787170
0,124664.00,8.380133,-2.959983,1.520396,-0.443877,-2.068459,0.964549,-32.047691,50.610836,83.787170
0,124688.00,7.724088,-2.809739,1.747856,-0.382091,-1.866589,0.938716,-32.047691,50.610836,83.787170
0,124712.00,8.606397,-2.891146,0.422598,-0.158648,-1.570441,0.911285,-32.047691,50.610836,83.787170
0,124736.00,8.465730,-3.310751,0.174187,-0.072893,-1.340074,0.767206,-32.047691,50.610836,83.787170
0,124760.00,8.657276,-4.551610,-1.188782,-0.090470,-1.025017,0.370389,5.603968,18.563145,37.915810
0,124784.00,8.066477,-5.002939,-0.759599,-0.138674,-0.952312,0.283036,5.603968,18.563145,37.915810
0,124808.00,8.496258,-4.749141,-0.853576,-0.111243,-0.828739,0.364530,5.603968,18.563145,37.915810
0,124832.00,9.038572,-4.586327,-1.301315,-0.080616,-0.714754,0.387966,5.603968,18.563145,37.915810
0,124856.00,9.066706,-4.613263,-1.383919,-0.010308,-0.722477,0.320321,5.603968,18.563145,37.915810
0,124880.00,8.014998,-5.177725,-1.373743,0.000878,-0.778937,0.091285,-27.144220,5.428844,40.793350
0,124904.00,7.804897,-5.401594,-1.422827,-0.033478,-0.729668,0.077437,-27.144220,5.428844,40.793350
0,124928.00,7.736060,-4.528863,-1.373743,-0.102188,-0.625004,0.013253,-27.144220,5.428844,40.793350
0,124952.00,7.833629,-5.145401,-1.917853,-0.069964,-0.492377,-0.131891,-27.144220,5.428844,40.793350
0,124976.00,7.754616,-5.205260,-1.881938,-0.098194,-0.395170,-0.191813,-27.144220,5.428844,40.793350
0,125000.00,7.542718,-5.341137,-1.878945,-0.314978,-0.136040,-0.250670,35.375050,96.318199,66.691200
0,125024.00,7.590006,-5.002939,-1.635922,-0.432159,-0.052948,-0.249605,35.375050,96.318199,66.691200
0,125048.00,7.434375,-4.178693,-0.984067,-0.465183,0.007506,-0.214184,35.375050,96.318199,66.691200
0,125072.00,8.045527,-3.296984,-1.400679,-0.403663,0.109241,-0.252001,35.375050,96.318199,66.691200
0,125096.00,8.313690,-3.669900,-1.415045,-0.288612,0.084739,-0.378237,35.375050,96.318199,66.691200
0,125120.00,7.320046,-3.829122,-0.952342,-0.317109,0.070091,-0.520452,13.659673,46.582985,11.510157
0,125144.00,7.269765,-3.747117,-0.165208,-0.299798,0.101517,-0.551345,13.659673,46.582985,11.510157
0,125168.00,8.134715,-3.521451,-0.760796,-0.148528,0.229085,-0.436561,13.659673,46.582985,11.510157
0,125192.00,8.591432,-3.576521,-1.107973,-0.006846,0.240004,-0.332963,13.659673,46.582985,11.510157
0,125216.00,8.170630,-3.823136,-0.933188,0.059734,0.254385,-0.389423,13.659673,46.582985,11.510157
0,125240.00,8.390308,-4.090104,-1.474903,-0.028418,0.606194,-0.611001,-29.070585,68.648613,50.103035
0,125264.00,9.860424,-4.508512,-2.562525,0.033635,0.553196,-0.554807,-29.070585,68.648613,50.103035
0,125288.00,10.038800,-3.991936,-2.112392,-0.076888,0.366239,-0.493820,-29.070585,68.648613,50.103035
0,125312.00,9.824509,-3.455009,-1.774194,-0.145865,0.166499,-0.509799,-29.070585,68.648613,50.103035
