0,100856.00,-3.024031,-3.820742,8.404077,-0.085827,-0.086369,0.124045
0,100878.00,-3.484938,-3.378989,8.450167,-0.101540,-0.089032,0.077439
0,100900.00,-3.170084,-3.326314,8.496857,-0.031231,0.002848,0.015387
0,100922.00,-2.743296,-3.402334,8.614777,0.048398,0.045726,-0.027491
0,100944.00,-2.555941,-3.543000,8.714141,0.108054,0.024420,-0.029355
0,100966.00,-2.436224,-3.683667,8.917659,0.134420,-0.020055,-0.012044
0,100988.00,-2.383549,-3.804580,9.033783,0.122169,-0.068526,0.016452
0,101010.00,-2.469745,-3.872220,9.172055,0.084618,-0.131910,0.034295
0,101032.00,-2.886357,-3.813559,9.282793,0.038545,-0.178516,0.032964
0,101054.00,-2.797169,-3.627400,9.312722,0.017772,-0.144693,-0.010713
0,101076.00,-2.396119,-3.620217,9.234308,0.038278,-0.127382,-0.046666
0,101098.00,-2.567314,-4.053590,9.075684,0.068905,-0.283180,-0.067173
0,101120.00,-2.538582,-3.845882,8.790759,0.018571,-0.332449,-0.077293
0,101142.00,-2.722945,-3.631590,8.521996,-0.013122,-0.372929,-0.080755
0,101164.00,-3.041988,-3.493318,8.519603,-0.011524,-0.354021,-0.086880
0,101186.00,-2.846851,-3.690850,8.506433,0.019369,-0.246427,-0.105256
0,101208.00,-2.371578,-3.921902,8.520201,0.021500,-0.165200,-0.095669
0,101230.00,-1.983697,-3.778243,8.380732,-0.017649,-0.171591,-0.064243
0,101252.00,-1.883734,-3.658527,8.269396,-0.047743,-0.226720,-0.022697
0,101274.00,-1.801729,-3.603457,8.178411,-0.065853,-0.241101,0.047611
0,101296.00,-1.568282,-3.747117,8.224502,-0.075973,-0.224323,0.099810
0,101318.00,-1.407264,-3.806975,8.991882,-0.090088,-0.062666,0.197283
0,101340.00,-0.290312,-3.826728,9.576097,-0.017383,0.068363,0.149346
0,101362.00,0.815267,-4.427104,10.357245,0.127229,0.075287,0.097413
0,101384.00,1.559303,-5.578176,11.854896,0.281162,-0.026713,0.066786
0,101406.00,2.397915,-6.348549,12.820406,0.336823,-0.188902,0.010859
0,101428.00,2.625974,-6.772345,13.843980,0.335225,-0.480256,-0.050128
0,101450.00,1.693385,-6.407210,13.897852,0.262786,-0.873611,-0.217111
0,101472.00,1.396489,-5.654195,14.533545,0.250269,-1.131409,-0.447744
0,101494.00,1.389905,-5.583563,13.813452,0.272107,-1.316502,-0.607536
0,101516.00,-0.150842,-6.485026,13.261560,0.227632,-1.622770,-0.783041
0,101538.00,-1.032552,-5.134627,11.167126,-0.555083,-1.605725,-0.936974
0,101560.00,0.099963,-4.073343,9.715567,-0.829659,-1.554326,-0.704210
0,101582.00,-0.333410,-3.209591,8.337634,-0.979065,-1.923712,-0.530836
0,101604.00,-2.551750,-2.569708,7.624724,-1.009692,-2.194559,-0.214980
0,101626.00,-4.479181,-1.890319,6.593967,-1.020877,-2.000412,0.054269
0,101648.00,-4.240946,-1.051108,5.048431,-1.003833,-1.543939,-0.023230
0,101670.00,-3.548388,-0.341790,3.681273,-0.926333,-1.152981,-0.126828
0,101692.00,-3.750109,0.262777,2.476329,-0.748698,-1.047252,-0.053058
0,101714.00,-6.665797,-0.162215,1.767609,-0.531114,-1.065894,0.080102
0,101736.00,-9.825706,0.811077,0.581821,-0.461871,-0.109805,0.300616
0,101758.00,-9.371383,1.098995,0.120913,-0.387035,0.577567,0.559745
0,101780.00,-9.533598,1.256421,-0.032922,-0.218721,0.942958,0.755490
0,101802.00,-10.629601,0.508794,1.325857,0.013244,1.211143,0.889183
0,101824.00,-11.156351,0.123906,1.759828,0.189282,1.712890,1.009027
0,101846.00,-10.721782,-2.022006,2.824703,0.502208,2.387479,1.282272
0,101868.00,-10.615832,-5.215436,5.008327,0.634569,2.986167,1.541667
0,101890.00,-10.772661,-6.346155,8.007217,0.364254,3.323328,1.686279
0,101912.00,-11.890810,-8.282564,10.423688,0.229762,3.705498,1.746201
0,101934.00,-9.760461,-8.009013,13.467472,0.150399,4.084205,1.435139
0,101956.00,-9.121775,-11.990773,15.127935,0.084618,3.819216,1.488137
0,101978.00,-8.714740,-10.365027,13.967886,-0.030965,3.420535,1.365097
0,102000.00,-9.941232,-8.788963,13.602752,0.232958,2.980308,1.230872
0,102022.00,-10.587700,-7.929401,14.513792,0.589561,2.826641,0.575192
0,102044.00,-8.205347,-6.562841,13.717679,0.689697,3.008538,-0.162249
0,102066.00,-5.274096,-5.675745,12.617487,0.831380,3.129980,-0.472246
0,102088.00,-4.084716,-5.502755,12.750372,0.871328,2.962731,-0.486893
0,102110.00,-2.719353,-3.032411,11.787255,0.704345,2.728102,-0.394746
0,102132.00,-1.726307,-0.812873,11.329940,0.760805,2.518775,-0.263451
0,102154.00,-1.042728,0.435168,12.622874,0.973861,2.292403,-0.265581
0,102176.00,0.765585,0.478266,13.534513,0.655875,2.124887,-0.218442
0,102198.00,1.280963,-0.147849,14.822659,0.640961,1.784796,0.048144
0,102220.00,1.558106,-1.638915,16.887165,0.442020,1.118730,0.166390
0,102242.00,0.867344,-3.200612,18.362068,0.185820,0.353858,0.340297
0,102264.00,0.751219,-4.403760,18.929523,0.131224,-0.375060,0.476387
0,102286.00,0.906850,-7.030931,19.614300,0.055056,-1.356450,0.629521
0,102308.00,-2.485308,-9.676061,19.614300,-0.317259,-2.753565,0.797569
0,102330.00,-6.674776,-11.127021,19.614300,-0.763612,-3.752799,0.859622
0,102352.00,-9.102620,-11.162935,17.436064,-1.174277,-4.110200,0.721934
0,102374.00,-9.333673,-10.229150,15.295538,-1.448321,-4.299820,0.460940
0,102396.00,-13.372896,-7.504409,12.613297,-1.162559,-4.991454,-0.161450
0,102418.00,-14.229465,-7.220682,11.512506,-0.683716,-4.723269,-0.575045
0,102440.00,-12.518123,-6.704106,9.944823,-0.396356,-4.271857,-0.964938
0,102462.00,-11.728595,-7.652857,10.018449,-0.279442,-3.979970,-1.085581
0,102484.00,-11.368249,-6.848364,8.564496,-0.707152,-3.759723,-1.161216
0,102506.00,-11.359869,-4.494744,7.078818,-1.125275,-3.421496,-1.066672
0,102528.00,-10.499708,-2.623580,5.667364,-1.278675,-2.885128,-0.920729
0,102550.00,-9.332476,-0.953539,4.500730,-1.326346,-2.437177,-0.750550
0,102572.00,-9.117584,2.150103,2.846252,-1.280539,-2.354352,-0.680242
0,102594.00,-10.393161,4.137990,0.464499,-0.916746,-2.313871,-0.551875
0,102616.00,-11.243146,5.082551,-1.051707,0.143208,-1.563380,-0.181957
0,102638.00,-11.482578,5.622471,-1.758631,0.442020,-0.958035,-0.074630
0,102660.00,-11.592717,5.606309,-2.269220,0.704611,-0.313806,0.031100
0,102682.00,-11.951865,4.431893,-1.923839,0.962143,0.340542,0.234036
0,102704.00,-12.188904,2.036971,-1.009207,1.097433,1.044693,0.452418
0,102726.00,-12.183517,0.802697,0.002993,0.969067,1.809831,0.800232
0,102748.00,-11.699862,-0.219679,1.257020,0.837771,2.504394,1.172548
0,102770.00,-11.494550,-2.472738,3.468776,0.898492,3.002146,1.516101
0,102792.00,-11.955457,-5.816411,6.347951,0.989574,3.364341,1.923571
0,102814.00,-12.294852,-9.152303,9.814932,0.871328,3.643445,2.294554
0,102836.00,-12.876074,-13.208286,15.679229,-0.613141,4.361977,1.754990
0,102858.00,-9.291173,-12.564813,16.461575,-0.736980,4.616313,1.686546
0,102880.00,-7.461311,-9.825706,14.644881,-0.478383,4.012298,1.355776
0,102902.00,-8.511821,-7.487050,13.700320,0.363721,3.039697,0.713944
0,102924.00,-9.347440,-6.123483,13.798488,1.441253,2.520373,-0.097533
0,102946.00,-7.586415,-6.295276,14.269570,2.334757,2.525433,-0.985977
0,102968.00,-4.964032,-5.746377,14.471292,2.612795,2.521172,-1.540988
0,102990.00,-2.284783,-4.666537,12.780900,2.383760,2.448466,-1.612895
0,103012.00,1.980704,0.243024,13.357333,2.092672,2.214637,-1.301566
0,103034.00,-3.838700,-1.547332,11.881831,1.350704,1.809298,-0.990505
0,103056.00,-0.682981,-1.422228,15.961759,0.885709,2.147258,-0.550011
0,103078.00,0.181370,-1.320469,14.977094,-0.316993,1.889993,-0.270375
0,103100.00,1.277970,-1.079241,15.423635,-0.946307,1.561354,0.347754
0,103122.00,1.328850,-0.893083,17.637785,-1.293056,0.897151,0.959758
0,103144.00,0.344184,-0.164610,17.435465,-1.517032,0.059574,1.236731
0,103166.00,0.521364,-0.734459,17.644968,-1.319422,-0.747109,1.215692
0,103188.00,-1.055897,-4.235559,18.421926,-0.756155,-1.845680,0.927800
0,103210.00,-3.852467,-6.734035,19.108500,-0.555083,-3.032403,0.702759
0,103232.00,-6.835196,-8.196967,18.635620,-0.578519,-3.885692,0.569599
0,103254.00,-9.119380,-10.162707,18.168129,-0.567600,-4.402620,0.317127
0,103276.00,-12.061405,-9.223534,15.736692,-0.973738,-5.036994,0.019648
0,103298.00,-12.822202,-7.419411,13.929577,-0.931394,-5.193857,-0.234422
0,103320.00,-14.215100,-6.389253,12.149996,-0.701825,-5.208238,-0.496481
0,103342.00,-14.075032,-6.979454,12.003344,-0.419792,-4.911824,-0.844561
0,103364.00,-13.571626,-7.544514,8.994277,-0.787847,-4.435644,-1.069069
0,103386.00,-12.054821,-5.871480,7.928803,-1.144716,-3.946413,-1.044834
0,103408.00,-11.249131,-4.115244,6.466470,-1.434472,-3.625231,-0.850953
0,103430.00,-10.698437,-2.226721,4.759317,-1.681884,-3.344796,-0.624314
0,103452.00,-11.185681,0.898470,2.514638,-1.735680,-3.044121,-0.387556
0,103474.00,-11.770495,5.263921,-0.900266,-1.513037,-2.694975,-0.278631
0,103496.00,-11.807009,5.375855,-2.260840,-0.098078,-1.431286,-0.138813
0,103518.00,-12.221227,5.123254,-2.338057,0.222305,-0.734060,-0.123899
0,103540.00,-11.966231,4.591115,-2.224925,0.430301,0.045460,-0.104457
0,103562.00,-11.295820,3.200612,-1.339624,0.583436,0.837496,0.099810
0,103584.00,-11.374235,1.486276,-0.163413,0.567456,1.461484,0.425520
0,103606.00,-11.617857,1.178606,0.800901,0.393816,1.989330,0.724597
0,103628.00,-11.923732,0.501012,1.518600,0.407398,2.566979,1.002635
0,103650.00,-11.993766,-1.017588,3.633386,0.610334,3.125452,1.199979
0,103672.00,-10.666114,-2.443407,5.440502,0.846560,3.669012,1.342194
0,103694.00,-10.490130,-7.351771,8.136511,1.227664,4.009635,1.853795
0,103716.00,-14.656254,-13.409410,19.614300,0.644423,3.796579,1.806656
0,103738.00,-12.005139,-12.731217,17.970596,-0.390231,4.549732,1.411171
0,103760.00,-5.139416,-10.085490,18.309992,-0.468795,4.792616,1.065487
0,103782.00,-2.544568,-6.977658,16.153305,0.097668,3.723607,0.653756
0,103804.00,-4.035633,-7.045896,16.434040,1.222604,2.250591,0.134165
0,103826.00,-4.550412,-8.139503,17.081106,1.981350,1.523270,-0.395812
0,103848.00,-3.303568,-8.034153,15.643912,1.965371,1.427927,-0.702879
0,103870.00,-1.355187,-6.816041,13.350749,1.539525,1.316073,-0.918598
0,103892.00,-2.327283,-4.674318,10.528440,1.057219,0.980243,-0.748686
0,103914.00,-1.708350,-2.862414,13.890070,0.963208,0.701406,-0.524711
0,103936.00,-3.007869,0.125702,10.287211,0.538960,1.466011,-0.688498
0,103958.00,-1.756835,0.324431,10.253692,0.036680,1.741386,-0.575578
0,103980.00,-2.114786,0.831429,12.212847,-0.172381,1.782932,-0.329498
0,104002.00,-0.957729,1.314484,12.279888,-0.331374,1.714754,-0.087679
0,104024.00,-0.188553,0.480660,15.264412,-0.166788,1.336580,0.254542
0,104046.00,-0.463302,-0.229256,16.330484,-0.105268,0.585024,0.463870
0,104068.00,-0.899667,-2.487104,17.671906,-0.057064,-0.302887,0.612743
0,104090.00,-0.416014,-5.758348,19.532293,-0.024840,-1.301588,0.804493
0,104112.00,-1.534762,-8.417844,19.614300,-0.340429,-2.489110,1.115289
0,104134.00,-4.919138,-9.716764,19.614300,-0.901299,-3.739216,1.225279
0,104156.00,-10.123799,-7.915634,18.202847,-1.767372,-4.921678,1.047644
0,104178.00,-11.709440,-5.802045,15.775002,-1.628886,-5.354182,0.630586
0,104201.00,-13.342369,-5.623069,15.337439,-0.998240,-5.582418,0.123779
0,104223.00,-15.340432,-7.660040,12.094328,-0.812348,-5.324886,-0.464789
0,104245.00,-13.167583,-8.134715,10.128588,-0.857623,-4.659352,-0.849355
0,104267.00,-11.635216,-7.173394,7.712715,-1.128737,-4.234305,-0.872525
0,104289.00,-11.745355,-4.232566,5.797256,-1.530081,-4.043887,-0.731375
0,104311.00,-12.752168,-1.430010,3.931479,-1.724761,-3.684887,-0.642690
0,104333.00,-12.513933,1.043326,1.650886,-1.474154,-3.001509,-0.655474
0,104355.00,-9.664089,1.617366,-0.178377,-0.460806,-1.864589,-0.473843
0,104377.00,-10.208200,2.233904,-0.694952,-0.244820,-1.647005,-0.229628
0,104399.00,-11.800425,3.413707,-1.418637,-0.142021,-1.294664,-0.134285
0,104421.00,-12.533088,3.627400,-1.988486,0.077161,-0.465343,-0.127894
0,104443.00,-10.609847,3.230541,-1.799334,0.327768,0.578632,-0.079690
0,104465.00,-8.651889,2.743895,-1.370750,0.489425,1.202887,0.052671
0,104487.00,-9.665885,1.861587,-0.289713,0.619123,1.415943,0.321921
0,104509.00,-11.707046,0.513582,1.204345,0.667859,1.811162,0.597296
0,104531.00,-12.916180,-1.897502,3.740532,0.620987,2.639152,0.870541
0,104553.00,-12.646818,-4.220594,5.541064,0.340285,3.606959,1.142986
0,104575.00,-9.766446,-7.195541,9.835882,-0.196350,4.276754,1.885753
0,104597.00,-10.859455,-9.431840,13.067620,-0.209932,4.125751,2.066851
0,104619.00,-10.170488,-11.028853,15.447577,-0.350017,4.217897,2.106532
0,104641.00,-6.958503,-12.349921,16.557346,-0.415265,4.342535,2.088156
0,104663.00,-3.451418,-13.174767,16.677063,-0.430712,3.904705,1.927565
0,104685.00,-2.618792,-12.347528,15.452367,-0.519662,2.791220,1.717173
0,104707.00,-3.651942,-9.231315,12.868293,-0.373719,1.524069,1.463636
0,104729.00,-7.552296,-7.285927,11.018079,0.369048,0.672910,1.102239
0,104751.00,-10.277635,-6.890863,13.743418,1.065209,0.594079,0.174113
0,104773.00,-6.963891,-5.310011,10.710408,1.020201,1.334715,-0.906347
0,104795.00,-0.152040,-0.883505,7.802502,1.493452,1.396768,-1.203827
0,104817.00,-2.697206,0.143061,7.138676,1.588262,0.742153,-1.067205
0,104839.00,-4.882026,0.720691,8.110771,1.667891,0.865459,-0.836572
0,104861.00,-3.635182,-0.142462,10.551785,1.666560,1.610090,-0.667725
0,104883.00,-1.588634,-2.090843,12.151193,1.129126,2.099054,-0.426439
0,104905.00,0.320839,-3.202408,14.175593,0.463059,1.977346,0.047079
0,104927.00,0.977483,-3.717786,16.632170,-0.152407,1.323530,0.622064
0,104949.00,-0.124505,-4.566574,18.786463,-0.646697,0.395138,1.034061
0,104971.00,-0.778754,-7.879719,19.362297,-0.985456,-0.492774,1.111028
0,104993.00,-1.290540,-9.283990,19.614300,-1.351913,-1.493338,1.086793
0,105015.00,-5.814016,-7.906057,16.604036,-1.278941,-3.749070,0.464935
0,105037.00,-8.733894,-9.567718,16.799772,-0.762546,-4.551227,0.087027
0,105059.00,-11.920739,-10.004682,15.639723,-0.565203,-4.885458,-0.303665
0,105081.00,-12.627664,-9.012235,14.712521,-0.431777,-4.770408,-0.784106
0,105103.00,-12.427737,-7.493036,12.901814,-0.384106,-4.568271,-1.200365
0,105125.00,-11.876444,-6.978256,11.910563,-0.202742,-4.488375,-1.493051
0,105147.00,-11.680110,-6.696325,10.277036,-0.176376,-4.419930,-1.564158
0,105169.00,-11.085719,-5.744581,8.642910,-0.265060,-4.254812,-1.476539
0,105191.00,-10.703824,-4.959243,7.159028,-0.403281,-4.055604,-1.339917
0,105213.00,-11.291032,-4.227179,6.018731,-0.638708,-3.691811,-1.110881
0,105235.00,-9.813734,0.143061,2.218341,-0.834453,-2.630525,-0.799819
0,105257.00,-10.031019,1.835848,0.549497,-0.572927,-2.353819,-0.659735
0,105279.00,-10.660727,2.683438,-1.012200,-0.226444,-2.042224,-0.553739
0,105301.00,-10.834913,2.585271,-2.082463,0.079558,-1.502127,-0.384360
0,105323.00,-10.512279,2.600834,-2.965968,0.220708,-0.907700,-0.238949
0,105345.00,-11.166527,2.618792,-3.028221,0.279032,-0.422465,-0.134019
0,105367.00,-12.339746,2.157884,-2.574497,0.319779,0.245466,-0.016838
0,105389.00,-12.583368,1.472509,-1.066671,0.350938,1.178119,0.129904
0,105411.00,-11.917747,0.697945,0.536927,0.330698,2.160574,0.259336
0,105433.00,-11.186280,-0.330417,2.470942,0.295810,2.956073,0.413802
0,105455.00,-10.885793,-4.174503,6.057040,0.192211,3.881002,1.190657
0,105477.00,-11.210223,-5.929543,8.196967,-0.053336,4.166498,1.707319
0,105499.00,-13.013748,-7.444551,9.801164,-0.285034,4.416306,2.142486
0,105521.00,-13.141844,-8.938010,13.912218,-0.397688,4.830700,2.221849
0,105543.00,-11.421523,-10.746922,15.588244,-0.615005,5.242964,2.480446
0,105565.00,-9.926867,-8.766217,16.446011,-0.711679,4.923912,2.388566
0,105587.00,-8.643509,-6.935159,16.444815,-0.442430,4.284744,1.872171
0,105609.00,-7.850987,-6.901040,16.386751,0.231360,3.650369,1.470027
0,105631.00,-8.680022,-7.997640,16.714174,0.863338,3.071389,0.833256
0,105653.00,-6.541292,-7.692962,16.231121,1.178661,2.864458,0.125910
0,105675.00,-2.231510,-6.175560,15.683419,1.539791,1.986401,-0.246672
0,105697.00,-2.846851,-5.786482,12.421153,1.299837,1.234313,-0.307926
0,105719.00,-3.220365,-4.489955,11.823769,1.201565,1.043361,-0.141210
0,105741.00,-2.888752,-4.414534,13.383072,1.016206,1.064667,-0.144672
0,105763.00,-2.591856,-5.390820,13.747608,0.392484,1.091565,-0.161184
0,105785.00,-0.672805,-4.499533,13.448318,-0.203541,1.137905,0.057998
0,105807.00,0.936181,-2.777416,14.610762,-0.349218,0.768252,0.408475
0,105829.00,-0.027535,-3.158711,16.680056,-0.420591,-0.114599,0.524857
0,105851.00,-1.121142,-4.455238,16.739315,-0.486106,-0.881601,0.385039
0,105873.00,-1.076249,-6.109117,16.711182,-0.412336,-1.562582,0.241759
0,105895.00,-5.046037,-9.134345,17.809578,-0.631251,-3.340269,0.207936
0,105917.00,-7.991654,-9.958591,17.509090,-0.828061,-3.921379,0.115257
0,105939.00,-10.120208,-9.377369,16.590269,-1.060292,-4.308076,-0.119638
0,105961.00,-11.899789,-8.218516,15.157865,-1.142053,-4.516072,-0.344678
0,105983.00,-12.478617,-7.585816,13.951724,-0.964683,-4.615676,-0.617390
0,106005.00,-13.138851,-6.665199,12.520517,-0.752160,-4.749901,-0.837637
0,106027.00,-14.267775,-6.104927,11.253920,-0.496759,-4.809290,-1.060280
0,106049.00,-15.101598,-6.663403,10.841497,-0.407275,-4.574130,-1.295707
0,106071.00,-13.626695,-5.854720,8.244854,-0.693037,-4.073981,-1.400105
0,106093.00,-11.589724,-4.446858,6.595165,-0.930861,-3.700866,-1.301566
0,106115.00,-11.035438,-1.829263,3.471171,-1.069880,-3.128544,-0.857611
0,106137.00,-10.510483,-0.962518,2.798366,-0.965482,-2.635053,-0.730576
0,106159.00,-9.413882,0.645270,1.076847,-0.842709,-2.090428,-0.623249
0,106181.00,-9.011037,1.291139,0.827837,-0.551621,-1.723439,-0.505003
0,106203.00,-9.510254,1.488072,0.346578,-0.372387,-1.396132,-0.413921
0,106225.00,-9.053536,2.474534,-0.765585,-0.313264,-0.938860,-0.268777
0,106247.00,-8.007815,3.792609,-1.825672,-0.195551,-0.464011,-0.063977
0,106269.00,-8.682416,4.288832,-2.424253,0.046268,-0.245362,0.124045
0,106291.00,-11.545429,3.025228,-0.881710,0.362124,0.079815,0.250015
0,106313.00,-9.317511,2.176440,1.039735,0.440688,2.055111,0.608748
0,106335.00,-9.407896,0.760198,2.075280,0.454803,2.358450,0.847637
0,106357.00,-11.553809,-0.443548,3.626802,0.402072,2.487882,1.185597
0,106379.00,-13.234026,-1.447967,5.105896,0.374641,3.004277,1.636211
0,106401.00,-13.249589,-2.827696,7.525360,0.479571,3.679132,1.969111
0,106423.00,-11.895598,-3.586697,8.740479,0.461994,4.078612,2.049806
0,106445.00,-14.308478,-7.111141,10.891180,0.576511,4.138534,2.430644
0,106467.00,-14.707133,-8.410062,13.266349,0.486761,4.113234,2.443960
0,106489.00,-14.936390,-9.814932,15.126739,0.369580,4.283945,2.457809
0,106511.00,-14.593403,-9.173253,17.026035,0.249470,4.431753,2.270852
0,106533.00,-9.656307,-6.540095,16.428652,0.787703,4.196059,1.448455
0,106555.00,-7.176985,-5.658984,15.646905,1.382929,3.622672,1.073743
0,106577.00,-6.079188,-6.416788,15.354798,1.924358,2.724640,0.612210
0,106599.00,-5.107691,-7.827643,15.407473,2.046066,2.018625,0.535776
0,106621.00,-5.500959,-7.970704,16.323900,1.780278,1.682796,0.735250
0,106643.00,-3.743525,-5.480009,11.426909,1.092906,1.596774,0.411937
0,106665.00,-1.567085,-5.603316,13.635075,1.058284,1.735261,0.589573
0,106687.00,-1.474305,-6.425766,15.859402,0.561065,1.408752,0.551755
0,106709.00,0.177180,-5.714054,11.188076,-0.415798,1.227655,0.383974
0,106731.00,0.080808,-5.178324,13.491415,-0.580383,1.053748,0.707286
0,106753.00,-2.000458,-5.497367,13.201104,-0.342826,0.143998,0.229242
0,106775.00,-1.931022,-7.141070,12.530693,-0.055999,-0.142030,-0.139878
0,106797.00,0.702135,-7.645076,16.109011,0.366917,-0.640581,-0.360657
0,106819.00,-3.375398,-10.124996,14.721499,0.155725,-1.705595,-0.341482
0,106841.00,-6.529321,-11.053395,16.908714,-0.102871,-2.667011,-0.541755
0,106863.00,-9.040966,-12.643227,16.875193,-0.516733,-2.904569,-0.619787
0,106885.00,-8.763225,-8.894314,15.547541,-1.096778,-3.124816,-0.716195
0,106907.00,-9.705990,-7.663631,14.725689,-1.040052,-3.762652,-1.017669
0,106929.00,-11.490958,-7.604372,15.333848,-0.700494,-4.452954,-1.272271
0,106951.00,-13.899049,-6.945933,14.461715,-0.543365,-4.799969,-1.327133
0,106973.00,-15.217124,-5.602717,12.197882,-0.371589,-4.485978,-1.598780
0,106995.00,-15.712749,-6.884279,12.549249,-0.621130,-4.153610,-1.786802
0,107017.00,-13.412403,-4.751535,9.485113,-1.104502,-3.791149,-1.952453
0,107039.00,-13.068817,-2.872590,8.638122,-1.229938,-3.632422,-1.701579
0,107061.00,-12.788083,-1.246844,6.623897,-1.334070,-3.441737,-1.548179
0,107083.00,-12.145207,-0.647066,4.988574,-1.081864,-3.037463,-1.383060
0,107105.00,-10.455413,-0.226264,4.778471,-0.795570,-2.629993,-1.232590
0,107127.00,-9.083466,0.676396,2.764247,-0.669068,-2.340503,-0.993967
0,107149.00,-8.416646,0.695551,2.451189,-0.405677,-2.282978,-0.747621
0,107171.00,-9.386946,0.247214,2.488301,-0.327379,-2.167128,-0.445880
0,107193.00,-8.805125,2.370979,-0.049084,-0.571595,-1.212637,0.027904
0,107215.00,-8.699775,3.754898,-1.410855,-0.474654,-0.808363,0.253477
0,107237.00,-8.820090,4.095490,-2.050140,-0.204872,-0.453092,0.423123
0,107259.00,-10.114820,2.937237,-1.295928,0.113647,-0.049617,0.587176
0,107281.00,-11.189872,2.591257,0.172391,0.261454,0.598873,0.656153
0,107303.00,-11.603491,2.893540,0.923012,0.392484,1.424465,0.671333
0,107325.00,-10.986953,2.047745,2.361402,0.691029,2.211974,0.801297
0,107347.00,-10.529637,0.970300,3.332300,0.928054,2.598671,1.036458
0,107369.00,-11.960844,-0.769775,6.170172,1.098499,2.577898,1.366163
0,107391.00,-13.817642,-2.795373,8.684212,0.960545,2.689486,1.664441
0,107413.00,-12.919172,-3.097656,8.847026,0.189548,3.560353,2.004798
0,107435.00,-12.459462,-3.301174,9.601238,0.448411,3.752370,2.201342
0,107457.00,-12.762344,-7.679793,11.990174,0.969067,3.887128,2.371787
0,107479.00,-13.795495,-12.894032,16.055138,1.019135,3.951577,2.598426
0,107501.00,-14.429392,-14.288127,19.176138,0.375706,4.204049,2.826928
0,107523.00,-11.492754,-8.948785,17.664124,-0.397954,4.616579,2.703356
0,107545.00,-7.796516,-4.066160,14.904066,-0.155869,4.402724,2.108130
0,107567.00,-6.710092,-3.880600,13.301665,0.956284,3.492708,1.475620
0,107589.00,-7.129697,-6.914208,14.333020,1.963507,2.538749,0.946708
0,107611.00,-5.831376,-8.900300,14.264183,2.087079,2.112903,0.716341
0,107633.00,-4.898188,-5.737398,15.661271,1.554972,1.065998,1.153373
0,107655.00,-5.473424,-3.983556,8.866180,0.456933,1.368538,-0.055188
0,107677.00,-2.035774,-7.477473,14.257001,0.583702,2.118496,0.371190
0,107699.00,1.322265,-6.173165,9.811938,-0.239494,1.711558,0.527520
0,107721.00,0.257390,-6.353338,11.674124,-0.649094,0.913397,0.757887
0,107743.00,-0.891886,-4.533053,13.228040,-1.107431,0.277158,0.948306
0,107765.00,-3.547191,-4.761113,10.223763,-1.378811,0.003381,0.862817
0,107787.00,-3.192232,-7.411629,6.140243,-0.490101,-0.197424,0.114458
0,107809.00,-1.557508,-5.116670,17.586308,1.300636,-0.522069,-0.621119
0,107831.00,-1.562895,-8.566292,13.542893,0.175966,-0.997450,-0.652278
0,107853.00,-8.056301,-10.362633,14.684986,-0.439234,-2.762620,-0.620586
0,107875.00,-9.397122,-10.472772,15.385924,-0.938584,-2.986862,-0.687699
0,107897.00,-10.818153,-8.421435,13.584195,-1.417960,-3.133338,-0.869595
0,107919.00,-11.392791,-6.446118,13.505183,-1.596129,-3.385543,-1.037643
0,107941.00,-12.232001,-5.704476,12.367281,-1.454979,-3.738684,-1.243242
0,107963.00,-13.944541,-5.612295,12.767133,-0.910621,-4.101944,-1.519683
0,107985.00,-15.515816,-5.404587,11.786657,-0.506613,-4.120320,-1.804113
0,108007.00,-15.874366,-7.688772,13.746411,-0.293823,-3.804465,-2.116240
0,108029.00,-13.501592,-6.276720,11.877642,-0.601156,-3.499528,-2.481898
0,108051.00,-12.698296,-4.491751,11.363461,-0.793440,-3.506985,-2.387088
0,108073.00,-12.840758,-1.986690,8.111370,-0.896506,-3.571168,-1.977487
0,108095.00,-11.922535,-1.283956,6.331789,-0.685846,-3.244660,-1.806776
0,108117.00,-10.353056,-0.960124,5.067586,-0.477584,-2.917352,-1.617156
0,108139.00,-9.448001,-0.576433,3.575324,-0.374784,-2.784991,-1.359092
0,108161.00,-9.277406,0.025739,3.085086,-0.236032,-2.634520,-1.085315
0,108183.00,-9.830495,0.444746,2.294959,-0.210997,-2.327986,-0.843762
0,108205.00,-9.755672,1.216316,1.350997,-0.270920,-1.831831,-0.668790
0,108227.00,-9.228921,1.960353,0.263376,-0.268789,-1.269097,-0.472778
0,108249.00,-8.577664,1.792151,0.040704,-0.173979,-0.775606,-0.246672
0,108271.00,-8.422033,2.022605,0.018556,-0.163859,-0.388909,-0.030154
0,108293.00,-9.431241,4.279255,-0.484851,0.077161,0.417509,0.165325
0,108315.00,-10.202812,4.063766,-0.258587,0.536031,0.929376,0.176244
0,108337.00,-11.191668,2.121371,1.369553,0.964540,1.517677,0.307007
0,108359.00,-10.939665,0.763191,2.659495,1.128859,2.144063,0.502220
0,108381.00,-10.899560,1.772997,2.851640,1.122201,2.519840,0.773334
0,108403.00,-12.581573,1.974120,5.143007,1.426605,2.691883,0.973873
0,108425.00,-14.479074,-0.592595,8.001830,1.715296,3.124653,1.031132
0,108447.00,-14.395272,-3.767468,11.886022,1.443117,3.974747,1.081999
0,108469.00,-12.580974,-6.747204,13.481838,0.839902,4.804335,1.355776
0,108491.00,-11.161738,-10.469180,17.137371,0.316849,5.107939,1.888949
0,108513.00,-9.479128,-9.128958,18.442877,-1.195317,4.562250,3.073807
0,108535.00,-9.597048,-5.066988,16.628578,-1.176674,3.992324,3.088189
0,108557.00,-9.700603,-4.701254,15.506838,-0.256272,3.572337,2.528650
0,108579.00,-7.885705,-6.438935,15.362579,0.802617,3.230116,1.774698
0,108601.00,-6.105525,-7.528951,15.184202,1.432997,2.650603,1.143252
0,108623.00,-3.286209,-6.621502,14.761604,1.624747,1.953377,0.721668
0,108645.00,-3.608845,-4.198447,16.842871,1.787203,1.410617,0.572262
0,108667.00,-5.921163,-5.210647,9.740108,1.598648,1.256151,0.118985
0,108689.00,-1.940001,-7.390679,13.424973,1.921162,1.441244,-0.029888
0,108711.00,-2.812732,-9.278603,15.028571,1.304364,1.124589,0.005533
0,108733.00,-0.111935,-6.983644,14.368337,-0.224047,0.952812,0.359739
0,108755.00,1.692188,-4.092498,10.783436,-0.649360,0.546408,0.381311
0,108777.00,0.295699,-5.553035,14.016970,-0.245353,-0.142563,0.436439
0,108799.00,-1.589232,-8.029365,14.755618,-0.315395,-0.656294,0.345890
0,108821.00,-2.676255,-8.281965,14.999840,-0.562274,-1.064030,-0.070102
0,108843.00,-1.922043,-7.536733,16.673471,-0.702624,-1.542341,-0.539092
0,108865.00,-5.639231,-10.372211,15.913873,-0.976135,-2.180711,-0.287419
0,108887.00,-6.510166,-9.185822,17.082302,-1.256570,-2.893650,-0.508465
0,108909.00,-9.052938,-8.020985,16.056335,-1.478948,-3.435878,-0.643489
0,108931.00,-11.298814,-7.900670,15.789368,-1.293589,-3.812188,-0.996097
0,108953.00,-13.225646,-6.072604,15.115964,-0.910354,-4.231908,-1.493850
0,108975.00,-13.936161,-5.113078,16.189817,-0.555083,-4.382646,-1.765496
0,108997.00,-15.906690,-5.617682,13.387262,-0.671998,-4.322990,-2.101060
0,109019.00,-14.488052,-4.746148,12.882060,-0.785983,-3.997014,-2.333291
0,109041.00,-13.171175,-3.766271,10.949243,-0.936454,-3.800736,-2.267776
0,109063.00,-12.468441,-2.266227,8.747063,-1.092517,-3.746673,-2.028621
0,109085.00,-11.839333,-0.784141,6.774739,-1.028068,-3.606056,-1.833408
0,109107.00,-11.356876,0.010176,5.629653,-0.675460,-3.285939,-1.710901
0,109129.00,-10.271648,0.198729,4.709635,-0.423521,-2.859028,-1.487724
0,109151.00,-9.279202,1.204345,2.964771,-0.230173,-2.484049,-1.258423
0,109173.00,-9.519233,1.665252,0.866147,0.109386,-2.089097,-0.815799
0,109195.00,-10.239923,0.360944,0.329818,0.119240,-1.727434,-0.507666
0,109217.00,-10.710408,0.569849,0.350170,-0.113258,-1.134072,-0.211518
0,109239.00,-10.251297,3.151529,-0.588405,-0.422722,-0.437912,-0.087946
0,109261.00,-10.098061,5.132233,-1.104980,-0.338565,0.192735,-0.082353
0,109283.00,-9.471945,6.327001,-1.159451,0.159720,0.735495,-0.128426
0,109305.00,-8.878152,4.695269,-0.427387,0.925657,1.153351,-0.081554
0,109327.00,-9.176845,1.679618,1.270189,1.449509,1.427129,0.150145
0,109349.00,-10.836709,-0.147251,2.575694,1.425540,1.657229,0.490502
0,109371.00,-11.961443,-2.722945,6.457491,0.725917,2.893754,1.343525
0,109393.00,-11.747749,-3.293392,7.503212,0.252932,3.488180,1.692671
0,109415.00,-11.979400,-4.695269,9.445008,0.081688,3.937729,2.008527
0,109437.00,-13.210681,-8.756640,13.207089,0.105924,4.343601,2.390962
0,109459.00,-13.090366,-15.168639,18.461433,-0.078636,4.887692,2.761414
0,109481.00,-9.113994,-14.825652,19.614300,-1.022741,5.230447,3.108695
0,109503.00,-8.572277,-7.559478,16.607029,-1.666437,4.599268,3.219218
0,109525.00,-11.131211,-2.885160,15.038747,-0.748432,3.613883,2.502551
0,109547.00,-11.304201,-4.010492,15.442191,1.160019,3.311077,1.171482
0,109569.00,-7.606766,-7.719898,17.293003,2.617322,3.348895,0.032431
0,109591.00,-2.617594,-8.690797,15.755847,2.409859,2.302257,-0.718592
0,109613.00,-0.784740,-6.916004,13.965491,1.714497,1.760029,-0.372642
0,109635.00,-3.428073,-7.130296,10.166299,1.267612,1.196495,0.480648
0,109657.00,-8.175418,-8.023977,19.280890,1.010613,0.919789,0.224448
0,109679.00,-1.198958,-2.600834,6.332986,-0.813147,1.917690,-0.478371
0,109701.00,0.101759,-4.346296,14.942375,-0.507145,2.308382,0.502486
0,109723.00,1.567683,-0.555483,8.897306,-1.592666,1.692383,0.456413
0,109745.00,-0.478865,1.246844,9.726940,-1.272816,1.008207,0.749099
0,109767.00,-1.438989,-0.441753,11.131809,-0.569198,0.696080,0.740843
0,109789.00,-0.844598,-3.144346,13.459092,-0.038422,0.425765,0.556549
0,109811.00,-1.212725,-7.038115,15.839648,-0.185164,-0.681861,0.076374
0,109833.00,-1.397088,-7.732469,16.566326,-0.423255,-1.660854,-0.025094
0,109855.00,-4.769493,-9.164274,17.612646,-0.678389,-2.786056,0.053737
0,109877.00,-7.597788,-9.954401,17.560568,-0.985989,-3.448927,-0.080489
0,109899.00,-8.923046,-9.252864,16.588472,-1.259500,-3.789817,-0.247471
0,109921.00,-9.717362,-8.743471,16.109011,-1.297051,-4.250285,-0.465854
0,109943.00,-11.696271,-7.897677,15.617575,-1.200909,-4.799969,-0.626445
0,109965.00,-13.824226,-6.022323,14.016371,-0.969477,-5.116358,-0.877851
0,109987.00,-16.623789,-6.767556,15.060296,-0.549224,-5.024211,-1.234987
0,110009.00,-15.555323,-6.918997,12.448089,-0.589438,-4.373324,-1.803846
0,110031.00,-11.282053,-5.371067,10.233938,-0.992381,-3.697138,-1.908244
0,110053.00,-12.170946,-4.001513,8.492067,-1.245651,-3.789018,-1.621151
0,110075.00,-12.044046,-2.382352,6.945933,-1.297317,-3.551727,-1.472544
0,110097.00,-11.528070,-1.811904,5.561415,-1.091186,-3.036930,-1.322606
0,110119.00,-10.230946,-0.967307,4.530060,-0.865612,-2.481386,-1.230725
0,110141.00,-9.145718,-0.195137,3.308955,-0.675726,-2.056872,-1.120203
0,110163.00,-8.460941,-0.146054,3.129980,-0.468795,-1.798541,-0.986776
0,110185.00,-8.474111,-0.226264,2.582877,-0.418994,-1.587882,-0.833109
0,110207.00,-8.287353,0.331015,1.871763,-0.446691,-1.244063,-0.625646
0,110229.00,-7.635499,1.286949,1.173219,-0.416064,-0.855502,-0.451206
0,110251.00,-7.673209,1.507227,1.074453,-0.161728,-0.350825,-0.181690
0,110273.00,-7.188957,2.013028,0.829035,-0.087958,0.024154,-0.034682
0,110295.00,-7.069839,2.187813,0.802098,0.076895,0.366908,0.091288
0,110317.00,-7.609759,2.753472,0.795514,0.304598,0.674508,0.202876
0,110339.00,-8.733295,2.438020,1.325258,0.640961,1.077716,0.349885
0,110361.00,-8.574672,1.031954,2.597841,0.990373,1.707830,0.565338
0,110383.00,-7.784545,-0.402246,3.776447,1.116875,2.249259,0.861752
0,110405.00,-8.454955,-1.233077,4.873646,1.038044,2.488148,1.200511
0,110427.00,-10.291402,-2.797767,6.859139,0.868931,2.707063,1.539004
0,110449.00,-12.072779,-4.640798,9.040966,0.482500,3.140899,1.862850
0,110471.00,-11.627435,-7.448741,12.953291,-0.421124,4.475696,2.547559
0,110493.00,-10.616431,-6.532314,13.562048,-0.615804,4.663717,2.813080
0,110515.00,-11.432297,-5.809228,14.210311,-0.339630,4.415773,2.878062
0,110537.00,-11.898592,-5.174732,14.427596,0.209788,4.161970,2.599225
0,110559.00,-11.107866,-4.950863,14.286929,0.855348,3.910298,2.112658
0,110581.00,-10.642170,-7.148253,15.400888,1.487326,3.605095,1.688676
0,110603.00,-9.569513,-9.065508,15.938415,1.635933,3.369668,1.332606
0,110625.00,-6.807661,-7.809685,14.872342,1.308093,3.080710,1.079069
0,110647.00,-6.356929,-5.104100,10.775055,1.092906,2.481224,1.032996
0,110669.00,-9.617400,-5.507543,10.803188,1.175465,1.986401,0.699829
0,110691.00,-2.075879,-7.318250,14.062462,1.961642,2.130746,0.564273
0,110713.00,-3.138360,-9.180436,15.332052,1.153361,1.384784,0.253211
0,110735.00,-1.940599,-9.188816,13.994823,0.123767,1.311013,0.140823
0,110757.00,1.041531,-8.179009,15.894119,-0.088757,1.347232,0.340031
0,110779.00,2.909702,-7.584619,16.019821,-0.335902,0.843621,0.229242
0,110801.00,2.466153,-7.993450,16.361610,-0.442430,-0.232312,0.136562
0,110823.00,-1.641309,-9.570710,15.752854,-0.412336,-1.472832,0.030034
0,110845.00,-6.093554,-10.174080,17.685673,-0.281839,-2.274988,-0.683437
0,110867.00,-3.602260,-9.156492,12.348724,-0.723664,-2.515475,-0.965737
0,110889.00,-8.106582,-9.105015,17.755108,-0.301014,-3.316833,-0.985178
0,110911.00,-10.543405,-7.641484,15.611589,-0.695966,-3.993552,-1.348173
0,110933.00,-11.791446,-7.038713,14.082215,-0.715408,-4.301951,-1.405165
0,110955.00,-13.676975,-5.923557,14.840018,-0.636044,-4.504887,-1.358559
0,110977.00,-15.047128,-4.775479,12.706676,-0.679188,-4.352285,-1.531667
0,110999.00,-13.812854,-4.892202,12.594143,-0.563605,-3.954137,-1.725815
0,111021.00,-12.576784,-4.875442,11.158746,-0.756155,-3.746140,-1.710102
0,111043.00,-12.325379,-4.227179,9.824509,-1.029932,-3.772773,-1.599046
0,111065.00,-12.205065,-3.008468,8.534567,-1.190789,-3.686219,-1.391849
0,111087.00,-11.635216,-2.086653,7.529550,-1.190789,-3.350389,-1.210485
0,111109.00,-10.417104,-1.034348,6.158799,-1.141786,-2.993786,-1.121268
0,111131.00,-9.481522,0.922413,3.614830,-0.645366,-2.500828,-0.870660
0,111154.00,-9.301948,0.481858,3.073114,-0.315661,-2.200418,-0.721521
0,111176.00,-9.269624,-0.404641,2.672065,-0.209666,-1.932500,-0.576643
0,111198.00,-9.108606,0.282530,2.012429,-0.354810,-1.606258,-0.398741
0,111220.00,-9.000861,2.927061,0.644073,-0.472524,-1.198256,-0.238683
0,111242.00,-8.680022,4.639002,-0.190349,-0.211796,-0.778269,-0.231226
0,111264.00,-8.400485,4.103272,-0.054471,0.329632,-0.384914,-0.331629
0,111286.00,-8.285557,2.424851,0.668016,0.791165,0.068629,-0.302067
0,111308.00,-8.007815,1.504833,1.282759,0.965605,0.522173,-0.116442
0,111330.00,-8.660868,0.619531,1.910072,1.115543,1.340308,0.441233
0,111352.00,-9.288180,-0.777557,3.137761,1.256693,1.758963,0.766143
0,111374.00,-9.516838,-1.929226,4.400767,1.255361,2.236742,1.120615
0,111396.00,-9.606626,-3.305364,5.609900,1.035115,2.649272,1.470294
0,111418.00,-10.608051,-4.621045,7.263780,0.576511,2.925978,1.811450
0,111440.00,-11.720813,-5.635041,8.277776,0.051328,3.269531,2.127572
0,111462.00,-12.834772,-7.561873,10.294394,-0.265060,3.694578,2.574457
0,111484.00,-13.599759,-9.717961,13.239413,-0.626990,4.125218,3.260764
0,111506.00,-13.471663,-9.436029,15.757044,-1.137792,4.465842,3.861582
0,111528.00,-13.483634,-6.735232,16.454990,-1.423819,4.592344,4.022706
0,111550.00,-10.533229,-3.638773,14.904665,-0.069315,4.379288,2.866877
0,111572.00,-9.181633,-4.211616,14.765794,1.112880,3.708960,2.075373
0,111594.00,-9.228921,-5.705075,15.188393,2.100662,2.953676,1.266026
0,111616.00,-6.898046,-6.931567,16.092848,2.644221,2.609324,0.626059
0,111638.00,-6.328197,-7.889895,12.646818,2.650080,2.241536,0.392496
0,111660.00,-7.053079,-8.450167,11.525077,2.623182,1.551500,-0.069836
0,111682.00,-3.065333,-7.756412,14.796921,2.849820,1.383452,-0.584899
0,111704.00,-2.099223,-10.248304,16.603437,2.412256,1.224459,-0.408595
0,111726.00,1.999260,-7.887501,12.889243,0.794627,0.896352,-0.691161
0,111748.00,1.182197,-8.825478,13.367509,0.201000,0.605265,-0.172369
0,111770.00,0.575236,-7.172795,13.104134,-0.546827,-0.596905,0.410606
0,111792.00,-6.106124,-8.920651,11.308391,-0.562806,-1.236339,0.377848
0,111814.00,-1.010405,-6.679564,17.384586,-0.310069,-1.317833,-0.818994
0,111836.00,-2.920476,-10.402738,11.611273,-0.564671,-1.436612,-0.396877
0,111858.00,-6.173764,-9.677856,18.508121,-0.503683,-2.640379,-0.622716
0,111880.00,-8.638122,-8.631536,14.021758,-1.157233,-3.128544,-1.178793
0,111902.00,-8.670444,-7.032727,15.317087,-0.872803,-3.214033,-1.164412
0,111924.00,-8.405273,-7.391277,14.726288,-0.490367,-3.680359,-1.555902
0,111946.00,-11.247335,-7.145260,15.839648,-0.246684,-4.370129,-1.651245
0,111968.00,-13.551872,-5.284272,15.794755,-0.190224,-4.543237,-1.781742
0,111990.00,-12.669564,-6.128272,15.142302,-0.350283,-4.011129,-2.173499
0,112012.00,-12.207459,-5.171141,12.571397,-0.907957,-4.080106,-2.009712
0,112034.00,-12.590551,-3.898558,11.300011,-1.178805,-4.186368,-1.731674
0,112056.00,-12.352915,-2.348832,9.916690,-1.283202,-4.042821,-1.508497
0,112078.00,-11.469409,-1.157057,8.187390,-1.164690,-3.738417,-1.351901
0,112100.00,-10.464991,-0.635094,7.343391,-0.888516,-3.509382,-1.286386
0,112122.00,-9.980140,-0.378303,5.446488,-0.679455,-3.330947,-1.149764
0,112144.00,-9.623984,0.780550,4.263692,-0.442430,-3.073682,-0.917799
0,112166.00,-9.464163,1.611978,2.940229,-0.218188,-2.729064,-0.694090
0,112189.00,-9.318707,1.288146,2.052534,-0.037090,-2.347960,-0.514590
0,112211.00,-8.536962,1.136107,0.230454,-0.099942,-1.357781,-0.054922
0,112233.00,-8.744070,2.017218,-0.148448,-0.200877,-0.904505,0.106202
0,112255.00,-9.291173,3.044383,-0.395662,-0.176908,-0.386512,0.103539
0,112277.00,-9.328285,3.331702,-0.447140,0.080357,0.341874,0.109131
0,112299.00,-8.842237,2.245876,0.398056,0.452406,1.114735,0.208469
0,112321.00,-8.000632,1.802926,1.399482,0.676381,1.688122,0.392496
0,112343.00,-8.668649,0.925406,2.863013,0.860142,2.043393,0.701960
0,112365.00,-9.658103,-0.228059,4.796429,0.929652,2.388544,0.982395
0,112387.00,-10.470378,-1.228887,6.646643,0.760805,2.839957,1.284136
0,112409.00,-11.335925,-3.059946,9.442016,0.154926,3.677534,1.819173
0,112431.00,-11.954260,-3.279026,10.611044,0.080889,3.993656,2.091086
0,112453.00,-11.409551,-4.585130,12.434920,0.305397,4.348128,2.350215
0,112475.00,-10.834913,-7.151845,14.811885,0.583436,4.426959,2.511872
0,112497.00,-10.980968,-9.287581,17.020050,0.640961,4.274890,2.516932
0,112519.00,-10.624213,-9.002657,17.413916,0.480370,4.078612,2.319322
0,112541.00,-10.483546,-7.953943,17.259483,0.499012,3.785660,1.916380
0,112563.00,-9.467754,-7.217090,16.879982,0.712601,3.584854,1.393327
0,112585.00,-7.033925,-6.239607,15.830669,1.038310,3.404023,0.871872
0,112607.00,-4.158342,-5.735602,15.213532,1.450041,2.975514,0.502220
0,112629.00,-7.320046,-9.370785,15.999470,2.367514,1.212474,0.071314
0,112651.00,-5.894227,-8.791358,12.683929,1.898791,1.040432,-0.334025
0,112673.00,-1.332441,-8.081441,13.550675,1.406099,1.595443,-0.146536
0,112695.00,-0.494428,-8.180207,13.587787,0.466255,1.440178,-0.123100
0,112717.00,0.742240,-5.490783,12.148200,-0.525522,0.981841,-0.046133
0,112739.00,0.489639,-5.572190,8.558510,-0.404879,0.655599,0.401285
0,112761.00,-0.070633,-7.077621,14.553298,-0.126574,0.198061,0.594100
0,112783.00,-0.554884,-6.576010,12.042850,-0.622728,-0.160672,0.611145
0,112805.00,-4.694072,-7.885705,13.146633,-0.458942,-0.428857,0.497160
0,112827.00,0.700340,-5.933733,18.660761,-0.307672,-0.432585,-0.743626
0,112849.00,-3.408320,-9.331278,18.988184,-0.513537,-2.191896,-0.318046
0,112871.00,-6.863329,-8.680022,15.883345,-1.133530,-2.851837,-0.691161
0,112893.00,-8.063483,-7.476874,16.312527,-1.225677,-2.915222,-0.574779
0,112915.00,-6.999805,-7.430185,15.648103,-1.186528,-3.149583,-0.881846
0,112937.00,-9.260047,-7.415221,15.962956,-1.080799,-3.795676,-0.936442
0,112959.00,-11.921936,-5.545254,15.524795,-1.034726,-4.240164,-1.070401
0,112981.00,-14.082813,-5.258533,14.880722,-0.908490,-4.236702,-1.336987
0,113003.00,-13.273532,-4.967024,14.748435,-0.873868,-3.976507,-1.820624
0,113025.00,-12.311612,-4.415133,12.369076,-1.046976,-3.857462,-2.072031
0,113047.00,-11.328144,-3.037200,10.510483,-1.064021,-3.912058,-2.048861
0,113069.00,-10.758894,-2.202179,7.751024,-0.542033,-3.861990,-1.705840
0,113091.00,-10.671501,-1.998063,6.679564,-0.428847,-3.573032,-1.483197
0,113113.00,-9.905317,-1.549726,5.136423,-0.442696,-3.166362,-1.295974
0,113135.00,-9.263040,-0.973891,4.310381,-0.439766,-2.706160,-1.010212
0,113157.00,-8.817696,0.348374,3.310153,-0.438169,-2.286173,-0.715130
0,113179.00,-8.854209,2.387739,2.015422,-0.458143,-2.007869,-0.538293
0,113201.00,-9.720356,3.275435,0.217883,-0.296753,-1.736755,-0.415253
0,113223.00,-9.945422,2.010633,0.012570,0.003124,-1.170825,-0.161983
0,113245.00,-9.236104,1.718526,0.311861,-0.042949,-0.425927,0.154938
0,113267.00,-8.726112,3.390362,-0.378902,-0.291160,0.129883,0.296354
0,113289.00,-9.257054,3.570535,-0.583018,0.271575,1.122192,0.504350
0,113311.00,-8.917659,1.841235,0.707523,0.708872,1.600769,0.743240
0,113333.00,-9.452191,0.860759,1.482685,0.935511,1.920886,1.087325
0,113355.00,-11.084521,-0.685974,2.905512,1.087846,2.192799,1.333938
0,113377.00,-12.454075,-2.879174,5.357299,1.140844,2.686290,1.522492
0,113399.00,-12.977235,-5.062798,8.129926,0.887041,3.391506,1.736614
0,113421.00,-12.826991,-6.507173,9.931655,0.402072,4.048252,1.909456
0,113459.00,-13.384270,-6.626889,14.000808,0.078759,4.602198,2.288695
0,113481.00,-13.545288,-6.881885,16.369392,0.366118,4.707927,2.345688
0,113503.00,-11.607681,-6.467667,16.521433,0.746157,4.718313,2.116386
0,113525.00,-10.324324,-7.327229,16.731535,1.262552,4.245861,1.699595
0,113547.00,-9.978344,-8.812308,17.608456,1.582669,3.705764,1.352314
0,113569.00,-6.357528,-7.439164,16.138340,1.457232,3.245030,0.695835
0,113591.00,-3.333497,-7.103959,16.174854,1.423409,2.850077,0.412470
0,113613.00,1.599408,-6.115701,14.834631,1.243643,2.208778,0.516335
0,113635.00,-1.730497,-5.422544,19.600533,1.375738,1.276391,0.630853
0,113657.00,-3.092868,-4.809598,15.599019,0.957349,1.167733,-0.262918
0,113679.00,-0.296896,-7.480466,18.000526,0.997830,1.418340,-0.202996
0,113701.00,2.230911,-5.665568,13.937358,0.069704,0.945888,-0.528972
0,113724.00,2.977940,-4.864069,12.988607,-0.153206,0.479828,-0.433097
0,113746.00,2.456576,-4.473794,15.048923,0.406333,-0.147889,-0.267978
0,113768.00,0.644672,-7.290117,15.682221,0.495550,-1.576430,-0.485562
0,113790.00,-5.533881,-8.957764,16.243690,0.442286,-2.216664,-0.549745
0,113812.00,-0.632700,-7.575640,17.124203,-0.149211,-2.362341,-1.103957
0,113834.00,-5.215436,-9.705990,17.864050,-0.449088,-2.829467,-0.379300
0,113856.00,-6.628087,-7.582224,18.383617,-1.057629,-3.584218,-0.594486
0,113878.00,-8.918856,-7.048889,17.057161,-1.465632,-3.800204,-0.393148
0,113900.00,-9.509057,-5.775707,16.071299,-1.421689,-3.888888,-0.431499
0,113922.00,-10.363831,-5.673350,16.253267,-1.171614,-4.176780,-0.625646
0,113944.00,-12.956882,-5.148395,15.267406,-1.006496,-4.386641,-0.787835
0,113966.00,-13.298673,-4.679706,14.298303,-0.881325,-4.280645,-1.073863
0,113988.00,-11.253920,-4.304395,10.633191,-1.003833,-4.010330,-1.302898
0,114010.00,-11.284448,-3.851270,9.624582,-1.100507,-4.009798,-1.127393
0,114032.00,-11.380819,-2.632559,7.815671,-1.215823,-3.764783,-0.942034
0,114054.00,-10.693049,-1.075650,5.683526,-1.139390,-3.356781,-0.828848
0,114076.00,-10.033414,-0.259784,4.659354,-0.841644,-2.954104,-0.788101
0,114098.00,-9.622189,-0.260981,3.457403,-0.572394,-2.527193,-0.673051
0,114120.00,-8.781781,0.157427,2.651115,-0.347886,-2.134105,-0.523912
0,114142.00,-8.549531,0.199926,1.914262,-0.236831,-1.825440,-0.371310
0,114164.00,-8.367562,0.325628,1.288146,-0.229906,-1.481088,-0.219241
0,114186.00,-8.319676,1.286350,0.310663,-0.288497,-1.080542,-0.045334
0,114208.00,-8.732697,2.933645,-0.788331,-0.053070,-0.239237,0.108865
0,114230.00,-9.028995,3.138360,-0.820056,0.256661,0.308850,0.204208
0,114252.00,-8.439991,1.824475,0.132286,0.642292,0.927778,0.320590
0,114274.00,-8.032357,0.375909,1.646098,0.817797,1.445771,0.520862
0,114296.00,-8.298127,-0.396859,2.510448,0.650815,1.853241,0.758953
0,114318.00,-8.475906,-1.048115,3.453213,0.433231,2.305719,1.052437
0,114340.00,-9.160084,-2.503864,5.079558,0.293679,2.786427,1.426617
0,114362.00,-10.321930,-4.585729,7.685779,0.117908,3.278586,1.797335
0,114384.00,-10.467384,-6.593967,10.156721,-0.163326,3.854104,2.195483
0,114406.00,-9.415678,-5.921163,10.912729,-0.505015,4.185406,2.591768
0,114428.00,-11.766904,-6.027710,11.647786,0.030555,3.510551,2.848500
0,114450.00,-13.006565,-7.035720,12.614494,0.473179,3.377391,2.604817
0,114472.00,-12.776112,-7.694159,13.624899,0.785040,3.399229,2.213593
0,114494.00,-11.702257,-8.615376,14.537136,0.985845,3.459151,1.837816
0,114516.00,-10.052568,-8.525588,14.326436,0.979720,3.370200,1.490534
0,114538.00,-8.725514,-6.323409,12.727626,0.947495,2.987232,1.168819
0,114560.00,-8.531574,-4.437879,11.936302,1.231126,2.436216,0.872405
0,114582.00,-8.298127,-4.965827,12.914982,1.745923,2.151786,0.674529
0,114604.00,-6.156405,-5.400996,13.437543,1.984546,2.186940,0.700362
0,114627.00,-0.331614,-6.893857,13.739228,2.100395,2.199191,1.103837
0,114650.00,-4.704846,-10.499109,13.323812,-0.028834,2.600535,-0.288751
0,114672.00,5.529092,-8.192179,14.296507,-0.351615,3.199755,0.311268
0,114695.00,5.282477,-7.934789,13.994823,-0.334304,1.971487,1.000771
0,114717.00,2.276403,-6.428161,13.817642,-0.736980,0.114969,0.706487
0,114739.00,-2.098026,-6.817238,13.845177,-0.530848,-0.667213,0.527520
0,114761.00,-4.734177,-8.442386,12.063201,-0.275447,-0.871481,-0.165711
0,114783.00,2.004049,-4.732979,19.286278,0.309658,-1.051780,-1.649913
0,114805.00,-1.020581,-8.542947,11.161738,-0.001137,-1.551130,-1.035513
0,114828.00,-7.956337,-8.770408,15.622962,-0.125509,-3.679560,-1.498910
0,114850.00,-9.556943,-9.171457,15.820494,-0.298883,-3.719242,-1.250433
0,114872.00,-9.945422,-8.195770,14.915440,-0.549757,-3.945348,-1.299702
0,114895.00,-12.746182,-6.732240,14.515588,-0.640572,-4.273987,-1.332460
0,114917.00,-14.901672,-4.676713,12.613297,-0.664541,-4.267595,-1.441651
0,114939.00,-13.259166,-4.198447,11.327545,-0.357207,-4.095819,-1.570284
0,114962.00,-13.048466,-5.511135,12.000350,-0.143352,-4.101678,-1.673349
0,114985.00,-13.050859,-5.538669,9.734721,-0.510874,-4.028440,-1.688263
0,115008.00,-11.886022,-3.750708,7.567260,-0.960422,-3.463042,-1.189978
0,115030.00,-11.214414,-2.308128,5.974436,-1.098909,-3.085400,-0.983314
0,115052.00,-10.330310,-1.212126,4.521082,-1.088256,-2.746108,-0.821391
0,115074.00,-9.544373,0.295100,2.992306,-0.984391,-2.533052,-0.678377
0,115096.00,-9.838875,0.553687,2.239291,-0.714076,-2.330649,-0.465055
0,115118.00,-10.040596,0.499216,1.622154,-0.544963,-1.990025,-0.245074
0,115140.00,-9.743700,1.394694,0.682981,-0.520728,-1.493605,-0.116442
0,115163.00,-9.219942,2.329078,-0.240031,-0.418461,-0.963894,-0.128426
0,115185.00,-8.713543,2.866005,-0.720093,-0.190757,-0.478925,-0.157455
0,115207.00,-7.989260,1.456347,-0.101759,0.338421,0.451331,-0.039209
0,115229.00,-8.249642,0.620728,1.265400,0.395414,0.911266,0.168254
0,115251.00,-7.998239,0.002394,1.272583,0.306729,1.492910,0.436439
0,115273.00,-7.610358,-0.209503,2.210559,0.268645,2.022620,0.791976
0,115295.00,-8.043731,-0.462703,2.884562,0.315251,2.360048,1.138725
0,115317.00,-8.768013,-1.383919,4.003908,0.514459,2.645011,1.516633
0,115339.00,-9.644935,-3.061143,6.033097,0.734173,2.870051,1.943278
0,115361.00,-11.450853,-4.779669,9.349834,0.738434,2.931305,2.235431
0,115383.00,-14.574847,-6.706501,11.668138,0.080357,3.156345,2.265792
0,115405.00,-14.010983,-6.266544,10.839104,-0.680520,3.818684,2.221316
0,115427.00,-10.869033,-4.477386,11.832747,-0.414999,4.287940,2.500420
0,115449.00,-10.803787,-4.287635,12.264324,0.141078,3.777937,2.422122
0,115471.00,-11.245540,-5.210048,13.471663,0.755745,3.161672,2.163525
0,115493.00,-11.198851,-5.569197,13.644652,1.156823,2.741419,1.802395
0,115515.00,-9.735919,-4.892800,13.588386,1.467885,2.511851,1.384805
0,115537.00,-7.964718,-4.688086,12.021300,1.809574,2.327024,1.076406
0,115559.00,-8.548933,-8.642910,13.893661,2.222370,2.081743,0.761083
0,115581.00,-4.755725,-8.806323,14.414427,2.096400,2.207180,0.126176
0,115603.00,-0.545307,-9.030191,14.986072,1.913971,2.464446,0.208202
0,115625.00,1.046319,-9.160683,15.470324,1.556569,1.924881,0.255075
0,115647.00,0.363937,-12.628860,16.836884,0.274770,0.708064,-0.018436
0,115670.00,1.303111,-10.545200,16.446609,-0.493297,0.228155,0.012723
0,115692.00,0.811077,-7.817467,14.813681,-0.808354,-0.717281,-0.134019
0,115714.00,-4.076935,-7.760602,14.177988,-0.371056,-1.757528,-0.466386
0,115736.00,-0.193342,-6.100138,17.457613,0.249204,-2.036099,-1.410491
0,115758.00,-3.756095,-11.174309,14.265979,0.411393,-2.381516,-0.882379
0,115780.00,-5.332757,-9.691624,19.391029,0.220175,-3.509382,-1.279995
0,115802.00,-8.811709,-10.282423,15.110577,-0.404080,-3.899275,-1.536994
0,115824.00,-9.643139,-9.493493,16.454391,-0.496493,-3.891019,-1.329530
0,115846.00,-10.551186,-7.733067,15.559512,-0.813946,-4.093422,-1.248835
0,115868.00,-14.898081,-4.422915,14.153446,-0.784118,-4.324588,-1.448309
0,115890.00,-14.179784,-4.126617,12.401400,-0.678656,-4.018853,-1.753245
0,115913.00,-12.789879,-3.781236,10.438054,-0.651491,-3.899275,-1.837669
0,115936.00,-12.284677,-3.662118,9.377968,-0.594765,-3.889154,-1.685068
0,115958.00,-11.492754,-3.094663,7.864156,-0.606749,-3.710187,-1.466419
0,115980.00,-10.510483,-2.612806,6.309641,-0.655752,-3.436410,-1.174266
0,116002.00,-10.013660,-1.635922,5.125648,-0.725262,-3.222555,-0.954818
0,116024.00,-10.140559,-0.737452,4.255312,-0.713544,-2.922679,-0.743359
0,116046.00,-9.368390,0.383690,3.224555,-0.615271,-2.451292,-0.546016
0,116068.00,-7.938380,1.416242,1.454552,-0.296753,-1.763387,-0.216046
0,116090.00,-8.007815,0.790127,1.091812,-0.127906,-1.493338,-0.061314
0,116112.00,-8.006020,0.715304,0.738050,-0.079702,-1.065894,0.097946
0,116134.00,-7.496627,1.333638,0.317846,-0.092219,-0.589181,0.157602
0,116156.00,-7.535535,1.906480,-0.040704,0.009249,-0.155612,0.228443
0,116178.00,-7.770778,1.733490,0.230454,0.279831,0.293670,0.293425
0,116200.00,-7.828840,1.071460,1.251034,0.564527,0.823913,0.418063
0,116222.00,-7.563070,0.701537,2.354219,0.712601,1.309681,0.569599
0,116244.00,-8.285557,-0.082006,3.480150,0.676381,1.626602,0.720602
0,116266.00,-9.133148,-1.130719,4.465414,0.530971,1.975748,0.902499
0,116288.00,-9.449797,-2.668474,6.248586,0.147736,2.864991,1.515302
0,116310.00,-9.830495,-2.730128,6.652030,0.055855,3.120658,1.866578
0,116332.00,-11.300011,-3.426277,7.558281,0.104059,3.181646,2.168851
0,116354.00,-13.293285,-4.522878,8.845230,0.190081,3.299626,2.454879
0,116376.00,-14.067250,-6.476645,11.753137,0.269710,3.600035,2.630651
0,116398.00,-12.983220,-7.026742,13.223850,0.174368,3.897781,2.609611
0,116420.00,-12.738999,-6.016935,14.038519,0.179162,3.861561,2.534775
0,116442.00,-12.536679,-4.901181,15.141105,0.494218,3.733461,2.230638
0,116464.00,-11.401770,-5.380045,16.251472,1.146436,3.638385,1.694269
0,116486.00,-9.129557,-7.641484,17.349270,1.820759,3.527063,1.224746
0,116508.00,-3.079100,-10.617628,17.106245,1.837005,2.660457,0.906228
0,116530.00,-0.729072,-9.049945,15.622962,1.417284,1.965095,0.963486
0,116552.00,-10.342281,-9.589267,14.665233,1.488658,1.308882,0.985325
0,116574.00,-6.227636,-10.589495,18.985790,1.208489,1.363478,-0.382496
0,116597.00,4.296614,-7.392475,9.483916,0.614595,2.310246,-0.662398
0,116620.00,7.072832,-10.358443,18.511713,1.284124,1.609824,0.301148
0,116642.00,4.934103,-9.351031,13.855951,-0.068516,-0.205148,0.235367
0,116665.00,-2.987517,-8.490272,16.038977,-0.476252,-1.188668,0.655620
0,116687.00,4.917342,-9.468951,14.125313,-0.894375,0.089935,-0.825120
0,116709.00,1.689195,-8.871568,15.342228,-0.837915,-1.474962,0.093418
0,116731.00,-6.019330,-6.385063,17.655743,-1.250978,-3.620970,-0.578774
0,116753.00,-10.402738,-6.420978,16.926073,-1.306905,-3.709921,-0.903684
0,116775.00,-8.963749,-7.038713,16.590269,-0.901832,-2.855300,-0.993967
0,116797.00,-6.439534,-7.406840,16.563334,-0.653089,-2.923211,-1.353765
0,116819.00,-9.604830,-6.728648,16.111404,-0.592901,-3.946147,-1.547114
0,116842.00,-12.270909,-5.351314,15.548738,-0.347886,-4.481451,-1.667224
0,116864.00,-14.330028,-6.202496,17.593491,0.052127,-4.402353,-1.838468
0,116886.00,-12.607311,-5.326173,12.253551,-0.665606,-4.124315,-1.893596
0,116909.00,-12.904806,-4.192461,10.018449,-0.752426,-4.071584,-1.546581
0,116931.00,-12.758753,-3.215577,8.734493,-0.768672,-3.897943,-1.313551
0,116953.00,-12.321190,-1.959155,7.098571,-0.853894,-3.568505,-1.175863
0,116975.00,-11.689687,-1.637717,5.718842,-0.791043,-3.115228,-1.038176
0,116997.00,-10.305768,-0.823647,3.914719,-0.743638,-2.611084,-0.822190
0,117019.00,-8.791957,0.594391,2.265629,-0.644567,-2.291234,-0.536695
0,117041.00,-8.924243,0.008380,1.890917,-0.431511,-2.173520,-0.192077
0,117063.00,-9.978943,-0.895477,2.088449,-0.415798,-1.874975,0.058797
0,117086.00,-8.179009,2.629566,0.316649,-0.799032,-0.625135,0.066254
0,117108.00,-7.411030,3.571732,-0.681784,-0.523125,-0.298360,0.022045
0,117130.00,-7.326032,2.059717,-0.184962,0.006586,-0.128448,0.049209
0,117152.00,-8.036548,0.676396,0.618933,0.297674,0.107778,0.265461
0,117174.00,-8.462138,0.875125,0.861358,0.365319,0.513118,0.464669
0,117196.00,-8.780583,1.441383,1.037341,0.514459,0.984238,0.583448
0,117218.00,-8.831463,1.051108,2.335064,0.831646,1.452962,0.686247
0,117240.00,-8.697381,-0.580624,3.975176,0.978388,1.841523,0.799167
0,117262.00,-8.813505,-2.072287,4.956250,0.746690,2.106778,0.986923
0,117284.00,-9.943027,-2.620587,5.360292,0.416719,2.311045,1.255373
0,117306.00,-12.827589,-1.912466,7.712715,0.245742,3.161139,1.839680
0,117328.00,-13.341171,-1.849016,9.504867,0.434296,3.786991,2.176308
0,117350.00,-13.649441,-2.992306,11.565781,0.765066,4.209375,2.542232
0,117372.00,-14.068447,-5.653597,14.481468,1.061480,4.466108,2.819472
0,117394.00,-14.772379,-9.159485,17.710812,1.057219,4.649070,2.895639
0,117416.00,-14.488651,-10.740337,19.614300,0.610867,4.809927,2.727857
0,117438.00,-12.266719,-8.010210,19.614300,0.031354,4.968122,2.467130
0,117460.00,-8.185595,-4.459428,17.287018,0.070769,4.729765,1.962187
0,117482.00,-4.813788,-4.050597,15.839050,0.954420,3.650902,1.324350
0,117504.00,-4.184081,-5.971443,15.581061,1.872692,2.094793,0.873470
0,117526.00,-6.467068,-9.377369,13.227441,2.338485,0.987967,0.193289
0,117548.00,-4.377422,-13.198709,19.614300,2.647949,1.532325,-0.436559
0,117570.00,2.655904,-10.133376,12.206263,0.751484,2.073488,-1.042437
0,117592.00,5.846939,-10.249501,18.214817,0.516057,1.632461,-0.530037
0,117614.00,5.722434,-9.829297,15.414058,-0.211796,0.536021,-0.162249
0,117636.00,3.985352,-9.085261,19.528702,-0.196350,-0.599035,0.316595
0,117658.00,-4.462421,-9.806551,13.059838,-0.750296,-1.420100,0.272918
0,117680.00,0.463302,-3.595077,19.614300,-0.087958,-1.529292,-1.300768
0,117702.00,0.770374,-8.614777,13.102937,-0.131368,-1.521036,-0.986776
0,117724.00,-2.357810,-9.224133,19.388636,0.096869,-3.040658,-0.828049
0,117746.00,-10.788224,-8.171826,18.414743,-0.539104,-3.893948,-1.142840
0,117768.00,-9.151105,-6.690938,15.988096,-0.733518,-3.619638,-1.184119
0,117790.00,-10.591889,-6.019928,15.687011,-0.631783,-4.059333,-1.234987
0,117812.00,-13.648842,-5.248956,14.958537,-0.533511,-4.520333,-1.330063
0,117834.00,-14.506010,-5.376454,14.450342,-0.376915,-4.393032,-1.634999
0,117856.00,-13.436346,-5.472826,13.462684,-0.473057,-4.068921,-1.774817
0,117878.00,-12.169150,-4.740162,11.826762,-0.752426,-3.994085,-1.775350
0,117900.00,-11.842923,-3.247900,9.664089,-0.876532,-4.001542,-1.630472
0,117922.00,-11.597506,-2.170455,7.663033,-0.748698,-3.873175,-1.459494
0,117944.00,-10.633191,-2.140525,6.805266,-0.515668,-3.640145,-1.311953
0,117966.00,-9.507859,-1.667646,4.389394,-0.418727,-3.089661,-0.835506
0,117988.00,-8.882941,-0.801500,3.368215,-0.406476,-2.666745,-0.546549
0,118010.00,-8.662065,-0.632700,3.269449,-0.355876,-2.207609,-0.219774
0,118032.00,-8.600410,-0.001796,2.534392,-0.489302,-1.791617,0.007397
0,118054.00,-8.357387,1.330645,1.507825,-0.570530,-1.374027,0.114990
0,118076.00,-8.012006,2.516434,0.422000,-0.446957,-0.957769,0.214328
0,118098.00,-7.906057,2.506857,-0.213693,-0.146814,-0.604362,0.317127
0,118120.00,-8.550729,1.453953,0.219679,0.175966,-0.291435,0.387969
0,118142.00,-9.623984,0.697945,1.030756,0.313920,0.250792,0.463603
0,118164.00,-9.339658,0.665023,1.444974,0.350139,1.043894,0.492899
0,118186.00,-8.159257,0.492632,3.481945,0.657473,2.106511,0.678258
0,118208.00,-9.605428,-1.155860,5.117269,0.762669,2.322763,0.756556
0,118230.00,-10.818751,-3.488530,6.986038,0.607671,2.731032,0.826332
0,118252.00,-11.013889,-4.662945,8.020985,0.194608,3.360347,1.009560
0,118274.00,-10.355450,-4.166722,8.531574,-0.160397,3.915624,1.353113
0,118296.00,-10.293797,-4.218200,9.068501,-0.176908,4.131876,1.813048
0,118318.00,-11.485571,-4.870653,10.343478,-0.014453,4.067959,2.266857
0,118340.00,-13.243005,-6.513758,12.744387,0.147469,4.084737,2.624791
0,118362.00,-14.088201,-8.398090,15.367967,0.216713,4.384880,2.811216
0,118384.00,-13.675778,-9.154696,17.513281,0.101929,4.740950,2.816009
0,118406.00,-8.298127,-6.230030,15.802536,0.200733,4.599001,2.194685
0,118428.00,-7.328426,-5.715250,14.823856,0.715264,3.741983,1.828228
0,118450.00,-7.154239,-5.745180,14.198938,1.210087,2.883900,1.442863
0,118472.00,-5.876269,-6.936954,13.880493,1.571750,2.340873,1.219154
0,118494.00,-0.504604,-7.791728,13.489620,1.636199,1.885199,1.325415
0,118516.00,-6.422773,-7.959331,18.114256,1.705975,1.343238,1.099043
0,118538.00,-3.590887,-6.452104,10.922905,0.474777,1.844985,-0.066107
0,118560.00,-0.339395,-8.199960,15.547541,0.671055,2.263108,0.362135
0,118582.00,3.163500,-6.974665,11.497542,0.178363,1.533657,0.214594
0,118604.00,2.541575,-8.340028,13.876303,0.220175,0.399133,0.286767
0,118626.00,-10.291402,-9.984330,10.148939,0.257726,-0.837658,-0.219774
0,118648.00,2.484111,-7.485853,15.320080,0.759473,-0.124453,-1.711167
0,118670.00,1.934015,-9.908310,13.992428,0.684371,-0.387044,-0.715662
0,118692.00,-2.696607,-9.031389,17.312756,0.242013,-2.268596,-0.865867
0,118714.00,-4.767098,-8.055702,17.455816,-0.225645,-3.190863,-1.323937
0,118736.00,-7.552296,-7.647470,16.954206,-0.390497,-3.269694,-0.911674
0,118758.00,-7.066248,-7.578034,16.729139,-0.399286,-3.414306,-0.959079
0,118780.00,-8.487279,-7.315258,17.702433,-0.409406,-4.012461,-1.063476
0,118802.00,-10.843892,-5.217830,16.766253,-0.459208,-4.460145,-1.105289
0,118824.00,-12.029082,-5.135226,15.808522,-0.149211,-4.628726,-1.144970
0,118846.00,-14.210910,-5.839157,14.409638,-0.569464,-4.716079,-1.736467
0,118868.00,-13.215469,-4.725198,13.647645,-0.636577,-4.500892,-1.694122
0,118890.00,-12.446892,-3.621415,11.282652,-0.662943,-4.356546,-1.651511
0,118912.00,-12.023096,-3.416101,9.890352,-0.523125,-4.267329,-1.511959
0,118934.00,-11.917747,-3.047974,8.796745,-0.452017,-4.118190,-1.408361
0,118956.00,-11.897394,-2.498477,7.279941,-0.434440,-3.785822,-1.269342
0,118978.00,-11.053994,-2.074083,5.970845,-0.374784,-3.235605,-1.075461
0,119000.00,-9.977745,-1.603598,4.642594,-0.311134,-2.677664,-0.821391
0,119022.00,-8.905687,-0.766782,3.588493,-0.279175,-2.342367,-0.605938
0,119044.00,-9.237301,0.177180,2.381753,-0.240026,-2.174319,-0.399007
0,119066.00,-9.430044,-0.156230,1.023573,0.010581,-1.480022,-0.236020
0,119088.00,-8.802133,-1.285752,1.146881,-0.035226,-0.930338,-0.073564
0,119110.00,-7.582823,-0.297495,0.566856,-0.356408,-0.475995,0.098212
0,119132.00,-7.599584,1.532966,-0.578229,-0.498091,-0.224056,0.230307
0,119154.00,-8.518405,2.501470,-1.145085,-0.201943,0.077152,0.322187
0,119176.00,-9.060719,1.653879,0.202320,0.377570,0.584491,0.410606
0,119198.00,-9.157091,0.481259,1.496452,0.755745,1.257216,0.550158
0,119220.00,-8.510025,-0.282530,3.711202,0.850022,1.839126,0.704091
0,119242.00,-8.384323,-1.203148,5.475818,0.667326,2.218099,0.918478
0,119264.00,-8.932623,-1.477896,6.548475,0.317115,2.481224,1.230872
0,119286.00,-9.952605,-1.594021,9.200788,0.058519,3.311876,1.862583
0,119308.00,-9.878381,-3.352053,11.458634,0.165846,3.756897,2.182700
0,119330.00,-9.148112,-7.402052,14.270169,0.215914,4.112967,2.592300
0,119352.00,-7.895282,-9.758066,16.562136,-0.196883,4.191532,3.050637
0,119374.00,-7.903064,-8.760831,16.632170,-0.813147,3.864757,3.396587
0,119396.00,-9.537189,-8.683015,16.364603,-0.873069,3.419470,3.414697
0,119418.00,-9.178640,-9.463565,16.492701,-0.579318,3.327057,3.117218
0,119440.00,-7.774968,-6.962693,14.244431,-0.311666,3.133708,2.635178
0,119462.00,-7.893486,-5.727821,13.741024,0.580240,2.671909,1.917179
0,119484.00,-1.580254,-6.995615,14.947165,2.329164,2.438879,0.276114
0,119506.00,-2.184222,-7.727680,18.040630,2.774185,1.881737,-0.136150
0,119528.00,-1.990880,-10.258480,13.863733,2.761135,1.477996,-0.786237
0,119550.00,1.433601,-10.393759,15.514619,2.204260,1.565615,-0.494084
0,119572.00,1.437193,-9.678455,16.440624,0.909145,1.344303,-0.242145
0,119594.00,3.443636,-7.387686,11.455642,-0.578253,0.942160,-0.261054
0,119616.00,3.198817,-5.726025,14.182178,-0.632849,0.554930,0.472392
0,119638.00,2.151300,-5.604513,12.437314,-0.722066,-0.048285,0.622330
0,119660.00,0.711114,-6.346754,14.634107,-0.503683,-0.571871,0.623928
0,119682.00,-1.957958,-7.801904,15.278778,-0.509542,-1.037132,0.385838
0,119704.00,0.507597,-9.456980,10.751112,-1.293323,-1.176950,-0.694357
0,119726.00,-2.612806,-8.439991,17.644968,-0.667204,-2.370331,-0.356663
0,119748.00,-7.097972,-8.012006,14.802308,-1.000104,-3.390070,-0.925789
0,119770.00,-8.903293,-7.912043,17.563562,-0.849367,-3.436677,-0.893031
0,119792.00,-8.733894,-6.725655,14.543721,-0.952965,-3.238801,-1.087445
0,119814.00,-9.456980,-6.868117,15.581061,-0.828328,-3.476624,-1.306627
0,119836.00,-11.299412,-5.344131,14.813681,-0.879994,-3.749070,-1.487991
0,119858.00,-12.294253,-4.545624,14.189960,-0.788113,-3.701399,-1.643522
0,119880.00,-11.614265,-4.224185,13.105330,-0.817142,-3.519236,-1.828348
0,119902.00,-10.433266,-3.450220,11.310186,-0.874401,-3.487277,-1.844327
0,119924.00,-10.562559,-2.300347,8.499849,-0.763612,-3.567440,-1.488790
0,119946.00,-10.184855,-1.491664,6.755584,-0.669068,-3.337339,-1.234454
0,119968.00,-9.688032,-1.071460,5.635041,-0.551088,-2.972747,-0.948160
0,119990.00,-8.977517,0.171194,3.917712,-0.537772,-2.632922,-0.691161
0,120012.00,-8.943996,2.330276,2.610411,-0.426983,-2.365271,-0.412590
0,120034.00,-9.735919,3.833911,0.639284,-0.215525,-2.065660,-0.142275
0,120056.00,-9.406699,2.900125,-0.076020,0.178895,-1.596671,0.075042
0,120078.00,-8.853012,1.437193,-0.307072,0.356264,-1.118093,0.296887
0,120100.00,-9.618597,0.899667,0.001197,0.215381,-0.712754,0.491567
0,120122.00,-10.661923,2.030386,-0.320241,-0.071978,-0.143361,0.536309
0,120144.00,-9.924472,2.682241,-0.141265,0.229496,1.419672,0.526455
0,120166.00,-9.598246,1.617366,1.316878,0.642825,1.902510,0.648163
0,120188.00,-9.954999,0.075421,2.351226,0.980785,2.254585,0.891314
0,120210.00,-10.664916,-2.087850,5.009524,1.217810,2.512650,1.186130
0,120232.00,-11.936302,-4.143976,7.524162,1.012211,2.785095,1.423688
0,120254.00,-13.038290,-5.105297,9.795178,0.434829,3.256748,1.623694
0,120276.00,-13.082584,-5.579373,10.151334,-0.045879,3.950778,1.854327
0,120298.00,-11.987182,-6.647241,12.203269,-0.102073,4.510317,2.155269
0,120320.00,-11.959647,-6.979454,13.475254,-0.162794,4.575832,2.476984
0,120342.00,-13.257370,-6.379675,15.367967,-0.144417,4.376358,2.688708
0,120364.00,-12.950298,-4.250523,17.515675,0.645488,4.714584,2.125441
0,120386.00,-9.117584,-5.557824,17.142160,1.430600,4.786491,1.512639
0,120408.00,-5.315399,-7.615745,17.225363,1.894263,4.251454,1.079336
0,120430.00,-4.269678,-8.890124,17.255293,1.856712,3.295364,0.916880
0,120452.00,-3.935670,-8.973327,16.648331,1.453237,2.570441,0.954698
0,120474.00,-0.456119,-6.986038,14.764597,1.069470,2.097723,1.053236
0,120496.00,-1.836446,-7.518177,10.059752,1.183987,1.248428,1.435139
0,120518.00,-5.330363,-8.939207,19.614300,1.558700,0.497139,0.166656
0,120540.00,-0.364536,-6.289290,11.136000,0.291282,1.498236,-1.232590
0,120562.00,4.070350,-10.142954,17.650356,1.136583,1.843920,-0.150797
0,120584.00,0.581821,-7.607964,13.381875,0.294212,-1.511714,-0.443483
0,120606.00,-2.098026,-10.636783,15.874366,0.509132,-1.982036,-0.182489
0,120628.00,-2.232108,-11.904577,16.016829,0.107788,-1.911195,-0.095403
0,120650.00,-6.420379,-12.747379,17.168499,-0.574524,-2.231312,-0.415519
0,120672.00,-0.778754,-6.954313,15.686412,-1.564703,-2.331448,-1.127659
0,120694.00,-6.292881,-7.171598,15.218920,-1.364430,-2.885394,-0.476240
0,120716.00,-7.813277,-5.817009,16.812342,-1.170815,-3.789817,-1.124996
0,120738.00,-10.679881,-5.885846,15.718137,-0.941514,-4.057735,-1.356429
0,120760.00,-11.820776,-4.776676,15.013607,-0.520728,-3.992487,-1.608900
0,120782.00,-11.440079,-5.131634,15.606202,-0.124976,-4.010064,-1.951388
0,120804.00,-12.196086,-4.775479,13.614124,-0.005931,-4.114461,-2.072563
0,120826.00,-12.228410,-4.609073,12.515130,-0.144684,-4.121652,-2.023294
0,120848.00,-12.716852,-4.232566,11.344306,-0.418994,-4.053741,-1.828081
0,120870.00,-11.647786,-3.085685,8.912271,-0.662676,-3.762652,-1.551641
0,120892.00,-10.356647,-2.383549,7.416418,-0.689308,-3.415637,-1.120203
0,120914.00,-9.367193,-1.628739,5.441699,-0.699961,-3.269161,-0.759605
0,120936.00,-10.084292,-1.093009,5.162760,-0.628055,-3.204179,-0.480501
0,120958.00,-10.659529,0.235841,3.081495,-0.649360,-2.855300,-0.273304
0,120980.00,-10.236332,0.751219,2.546962,-0.517532,-2.196690,-0.065308
0,121002.00,-8.723120,0.541117,1.594620,-0.401683,-1.619840,0.052671
0,121024.00,-9.098430,2.274009,-0.328022,-0.292491,-1.158840,0.353880
0,121046.00,-10.412315,2.843259,-0.766782,-0.057331,-0.789721,0.353880
0,121068.00,-10.957024,2.029189,-0.422598,0.289152,-0.141231,0.286501
0,121090.00,-10.110630,1.362969,0.448936,0.493153,0.687025,0.307274
0,121112.00,-8.445378,1.987887,0.633897,0.570386,1.299295,0.492632
0,121134.00,-8.657276,1.537754,1.936409,0.822591,1.459620,0.776530
0,121156.00,-10.954630,-0.205313,4.022464,0.903552,1.594644,1.038056
0,121178.00,-11.880035,-1.943592,5.981020,0.660668,2.166433,1.248183
0,121200.00,-11.624441,-3.598070,7.211703,0.284624,2.972052,1.550190
0,121222.00,-10.864842,-4.306191,8.530376,-0.076506,3.579262,1.896406
0,121244.00,-11.953062,-4.101477,11.006107,-0.152141,3.998183,2.706818
0,121266.00,-12.670761,-6.114504,13.612927,0.253465,4.190466,2.926266
0,121288.00,-12.337950,-10.042991,17.216385,0.558402,4.416839,2.894041
0,121310.00,-10.701429,-11.070754,19.443106,0.388756,4.462912,2.648494
0,121332.00,-9.182830,-7.977887,17.989752,0.177031,4.164900,2.296152
0,121354.00,-8.014998,-4.837132,16.867413,0.704345,3.611753,1.764578
0,121376.00,-6.642453,-4.992165,15.520006,1.720356,3.060470,1.018615
0,121398.00,-5.306420,-8.095807,15.703771,2.570983,2.569642,0.312334
0,121420.00,-3.264660,-10.209995,16.335873,2.539823,2.282815,-0.012843
0,121442.00,-0.342388,-9.063712,14.543721,1.863637,2.009305,0.093685
0,121464.00,-12.671958,-11.130612,17.248110,1.947794,0.549604,0.678524
0,121486.00,-4.350486,-10.915722,13.242406,0.334160,0.800477,-1.159618
0,121508.00,1.288146,-7.977288,7.417016,-0.653622,2.546472,-1.126860
0,121530.00,8.966144,-7.910845,17.542612,0.538694,2.335014,0.190625
0,121552.00,8.383126,-5.573387,15.810917,-0.312199,-0.111936,0.189027
0,121574.00,0.324431,-5.657787,15.838451,-0.376915,-2.141295,0.097147
0,121596.00,-3.648351,-7.885107,17.177477,0.006586,-2.227583,0.016718
0,121618.00,-2.658896,-10.387774,18.375835,-0.144684,-1.726901,-0.446945
0,121640.00,-1.662259,-10.349464,18.351294,-0.838181,-1.909863,-0.754545
0,121662.00,-2.991109,-7.258991,17.612047,-1.398253,-2.742114,-0.839235
0,121684.00,-9.844860,-6.559250,17.832325,-0.793972,-4.199151,-1.189712
0,121706.00,-12.102708,-6.796886,17.592892,-0.544697,-4.299287,-1.361489
0,121728.00,-12.793470,-5.735602,16.095840,-0.418727,-4.279846,-1.554571
0,121750.00,-13.578808,-5.451875,15.330256,-0.217922,-4.285439,-1.751914
0,121772.00,-13.589582,-5.220823,13.559653,-0.195018,-4.170921,-1.827549
0,121794.00,-12.528897,-5.566204,12.278690,-0.172914,-3.910460,-1.712765
0,121816.00,-12.114679,-5.993591,11.301806,-0.383573,-3.812454,-1.445379
0,121838.00,-12.118870,-4.818576,9.903522,-0.856291,-3.767180,-1.199566
0,121860.00,-11.811199,-2.895935,6.960897,-1.149776,-3.544536,-1.038442
0,121882.00,-11.037832,-1.481488,5.400397,-1.007028,-3.113897,-0.880514
0,121904.00,-9.388144,-0.730269,3.732751,-0.340429,-2.503491,-0.708472
0,121926.00,-9.798770,0.175983,2.836675,-0.240825,-2.278184,-0.592090
0,121948.00,-9.674265,0.916427,0.867942,-0.213661,-1.952474,-0.430167
0,121970.00,-8.642311,-0.595588,0.252003,-0.026438,-1.553260,-0.206192
0,121992.00,-8.557912,-0.732663,0.026338,-0.123112,-1.299990,0.056666
0,122014.00,-9.939436,1.526980,-0.515977,-0.372920,-1.068558,0.186897
0,122036.00,-10.822942,3.198817,-1.481488,-0.280241,-0.456021,0.128573
0,122058.00,-9.562929,3.837502,-1.191775,0.130425,0.337613,0.061460
0,122080.00,-8.942799,3.025827,-1.125931,0.660668,0.840692,0.077706
0,122102.00,-9.652118,1.271386,0.748226,1.129392,1.151487,0.171717
0,122124.00,-10.540412,-0.451929,4.535448,1.039642,2.271097,0.611145
0,122146.00,-10.584108,-1.813102,6.592770,0.787969,2.852474,0.909423
0,122168.00,-10.617628,-2.899526,8.643509,0.475043,3.387245,1.258569
0,122190.00,-10.898961,-3.741729,10.687662,0.236420,3.898313,1.649794
0,122212.00,-10.643368,-6.168376,13.873310,0.212452,4.362509,2.005863
0,122234.00,-10.095067,-8.233480,16.292175,0.043072,4.630161,2.383505
0,122256.00,-10.128588,-8.032357,17.691059,-0.195018,4.628030,2.725727
0,122278.00,-9.983132,-7.157232,18.357878,-0.194219,4.486082,2.768072
0,122300.00,-9.552753,-6.692135,18.283056,0.155992,4.254916,2.466331
0,122322.00,-8.060491,-7.570851,17.408529,0.979986,3.731331,1.584012
0,122344.00,-6.995017,-7.255399,16.451399,1.282260,3.543841,0.989852
0,122366.00,-4.187074,-6.556856,15.687011,1.620220,3.458885,0.410073
0,122388.00,0.111935,-6.617312,16.519037,1.936076,3.221594,0.050807
0,122410.00,3.055756,-8.773400,15.630744,2.026358,2.419437,0.022844
0,122432.00,1.036742,-10.671501,8.919455,1.987742,1.145095,0.336569
0,122454.00,-1.666449,-8.614777,19.614300,1.849788,0.527499,-0.645620
0,122476.00,0.461506,-7.394270,12.770125,-0.729256,1.972819,-1.611297
0,122498.00,9.392932,-6.820830,17.758101,0.122702,2.610655,-0.705009
0,122520.00,9.741904,-6.285100,18.475800,0.366917,0.563985,-0.386490
0,122542.00,-3.198817,-7.165612,19.373072,0.293413,-3.638547,-0.170238
0,122564.00,-6.017534,-8.280169,19.614300,0.114446,-3.372760,-0.140144
0,122586.00,-5.836762,-7.445149,19.160576,-0.357207,-2.963159,-0.510329
0,122608.00,-4.437280,-6.633474,19.390430,-0.609146,-3.152779,-0.900488
0,122630.00,-5.785883,-7.436769,19.188110,-0.909822,-3.921113,-0.961209
0,122652.00,-8.750654,-6.313233,19.425148,-1.014752,-4.674266,-0.952953
0,122674.00,-12.185910,-5.773911,18.896601,-0.911686,-4.873740,-0.865334
0,122696.00,-13.101141,-5.012516,17.955631,-0.863482,-4.745108,-0.964938
0,122718.00,-13.266948,-4.488759,16.000069,-0.835518,-4.619404,-1.077059
0,122740.00,-13.102338,-3.875812,13.908028,-0.792374,-4.593039,-1.111947
0,122762.00,-13.067021,-3.112022,9.667681,-0.758285,-4.534715,-1.055487
0,122784.00,-13.118500,-2.459569,7.290117,-0.768406,-4.208472,-0.972395
0,122806.00,-12.019505,-1.580852,5.916374,-0.617136,-3.607920,-0.871992
0,122828.00,-10.241121,-0.431577,3.992535,-0.458942,-2.979671,-0.776383
0,122850.00,-8.287951,0.379500,2.883963,-0.199279,-2.599100,-0.647751
0,122872.00,-7.543317,-0.201123,2.374571,0.030289,-2.527992,-0.477572
0,122894.00,-8.430414,-1.201352,2.010035,-0.010458,-2.471000,-0.204327
0,122916.00,-8.800936,-1.148677,1.071460,-0.216324,-2.073650,0.088358
0,122938.00,-8.249642,-0.649460,0.419007,-0.359338,-1.468837,0.354679
0,122960.00,-8.049118,0.332212,-0.082006,-0.451218,-0.958568,0.534977
0,122982.00,-8.666853,2.065104,-1.209134,-0.042949,-0.032839,0.481181
0,123004.00,-8.860793,1.834651,0.103555,0.481701,0.461718,0.455348
0,123026.00,-9.316912,0.721889,1.206141,0.731776,0.888629,0.447092
0,123048.00,-9.303144,-0.551892,2.551152,0.734173,1.377859,0.549359
0,123070.00,-9.334869,-1.414447,3.815355,0.559467,1.907304,0.798901
0,123092.00,-9.702398,-1.236668,4.515695,0.318980,2.402659,1.072944
0,123114.00,-10.426083,-1.653280,5.415960,0.219909,2.910265,1.328345
0,123136.00,-11.440678,-3.128184,7.294906,0.233225,3.438112,1.586942
0,123158.00,-12.357104,-3.217971,9.011636,0.184222,3.944919,1.823701
0,123180.00,-12.996987,-2.691818,10.603861,0.248671,4.515910,2.049007
0,123202.00,-12.308619,-8.498652,17.921513,1.048697,5.226186,2.398153
0,123224.00,-11.832747,-10.312352,19.614300,0.822857,5.193695,2.645831
0,123246.00,-12.617487,-9.690427,19.614300,0.420980,4.950012,2.651690
0,123268.00,-10.411119,-7.512191,19.614300,0.185021,4.828037,2.244220
0,123290.00,-8.172425,-6.081582,19.246172,0.351737,4.562782,1.936887
0,123312.00,-6.844773,-5.896022,18.095699,0.974660,3.907368,1.498790
0,123334.00,-5.239977,-6.705304,17.055965,1.553107,3.306816,1.005299
0,123356.00,-3.161705,-7.202724,16.288584,1.864436,2.810662,0.730723
0,123378.00,1.495854,-8.142496,17.702433,1.915835,2.262042,0.759751
0,123400.00,5.387827,-10.323726,12.418159,1.623948,1.195164,1.280940
0,123422.00,-4.118835,-9.735320,15.667855,-1.132732,1.488915,-1.343379
0,123444.00,10.927693,-6.262952,12.823400,-0.385171,3.096157,-0.710336
0,123466.00,11.359869,-11.486768,18.163340,0.868665,1.727538,0.712613
0,123488.00,10.142355,-10.198023,19.614300,-0.017649,-1.592676,0.563207
0,123510.00,-2.154293,-9.822114,19.614300,-0.201676,-3.668641,0.354679
0,123532.00,-6.569426,-14.524566,19.614300,-0.013921,-3.461178,-0.875987
0,123554.00,7.688772,-9.499479,19.614300,-0.993979,-2.551162,-2.584964
0,123576.00,6.137849,-10.286015,19.614300,-0.296220,-3.987160,-1.434727
0,123598.00,0.536927,-6.289888,19.614300,0.644956,-7.418163,-2.309322
0,123620.00,-10.669106,-9.052340,19.614300,1.806378,-8.759884,-3.283255
0,123642.00,-19.614300,-15.408072,19.614300,2.088677,-6.929199,-2.483229
0,123664.00,-19.212652,-11.303602,19.614300,-0.836317,-5.767510,-1.385990
1,123686.00,-19.614300,-10.255487,17.848486,-3.046775,-5.677495,-0.574779
1,123708.00,-19.614300,-5.071177,11.415537,-4.120844,-6.095351,-0.368114
0,123730.00,-19.614300,0.955934,2.479322,-4.300610,-5.131804,-0.378767
0,123752.00,-19.614300,5.350715,-4.500730,-3.671828,-2.901373,-1.061878
0,123774.00,-16.670479,3.582507,0.006584,-2.058727,-0.807298,-0.980651
0,123796.00,-10.100454,2.539779,-1.391701,-1.453115,0.168499,-0.308192
0,123818.00,-4.891005,4.106863,-1.743666,-1.555382,-0.068792,0.710482
0,123840.00,-12.288866,10.436258,-14.264183,-0.668802,-0.894917,1.120083
0,123862.00,-5.752363,6.968679,19.614300,4.928449,0.322699,-0.882379
0,123884.00,-11.126422,-4.179292,-2.578088,1.611698,0.599672,-1.121800
0,123906.00,-4.508512,-7.807291,2.189609,1.121402,1.120860,-1.267744
0,123928.00,-2.104610,-9.117584,5.395010,-0.834453,1.156015,-0.117241
0,123950.00,-0.213095,-4.410344,3.317336,-3.550652,0.731234,1.166689
0,123972.00,-0.689565,2.984524,3.247302,-4.700623,-0.150019,2.432775
0,123994.00,-4.943680,7.628315,2.817520,-4.215654,-0.764953,3.080199
0,124016.00,-6.644248,8.913468,1.488072,-2.640903,-0.588116,2.943310
0,124038.00,-5.981619,7.025544,1.972923,-0.504482,-0.125784,2.966480
0,124060.00,-6.910617,3.590288,2.906110,1.490522,-0.413676,3.065551
0,124082.00,-12.660585,-4.162532,9.389939,3.587793,-0.353754,1.943811
0,124104.00,-13.625498,-7.850389,12.877870,3.678875,0.946687,1.598926
0,124126.00,-11.402368,-10.444638,15.120154,3.164344,2.318769,1.598127
0,124148.00,-8.918856,-9.814932,13.809262,2.156589,3.047687,1.806123
0,124170.00,-9.304940,-7.006390,13.665004,1.303033,3.244497,1.795204
0,124192.00,-9.837079,-5.497367,14.475483,0.960279,3.512415,1.715575
0,124214.00,-9.777221,-6.157602,16.762661,1.185585,4.113234,2.019446
0,124236.00,-6.429358,-7.106951,18.885826,1.359759,4.405387,2.442362
0,124258.00,-3.821341,-5.872079,16.735125,1.409561,3.934267,3.016815
0,124280.00,-9.852043,-6.491012,18.487171,2.362454,3.033838,3.087656
0,124302.00,-13.102338,-7.744440,19.614300,1.610899,3.253552,0.066786
0,124324.00,-2.224327,-4.297213,15.008220,1.245241,4.670642,-0.841898
0,124346.00,3.314941,-5.902008,19.614300,2.277232,4.296728,0.039622
0,124368.00,0.501611,-6.442526,17.669510,1.983747,2.412247,-0.223236
0,124390.00,-3.083889,-7.039910,15.088429,1.385858,1.154150,-0.842697
0,124412.00,-1.106776,-5.229802,15.417649,1.658836,1.251890,-1.036844
0,124434.00,0.986461,-9.799967,15.190786,1.868697,1.435917,-1.039241
0,124456.00,3.183852,-8.967939,17.935280,1.035647,0.950948,-1.024594
0,124478.00,2.537385,-8.006020,15.934823,0.008983,0.464647,-0.558267
0,124500.00,1.840038,-6.122884,14.531151,-0.500221,-0.148954,-0.094604
0,124522.00,-1.690392,-4.601890,14.087602,-0.379844,-1.693078,-0.129492
0,124544.00,-3.462791,-5.105297,14.352175,-0.184099,-2.119457,-0.338819
0,124566.00,-3.555571,-6.316226,16.343056,-0.314330,-2.360477,-0.314850
0,124588.00,-3.795003,-4.645586,13.149626,-0.696233,-2.682192,-0.289284
0,124610.00,-5.778101,-4.881427,17.379797,-0.575057,-2.908031,-0.024561
0,124632.00,-7.144063,-5.026883,15.388917,-1.205171,-3.000444,-0.021632
0,124654.00,-6.990827,-5.396806,16.075489,-1.559376,-3.036930,-0.093006
0,124676.00,-6.687346,-3.875812,15.283566,-1.863514,-3.266232,-0.174233
0,124698.00,-8.381330,-2.211158,13.665004,-1.864313,-3.742146,-0.305529
0,124720.00,-10.966002,-1.671836,12.941319,-1.619565,-3.840152,-0.466919
0,124742.00,-9.675462,-0.340593,10.219572,-1.108763,-3.157573,-0.768926
0,124764.00,-9.261843,-0.920019,8.982903,-1.025671,-3.054241,-0.669855
0,124786.00,-9.867606,-1.224098,7.877923,-1.083196,-3.120554,-0.609933
0,124808.00,-11.046212,-1.407264,7.162021,-1.147379,-2.842250,-0.497812
0,124830.00,-10.056160,-0.407035,5.340539,-1.358305,-2.228914,-0.511128
0,124852.00,-8.566890,0.922413,3.510078,-1.409971,-1.727966,-0.474909
0,124874.00,-7.883909,1.575465,2.932448,-1.149776,-1.466174,-0.259722
0,124896.00,-7.966514,1.472509,2.933047,-0.786515,-1.188934,-0.030154
0,124918.00,-7.437966,1.373145,2.927659,-0.496493,-0.804102,0.079836
0,124940.00,-6.869913,1.005017,2.875583,-0.277578,-0.482121,0.148014
0,124962.00,-6.409605,0.496224,3.222161,0.025229,0.014300,0.325383
0,124984.00,-6.634671,0.490238,2.897132,0.137882,0.190604,0.467066
0,125006.00,-7.283533,0.315452,3.562754,0.301136,0.340276,0.555218
0,125028.00,-8.057498,-0.270559,3.930282,0.409528,0.649474,0.646565
0,125050.00,-7.826446,-0.156828,4.328937,0.489691,1.026849,0.696900
0,125072.00,-7.840213,-0.309466,5.246562,0.602078,1.286778,0.784786
0,125094.00,-8.307106,-0.774564,6.120490,0.697421,1.522471,0.941648
0,125116.00,-8.514215,-1.098995,7.076424,0.772257,1.791455,1.109430
0,125138.00,-8.755444,-1.049911,7.370925,0.823923,2.023686,1.240992
0,125160.00,-10.192038,-2.101019,9.374376,1.135784,2.360048,1.405578
0,125182.00,-9.972957,-2.360803,10.208797,1.228463,2.607992,1.480414
0,125204.00,-9.747890,-2.519427,11.045015,1.321409,2.695345,1.563772
0,125226.00,-10.083694,-2.186018,11.912957,1.445780,2.624770,1.594665
0,125248.00,-11.845917,-2.283586,11.987781,1.765631,2.597073,1.523291
0,125270.00,-12.466645,-3.640569,15.895316,1.853783,2.818918,0.955231
0,125292.00,-10.115419,-4.289431,13.585991,1.575212,3.487381,0.483844
0,125314.00,-6.682558,-5.737398,17.575533,1.909710,3.928141,0.414068
0,125336.00,-3.130578,-5.329166,18.527876,1.582669,3.729999,0.183168
0,125358.00,-1.792151,-5.156176,16.247282,1.259622,3.181379,-0.054656
0,125380.00,0.485449,-7.495430,14.798717,1.453770,2.077216,-0.478904
0,125402.00,2.320698,-8.367562,15.887535,1.350970,1.480126,-0.371843
0,125424.00,1.871763,-8.222706,14.898679,0.911542,0.830305,-0.299404
0,125446.00,1.520994,-8.449569,15.344024,0.518720,0.297132,-0.350804
0,125468.00,1.435397,-9.145120,16.271824,0.105657,-0.029376,-0.242411
0,125490.00,1.615570,-8.785372,16.359816,-0.382508,-0.412345,-0.251200
0,125512.00,1.139698,-7.169802,16.557346,-0.798500,-1.028077,-0.310589
0,125534.00,-0.161018,-5.541064,15.441592,-1.011290,-1.769246,-0.330031
0,125556.00,-1.953170,-5.318990,15.752854,-0.931660,-2.357547,-0.232557
0,125578.00,-4.382211,-6.322212,15.317087,-0.931926,-2.765550,-0.175032
0,125600.00,-7.700145,-5.675146,14.910651,-1.127139,-3.259574,-0.343347
0,125622.00,-9.852043,-6.093554,15.192582,-1.323150,-3.257177,-0.440287
0,125644.00,-9.708384,-5.230400,14.677204,-1.548191,-3.230012,-0.653610
0,125666.00,-9.962182,-4.376824,14.254606,-1.517032,-3.398859,-0.772921
0,125688.00,-11.513704,-3.413707,12.903609,-1.503449,-3.562912,-0.848290
0,125710.00,-11.609477,-2.214151,12.860511,-1.351647,-3.457183,-0.942567
0,125732.00,-11.514302,-0.990053,10.523052,-1.205703,-3.260106,-1.015006
0,125754.00,-11.684299,-1.459939,10.139362,-1.131400,-3.079808,-1.054688
0,125776.00,-11.105472,-1.470115,8.146088,-1.337532,-2.760756,-1.096766
0,125798.00,-10.066336,-0.982870,6.963292,-1.441397,-2.380451,-0.971596
0,125820.00,-8.839245,1.238464,4.583334,-1.584943,-1.921847,-0.523645
0,125842.00,-8.477103,2.227320,3.012658,-1.381474,-1.710123,-0.379034
0,125864.00,-7.931796,2.797169,1.963345,-0.967080,-1.460048,-0.230693
0,125886.00,-7.831833,2.102815,1.724512,-0.528717,-1.231279,-0.042139
0,125908.00,-7.954542,1.741871,1.410855,-0.271718,-0.983069,0.077439
0,125930.00,-8.225699,1.959155,1.127726,-0.084495,-0.693046,0.128839
0,125952.00,-8.237671,2.279396,0.620728,0.157590,-0.350559,0.116056
0,125974.00,-8.314888,1.501840,1.174416,0.476375,0.031611,0.152542
0,125996.00,-8.362176,0.644073,2.280593,0.659603,0.464914,0.243090
0,126018.00,-8.732099,-0.062252,2.955793,0.670256,0.889961,0.389034
0,126040.00,-8.450167,-0.019155,5.133430,0.706475,1.528863,0.816478
0,126062.00,-9.613210,-0.363339,5.465642,0.788236,1.727005,0.974139
0,126084.00,-9.905916,-0.152638,6.939947,1.012211,2.013299,1.049508
0,126106.00,-10.703824,-1.361173,8.162848,1.195706,2.369902,1.206370
0,126128.00,-10.772062,-2.198588,9.668279,1.289450,2.712656,1.309969
0,126150.00,-10.819949,-2.736113,10.974981,1.332328,2.994689,1.464435
0,126172.00,-10.897165,-3.418496,12.725232,1.337122,3.205615,1.665240
0,126194.00,-10.491328,-3.714195,14.233656,1.287320,3.344900,1.772034
0,126217.00,-9.771235,-3.712997,15.325467,1.246573,3.388843,1.847936
0,126239.00,-8.125137,-3.769863,15.778593,1.296641,3.385114,1.936354
0,126261.00,-6.318022,-5.166352,17.705425,1.649515,3.026381,1.619699
0,126283.00,-4.345099,-6.078589,16.207176,1.726215,2.888161,1.349917
0,126305.00,-4.088906,-8.140700,18.697273,1.886806,2.442874,0.968280
0,126327.00,-4.252917,-4.886815,13.423178,1.769359,2.093728,-0.183821
0,126349.00,-1.617964,-6.337176,14.896285,2.634367,1.966161,-1.465886
0,126371.00,2.958786,-8.586045,15.599019,2.471912,1.561088,-1.487724
0,126393.00,2.131547,-10.001090,13.472859,1.466820,0.847616,-0.540690
0,126415.00,-0.089189,-10.073519,15.103992,0.547749,0.195398,0.061460
0,126437.00,-1.141494,-7.994048,13.448318,-0.313797,-0.013664,0.073178
0,126459.00,1.351596,-7.130895,13.432156,-0.524989,-0.116996,-0.222970
0,126481.00,0.792521,-7.121916,14.210311,-0.528185,-0.973748,-0.327900
0,126503.00,-1.804123,-8.285557,14.827448,-0.724729,-1.729564,-0.216845
0,126525.00,-3.587894,-8.235276,16.848856,-1.056564,-2.064329,0.046013
0,126547.00,-4.245136,-6.683754,16.369991,-1.278142,-2.241165,-0.014175
0,126569.00,-5.116071,-6.857343,17.559372,-1.372686,-2.554890,-0.454402
0,126591.00,-6.476047,-6.260558,16.830299,-1.569497,-2.880600,-0.715396
0,126613.00,-7.696554,-5.626661,16.802166,-1.720766,-3.147187,-0.781710
0,126635.00,-9.125366,-4.713226,15.809719,-1.815310,-3.435345,-0.803015
0,126657.00,-10.636185,-3.529832,15.833663,-1.732751,-3.644406,-0.958546
0,126679.00,-11.522683,-1.780778,13.132866,-1.205437,-3.616709,-1.291446
0,126701.00,-11.804614,-1.718526,12.301436,-1.056564,-3.621236,-1.464288
0,126723.00,-11.732186,-1.626344,10.254290,-1.138857,-3.497664,-1.506633
0,126745.00,-11.025861,-1.448566,8.784774,-1.220883,-3.216430,-1.272271
0,126767.00,-10.515870,-1.186986,7.581626,-1.407840,-2.947180,-0.950557
0,126789.00,-10.057956,-0.232249,5.891233,-1.627288,-2.648103,-0.686633
0,126811.00,-9.749087,1.195965,3.920106,-1.654453,-2.263536,-0.511661
0,126833.00,-8.926638,2.312318,2.701994,-1.347119,-1.862192,-0.448277
0,126855.00,-8.213129,1.980704,2.272812,-0.838448,-1.473897,-0.360657
0,126877.00,-7.696554,1.649689,2.214151,-0.436837,-1.129279,-0.281028
0,126899.00,-7.031530,1.588634,1.931621,0.073965,-0.715683,-0.215247
0,126921.00,-7.015368,1.459939,1.850812,0.280097,-0.492507,-0.116708
0,126943.00,-7.232653,1.254626,1.893910,0.425241,-0.214735,0.038557
0,126965.00,-7.543915,0.816464,2.449393,0.503007,0.123491,0.202077
0,126987.00,-7.454727,0.724882,3.019841,0.498746,0.553332,0.384773
0,127009.00,-7.512789,0.632700,3.325117,0.496615,0.937099,0.573860
0,127031.00,-7.187161,0.788930,4.615059,0.593556,1.269733,0.733918
0,127053.00,-8.098202,0.205912,4.983785,0.651081,1.582659,0.993847
0,127075.00,-9.510852,-0.999630,6.077991,0.822591,1.826609,1.224214
0,127097.00,-9.981936,-1.344413,7.306877,0.952555,2.089733,1.260167
0,127119.00,-10.989347,-1.892713,9.599442,1.336323,2.848746,1.175211
0,127141.00,-10.833716,-2.618193,11.404762,1.537394,3.196027,1.117952
0,127163.00,-10.545798,-3.265857,12.899419,1.626079,3.466342,1.174412
0,127185.00,-10.015456,-4.432492,14.860370,1.675082,3.694312,1.377082
0,127207.00,-7.969506,-5.384235,16.266438,1.703312,3.791785,1.739277
0,127229.00,-5.327370,-5.041847,15.600815,1.729678,3.423731,2.192287
0,127251.00,-8.785372,-5.627259,19.614300,2.037011,2.723309,2.447955
0,127273.00,-9.983731,-5.610499,19.303038,1.164546,2.702270,1.462837
0,127295.00,-5.533282,-6.559848,15.409867,0.908346,3.443971,0.586643
0,127317.00,-1.024172,-7.810883,15.884542,1.353367,3.403491,0.255874
0,127339.00,1.021778,-4.434886,11.693278,1.448443,1.757898,-0.338287
0,127361.00,0.651855,-5.817608,14.388688,1.970964,1.017794,-0.245873
0,127383.00,-0.025140,-6.405415,12.502560,1.821558,0.484888,-0.355597
0,127405.00,-0.931392,-9.157690,16.309534,1.646319,0.239873,-0.353467
0,127427.00,0.807486,-9.418073,14.941178,0.663065,0.225758,-0.419514
0,127449.00,1.917853,-8.322669,14.098975,-0.123378,0.036937,-0.203795
0,127471.00,1.138501,-6.422175,14.674212,-0.604885,-0.600899,-0.037611
0,127493.00,-0.432175,-4.794034,14.092989,-0.879994,-1.284543,-0.047199
0,127515.00,-1.974120,-5.065790,13.633279,-0.858155,-1.730097,-0.069037
0,127537.00,-3.261069,-5.609302,13.718876,-0.835785,-2.082971,-0.102593
0,127559.00,-5.749969,-5.104698,13.791903,-1.146580,-2.554358,-0.309524
0,127581.00,-6.177355,-4.160138,13.608139,-1.356973,-2.633988,-0.323905
0,127603.00,-6.801675,-3.390362,13.162196,-1.484274,-2.753832,-0.248004
0,127625.00,-8.001830,-2.971954,12.742591,-1.546859,-2.892052,-0.193142
0,127647.00,-8.755444,-2.411084,12.316401,-1.528217,-2.985796,-0.253597
0,127669.00,-9.337862,-2.136335,11.589126,-1.427282,-2.930135,-0.345743
0,127691.00,-9.351031,-2.019013,10.987552,-1.317025,-2.799639,-0.508199
0,127713.00,-9.480924,-2.092639,10.336894,-1.285333,-2.656092,-0.642957
0,127735.00,-9.094240,-1.750849,9.846058,-1.298383,-2.484316,-0.693558
0,127757.00,-8.762627,-1.321068,9.145718,-1.323683,-2.371396,-0.669589
0,127779.00,-8.486082,-0.300488,6.649635,-1.282403,-2.190564,-0.566789
0,127801.00,-8.230488,-0.054471,5.806235,-1.147645,-2.016924,-0.491154
0,127823.00,-8.134715,0.223869,4.736571,-0.976402,-1.817983,-0.403535
0,127845.00,-8.110771,0.394465,4.309783,-0.739110,-1.609987,-0.335091
0,127867.00,-8.047322,0.456119,4.084118,-0.530049,-1.329551,-0.281560
0,127889.00,-7.436171,0.627911,3.753102,-0.359870,-0.981471,-0.233889
0,127911.00,-7.073431,0.811676,2.825302,-0.229107,-0.747109,-0.139079
0,127933.00,-7.679195,0.584215,2.789387,-0.014187,-0.591845,0.026838
0,127955.00,-8.580059,0.407035,2.515237,0.129626,-0.261341,0.204474
0,127977.00,-8.717732,0.306473,2.180630,0.277167,0.249194,0.273717
0,127999.00,-8.076054,0.515977,3.333497,0.644157,1.066797,0.342960
0,128021.00,-8.477701,-0.041302,4.301403,0.864936,1.383985,0.458277
0,128043.00,-8.481293,-0.479463,6.261755,1.036979,1.766420,0.623662
0,128065.00,-8.535764,-0.668615,6.641255,1.024462,2.111838,0.795705
0,128087.00,-8.714141,-1.079840,7.846797,1.052159,2.406654,0.999173
0,128109.00,-8.959559,-1.485678,9.373777,1.051626,2.682828,1.240193
0,128131.00,-8.757837,-1.809510,10.832519,1.042838,2.932636,1.453249
0,128153.00,-8.259219,-2.344043,12.357104,1.060948,3.052480,1.623960
0,128175.00,-7.540324,-2.898927,13.682961,1.122468,3.069525,1.697465
0,128197.00,-7.765390,-4.538441,14.624529,1.171204,3.026381,1.655919
0,128219.00,-4.990369,-6.358725,15.177019,0.841233,3.155280,1.219953
0,128241.00,-3.049171,-6.585588,14.411434,0.798622,3.019191,1.174945
0,128263.00,-1.980704,-6.600552,14.601783,0.930451,2.527830,1.103571
0,128285.00,-1.632929,-6.400027,14.313267,1.027924,1.816222,0.802895
0,128307.00,-2.390732,-6.865125,12.639036,1.009814,1.149889,0.391431
0,128329.00,-2.464956,-7.267371,12.381048,1.116076,0.694482,-0.057052
0,128351.00,-2.152497,-6.414393,12.146404,1.294510,0.348532,-0.482099
0,128373.00,-2.666080,-6.819034,11.778276,1.273737,0.039068,-0.820859
0,128395.00,-2.900723,-7.252407,10.974382,0.886508,-0.207012,-0.919663
0,128417.00,-2.599637,-6.446118,10.578122,0.386625,-0.423797,-0.628576
0,128439.00,-4.708437,-4.856287,9.400115,-0.402748,-0.947648,0.071847
0,128461.00,-5.729018,-4.101477,8.536962,-0.649893,-0.955372,0.254542
0,128483.00,-6.151616,-3.448425,7.634301,-0.751627,-0.907700,0.308871
0,128505.00,-6.781922,-3.338884,8.183200,-0.765742,-0.877340,0.340830
0,128527.00,-6.875300,-2.416471,7.545711,-0.887184,-0.840588,0.259869
0,128549.00,-6.745409,-1.731695,7.712117,-0.844307,-0.845381,0.225513
0,128571.00,-7.164415,-1.449763,6.967482,-0.847503,-0.935398,0.183435
0,128593.00,-7.328426,-1.352194,7.077022,-0.800098,-0.940191,0.183435
0,128615.00,-7.433178,-0.866147,6.602946,-0.851764,-0.902640,0.180505
0,128637.00,-7.770778,-0.447739,6.304853,-0.857356,-0.906901,0.163461
0,128659.00,-8.704564,0.174187,5.344729,-0.566801,-0.788389,0.112327
0,128681.00,-8.222108,-0.287319,6.678368,-0.341494,-0.599568,0.031898
0,128703.00,-7.360750,-0.149047,6.531116,-0.301280,-0.415541,-0.017637
0,128725.00,-6.978256,-0.172990,6.607735,-0.271186,-0.406486,0.020180
0,128747.00,-7.042903,-0.007183,6.664001,-0.236564,-0.457353,0.104338
0,128769.00,-7.039910,-0.208905,6.584390,-0.163859,-0.435781,0.189826
0,128791.00,-6.842379,-0.921216,6.831604,-0.084229,-0.370266,0.262265
0,128813.00,-6.541292,-1.457545,7.003995,-0.103138,-0.291435,0.347754
0,128835.00,-6.270135,-2.527807,7.855776,-0.146015,-0.233111,0.439102
0,128857.00,-5.762538,-3.101846,8.975122,-0.298084,-0.200354,0.499823
0,128879.00,-5.051425,-2.362000,8.511222,-0.659747,-0.381718,0.581317
0,128901.00,-5.322582,-2.748684,8.455554,-0.657350,-0.549233,0.607683
0,128923.00,-5.514127,-3.285611,8.841639,-0.715940,-0.604362,0.599959
0,128945.00,-5.381841,-3.188641,8.425027,-0.914083,-0.590779,0.619134
0,128967.00,-5.449481,-4.062569,8.857202,-1.031796,-0.636054,0.718738
0,128989.00,-5.368672,-4.798823,9.557542,-1.215024,-0.645641,0.848170
0,129011.00,-5.454269,-4.826358,9.030191,-1.595063,-0.629129,0.975471
0,129033.00,-5.722434,-5.436911,9.421065,-1.939948,-0.683459,0.933659
0,129055.00,-5.285470,-5.066389,10.142954,-2.375914,-0.669876,0.939518
0,129077.00,-5.193887,-4.931708,9.421664,-2.831055,-0.611819,1.134997
0,129099.00,-5.298638,-6.007957,10.238128,-3.562903,-0.788655,1.227676
0,129121.00,-5.931937,-5.219027,9.555746,-4.081961,-0.736457,1.428748
0,129143.00,-5.718842,-4.841322,8.994277,-4.375712,-0.682660,1.390664
0,129165.00,-5.876269,-4.059576,8.111370,-4.516063,-0.692247,1.290528
0,129187.00,-6.135455,-3.132374,6.204291,-4.415926,-0.695709,1.104103
0,129209.00,-6.625093,-5.498564,5.720039,-3.989814,-0.712488,0.825799
0,129231.00,-6.651431,-5.929543,5.811024,-3.865443,-0.699172,0.597829
0,129253.00,-7.185365,-5.714054,4.804211,-3.874764,-0.502361,0.590638
0,129275.00,-6.303656,-6.133060,4.165524,-3.723760,-0.292234,0.495828
0,129297.00,-5.248358,-6.030104,2.849245,-3.658778,-0.530857,0.253743
0,129319.00,-6.249784,-6.116899,2.121371,-3.473419,-0.762290,0.153074
0,129341.00,-6.816041,-7.368531,1.995669,-3.226008,-0.768947,-0.003522
0,129363.00,-6.832203,-7.633104,1.783173,-3.253439,-0.580659,0.013789
0,129385.00,-6.376683,-7.581626,1.935811,-3.377012,-0.265602,0.139226
0,129407.00,-5.247160,-6.395238,0.737452,-3.542397,-0.134307,0.065189
0,129429.00,-5.048431,-5.790073,-0.562666,-3.482741,-0.318067,0.029235
0,129451.00,-6.066019,-6.004365,-1.064277,-3.304573,-0.547902,0.159999
0,129473.00,-6.933961,-5.718842,-0.987659,-3.222812,-0.448032,0.502220
0,129495.00,-6.795689,-6.026513,-1.440186,-3.170347,-0.125518,0.605020
0,129517.00,-6.461681,-3.632788,-3.012059,-2.972471,-0.036567,0.338699
0,129539.00,-6.495202,-3.662717,-3.718385,-2.573257,0.110175,0.272652
0,129561.00,-6.430555,-4.430696,-3.762081,-2.166320,0.318438,0.314731
0,129583.00,-6.329993,-4.888610,-4.215806,-1.917577,0.444940,0.254010
0,129605.00,-6.209679,-5.308814,-4.377422,-1.733017,0.447869,0.087027
0,129627.00,-6.556257,-5.357898,-4.494744,-1.599857,0.473436,0.031632
0,129649.00,-6.809457,-5.360292,-4.970616,-1.496525,0.574904,-0.009647
0,129671.00,-6.731042,-5.636238,-4.752134,-1.379344,0.767453,-0.029089
0,129693.00,-5.524303,-4.936497,-4.959243,-1.382007,0.989831,-0.051992
0,129715.00,-4.085913,-4.427703,-5.863699,-1.262962,0.939763,-0.192876
0,129737.00,-5.098114,-4.700656,-5.527895,-0.885054,0.364511,-0.074630
0,129759.00,-5.233992,-4.565377,-5.536873,-0.824066,0.362913,-0.082353
0,129781.00,-4.858681,-4.735373,-5.727821,-0.743638,0.325895,-0.209121
0,129803.00,-5.086142,-5.401594,-5.662576,-0.659214,0.236944,-0.202197
0,129825.00,-6.189327,-5.338145,-5.930141,-0.486905,0.435885,-0.033883
0,129847.00,-4.119434,-5.584161,-6.161792,-0.550289,0.576768,-0.098865
0,129869.00,-3.881797,-5.413566,-5.864896,-0.579318,0.448935,-0.028556
0,129891.00,-4.610869,-5.579373,-6.502983,-0.610478,0.171429,-0.139612
0,129913.00,-4.455238,-5.318391,-6.622699,-0.590504,-0.058672,-0.328433
0,129935.00,-4.684494,-4.542032,-6.454498,-0.566801,-0.063998,-0.266646
0,129957.00,-2.936638,-5.138817,-7.172795,-0.472524,-0.154547,-0.207790
0,129979.00,-4.123025,-5.110684,-7.387686,-0.490101,-0.565479,-0.151063
0,130001.00,-6.579003,-5.235189,-7.855177,-0.527120,-0.753767,-0.121768
0,130023.00,-7.883311,-1.591028,-9.250469,-0.497824,-0.335645,-0.135351
0,130045.00,-3.769863,-3.924297,-6.751993,-0.091952,0.376762,-0.244009
0,130067.00,-3.097058,-5.550042,-8.359182,-0.078370,0.274761,-0.209654
0,130089.00,-5.321384,-5.394411,-6.706501,0.002591,0.047856,0.055867
0,130111.00,-4.841921,-5.056812,-8.332247,-0.213128,0.122426,0.030833
