-0.376507,0.361543,-0.249575
-0.372317,0.230454,-0.242392
-0.298692,0.244820,-0.282496
-0.302283,0.314854,-0.244187
-0.345381,0.281333,-0.244187
-0.358550,0.284925,-0.261546
-0.374712,0.283727,-0.238202
-0.370522,0.284925,-0.231019
-0.356754,0.266369,-0.269328
-0.331015,0.274749,-0.222639
-0.353761,0.365733,-0.299257
-0.335804,0.403444,-0.260948
-0.299889,0.168201,-0.246582
-0.299290,0.272953,-0.240596
-0.305875,0.314255,-0.241195
-0.316649,0.284925,-0.226231
-0.323832,0.282530,-0.241195
-0.351367,0.249608,-0.272321
-0.325029,0.260981,-0.244187
-0.380697,0.337600,-0.244187
-0.384888,0.267566,-0.254364
-0.384888,0.217883,-0.229223
-0.388479,0.287917,-0.228624
-0.376507,0.333410,-0.254364
-0.371120,0.259784,-0.222040
-0.365134,0.250207,-0.257956
-0.372317,0.282530,-0.240596
-0.353163,0.292108,-0.245983
-0.357951,0.260981,-0.237603
-0.351966,0.257390,-0.261546
-0.339994,0.278340,-0.232216
-0.344783,0.313656,-0.221441
-0.354360,0.283129,-0.245983
-0.376507,0.263376,-0.231019
-0.359149,0.277742,-0.238800
-0.353761,0.301685,-0.242392
-0.357353,0.284925,-0.238202
-0.366930,0.275946,-0.245385
-0.381296,0.283727,-0.251969
-0.364536,0.301086,-0.232216
-0.359149,0.281932,-0.221441
-0.359149,0.272354,-0.235807
-0.356156,0.262777,-0.233414
-0.356156,0.281932,-0.241794
-0.347177,0.282530,-0.252568
-0.361543,0.253798,-0.232815
-0.352564,0.272953,-0.244786
-0.357353,0.295699,-0.251969
-0.359149,0.277143,-0.247181
-0.351966,0.273551,-0.215456
-0.375909,0.265171,-0.265138
-0.366930,0.278340,-0.223836
-0.360346,0.281333,-0.244786
-0.369324,0.217285,-0.260349
-0.383690,0.347776,-0.243589
-0.369923,0.250805,-0.231019
-0.317846,0.296298,-0.229822
-0.420802,0.249010,-0.243589
-0.364536,0.260981,-0.242990
-0.315452,0.317846,-0.252568
-0.384888,0.252003,-0.272920
-0.272354,0.315452,-0.275314
-0.472879,0.200525,-0.268729
-0.553089,0.222074,-0.169964
-0.260981,0.102357,-0.211266
-0.385486,0.216088,-0.318412
-0.243024,0.136476,-0.104120
-0.182567,0.243622,-0.262145
-0.319044,0.049084,-0.165773
-0.530941,0.196335,-0.647632
-0.397458,0.528547,-0.326193
-0.472280,0.223869,-0.172956
-0.444746,0.343585,-0.253765
-0.302283,0.366332,-0.293271
-0.462104,0.144258,-0.246582
-0.166406,0.286122,-0.190914
-0.371120,0.380697,-0.252568
-0.263974,0.369324,-0.267532
-0.703931,0.232249,-0.230420
-0.159821,0.243024,-0.231618
-0.207708,0.293903,-0.320208
-0.401648,0.322635,-0.154401
-0.512984,0.265171,-0.274715
-0.358550,0.234644,-0.170563
-0.433971,0.411225,-0.254962
-0.500414,0.206510,-0.320807
-0.404042,0.254995,-0.193309
-0.475273,0.173588,-0.196899
-0.453126,0.237038,-0.269927
-0.190947,0.398655,-0.363904
-0.561469,0.217285,-0.213061
-0.427985,0.244221,-0.227427
-0.402246,0.249010,-0.254364
-0.412422,0.223869,-0.242990
-0.327424,0.261580,-0.247181
-0.508195,0.262777,-0.250174
-0.281932,0.184962,-0.234611
-0.465097,0.270559,-0.214857
-0.239432,0.260981,-0.282496
-0.453724,0.369324,-0.231019
-0.358550,0.381895,-0.292673
-0.550694,0.256193,-0.234611
-0.669213,0.369324,-0.212463
-0.361543,0.230454,-0.140035
-0.436964,0.256791,-0.235807
-0.233447,0.336402,-0.320208
-0.399253,0.254397,-0.166372
-0.301086,0.204116,-0.283694
-0.184962,0.146652,-0.193309
-0.269361,0.184363,-0.219646
-0.397458,0.280734,-0.254962
-0.363937,0.290312,-0.232216
-0.322635,0.235841,-0.238202
-0.326825,0.222074,-0.260948
-0.381895,0.310663,-0.208273
-0.355557,0.247214,-0.255561
-0.358550,0.242425,-0.271723
-0.380099,0.266967,-0.223237
-0.389078,0.278939,-0.245385
-0.350768,0.229855,-0.287286
-0.375310,0.274749,-0.224435
-0.385486,0.277742,-0.232815
-0.407035,0.199327,-0.280702
-0.308868,0.250207,-0.244187
-0.340593,0.283129,-0.240596
-0.356754,0.259186,-0.287286
-0.341790,0.207708,-0.228624
-0.356754,0.278340,-0.222040
-0.367529,0.277742,-0.282496
-0.333410,0.238235,-0.244786
-0.342987,0.234045,-0.220244
-0.369923,0.272953,-0.252568
-0.382493,0.273551,-0.234012
-0.378902,0.265171,-0.247779
-0.383092,0.291509,-0.287286
-0.318445,0.228059,-0.238800
-0.313058,0.276544,-0.244786
-0.350170,0.270559,-0.240596
-0.332212,0.263376,-0.233414
-0.339395,0.244820,-0.241794
-0.365733,0.266369,-0.266933
-0.361543,0.283727,-0.239998
-0.350170,0.266369,-0.245385
-0.378303,0.265171,-0.284891
-0.341191,0.247813,-0.213061
-0.357951,0.265171,-0.237005
-0.354958,0.220876,-0.272920
-0.354958,0.249010,-0.238202
-0.354958,0.281333,-0.256160
-0.350768,0.267566,-0.291475
-0.365733,0.245418,-0.235209
-0.360346,0.258587,-0.244187
-0.331015,0.231052,-0.256758
-0.325628,0.238235,-0.228624
-0.341191,0.263974,-0.229223
-0.360346,0.256791,-0.253166
-0.356156,0.234644,-0.250174
-0.370522,0.271756,-0.240596
-0.361543,0.243024,-0.249575
-0.335804,0.264573,-0.239399
-0.383092,0.281932,-0.241195
-0.297495,0.249010,-0.273519
-0.284925,0.281932,-0.235209
-0.380697,0.327424,-0.227427
-0.356156,0.244820,-0.284891
-0.379500,0.159821,-0.259152
-0.413619,0.255594,-0.241195
-0.397458,0.277742,-0.242990
-0.393268,0.244221,-0.258554
-0.339395,0.244820,-0.253166
-0.356754,0.390873,-0.251370
-0.325029,0.217285,-0.246582
-0.288516,0.293305,-0.225632
-0.313656,0.284925,-0.286687
-0.344783,0.255594,-0.228026
