0,544670.00,-9.856833,-1.299519,1.908875,-0.072334,0.803684,0.170107
0,544693.00,-9.966971,-2.069294,2.661291,-0.143175,1.269211,0.281961
0,544716.00,-9.665286,-2.569109,3.222161,-0.312022,1.686002,0.442819
0,544739.00,-9.049346,-2.226721,3.352053,-0.503240,1.937941,0.567456
0,544762.00,-9.337862,-1.540149,3.587296,-0.572749,2.001592,0.617791
0,544785.00,-10.382386,-0.702734,3.985950,-0.455835,2.123833,0.675849
0,544808.00,-10.546996,-1.619760,6.479639,0.127406,2.952888,0.677979
0,544831.00,-9.425255,-2.030386,7.592999,0.272284,3.276200,0.634036
0,544854.00,-8.934419,-2.505061,8.439991,0.354045,3.330263,0.619389
0,544877.00,-8.708156,-2.472139,9.056529,0.356442,3.215479,0.606339
0,544900.00,-8.680620,-1.901692,9.427051,0.342593,3.038909,0.559200
0,544923.00,-8.829068,-1.562296,9.746694,0.397721,2.885775,0.448678
0,544946.00,-7.871339,-2.700797,10.369217,0.567101,2.669789,0.393549
0,544969.00,-6.957306,-3.141353,10.443441,0.474954,2.364053,0.339220
0,544992.00,-6.624495,-3.027024,10.408724,0.299183,1.878019,0.270776
0,545015.00,-7.021354,-2.975546,10.589495,0.187861,1.438058,0.291549
0,545038.00,-6.824421,-2.861217,10.971989,0.161762,1.131790,0.304865
0,545061.00,-6.090561,-3.167690,11.100683,0.196383,0.810075,0.248138
0,545084.00,-5.590147,-3.769264,11.468212,0.193454,0.371979,0.192478
0,545107.00,-6.452703,-3.828524,11.437086,0.086393,-0.757751,-0.017649
0,545130.00,-7.111740,-3.522649,11.216209,0.089322,-1.227008,-0.100475
0,545153.00,-8.125736,-3.617224,11.364058,0.182002,-1.640603,-0.156934
0,545176.00,-8.799140,-3.520853,11.530464,0.285600,-1.986819,-0.215791
0,545199.00,-8.574672,-3.440045,11.236561,0.456312,-2.302408,-0.289029
0,545222.00,-8.651290,-3.762680,10.943256,0.628887,-2.812411,-0.434706
0,545245.00,-11.117443,-3.553775,10.075912,0.653921,-3.705383,-0.609146
0,545268.00,-11.625639,-4.269079,9.491697,0.605984,-3.748793,-0.615271
0,545291.00,-11.232969,-3.958416,8.587242,0.342060,-3.690203,-0.558013
0,545314.00,-10.655339,-3.285611,7.508599,0.080001,-3.650255,-0.517532
0,545337.00,-10.405132,-2.751677,6.476047,-0.113081,-3.651320,-0.467464
0,545360.00,-10.940862,-2.268023,5.448882,-0.250236,-3.582876,-0.379045
0,545383.00,-11.314975,-1.508424,4.205031,-0.331730,-3.281934,-0.347886
0,545406.00,-9.957394,0.086794,1.229485,-0.187651,-2.390028,-0.227243
0,545429.00,-9.312722,-0.356754,0.053872,-0.053425,-2.056595,-0.068783
0,545452.00,-9.768841,-1.099593,-0.690762,-0.108021,-1.797199,0.111516
0,545475.00,-11.000122,-0.730867,-1.575465,-0.367683,-1.457907,0.208190
0,545498.00,-11.790249,0.416014,-2.289572,-0.626014,-0.902363,0.187151
0,545521.00,-11.618456,1.328251,-2.558933,-0.683006,-0.138291,0.239350
0,545544.00,-11.146175,0.953539,-2.150701,-0.554373,0.631907,0.371711
0,545567.00,-11.496943,-0.284326,-0.275347,-0.441986,1.932615,0.507534
0,545590.00,-11.599301,-0.754212,1.304906,-0.394049,2.574180,0.536830
0,545613.00,-12.215240,-1.258217,3.189838,-0.374075,3.182722,0.593822
0,545636.00,-12.366083,-1.377335,4.892202,-0.359960,3.768094,0.642825
0,545659.00,-11.765108,-1.257020,6.210876,-0.242779,4.233355,0.719259
0,545682.00,-11.871655,-1.969930,7.300891,-0.018271,4.397674,0.784507
0,545705.00,-13.536907,-3.565148,10.096265,0.118351,4.311387,0.749353
0,545728.00,-12.457666,-2.641538,10.960615,0.136727,4.388885,0.729113
0,545751.00,-11.202442,-2.050140,11.373037,0.305574,4.269574,0.631107
0,545774.00,-10.279430,-2.457773,12.079962,0.544464,3.929749,0.585566
0,545797.00,-9.164274,-3.465784,13.283110,0.664574,3.475141,0.500610
0,545820.00,-7.327828,-4.333127,14.216895,0.551921,3.006684,0.381032
0,545843.00,-5.420749,-4.650974,14.768188,0.306640,2.369380,0.255862
0,545866.00,-4.366049,-3.695639,15.610392,-0.213484,0.815934,0.275569
0,545889.00,-4.779070,-4.005105,15.826480,-0.198037,0.117110,0.191945
0,545912.00,-4.987376,-4.209820,15.537365,-0.211087,-0.511672,0.014842
0,545935.00,-5.787080,-3.787221,14.993255,-0.155958,-1.136192,-0.176376
0,545958.00,-6.249185,-3.311350,14.514989,0.012090,-1.696264,-0.324184
0,545981.00,-7.502614,-3.684266,14.406646,0.237929,-2.260862,-0.458942
0,546004.00,-8.631536,-4.060174,13.909823,0.335136,-2.765539,-0.597694
0,546027.00,-10.641572,-3.747117,12.877870,0.317825,-3.662239,-0.618201
0,546050.00,-11.763911,-3.695639,12.135031,0.271485,-4.027897,-0.546295
0,546073.00,-13.209484,-4.172708,11.601097,0.188660,-4.280634,-0.485307
0,546096.00,-14.039117,-3.863241,10.494920,-0.023597,-4.441758,-0.508211
0,546119.00,-14.033730,-3.006672,9.259448,-0.199369,-4.527514,-0.536174
0,546142.00,-13.864930,-2.734916,8.023378,-0.256361,-4.582642,-0.546827
0,546165.00,-13.909225,-2.029189,4.649178,-0.331463,-4.242551,-0.304210
0,546188.00,-12.785090,-1.331244,2.436224,-0.289118,-3.785279,-0.197149
0,546211.00,-12.173939,-0.521963,0.280734,-0.221207,-3.352242,-0.205405
0,546234.00,-12.582769,-0.145455,-1.054101,-0.105091,-2.818537,-0.273050
0,546257.00,-11.826762,-0.166405,-2.010633,0.034993,-1.946072,-0.282105
0,546280.00,-10.186650,-0.205313,-2.911498,0.109296,-1.064819,-0.192355
0,546303.00,-9.150507,-0.501611,-3.388567,0.042716,-0.524189,-0.041352
0,546326.00,-10.470378,-1.693984,-2.563722,-0.483000,0.374376,0.329632
0,546349.00,-10.529637,-0.733262,-2.029788,-0.787670,0.994103,0.418850
0,546372.00,-10.317141,0.646467,-1.535360,-0.840135,1.570153,0.454537
0,546395.00,-10.806182,0.574039,-0.310065,-0.591924,2.019968,0.487827
0,546418.00,-11.502331,-0.243622,1.115755,-0.302435,2.478305,0.522715
0,546441.00,-12.123658,-0.882308,2.734916,-0.117076,2.912673,0.526443
0,546464.00,-12.704880,-1.722117,5.755954,0.154571,3.670620,0.547216
0,546487.00,-12.901215,-2.549955,7.399059,0.223814,3.932147,0.607671
0,546510.00,-13.158006,-3.396348,9.096036,0.201976,4.104722,0.700616
0,546533.00,-13.618315,-3.874614,10.812766,0.093584,4.200863,0.788236
0,546556.00,-13.210082,-3.566345,12.042850,0.005165,4.337752,0.871328
0,546579.00,-10.784034,-2.505061,12.478018,0.097046,4.340415,0.833510
0,546602.00,-9.036178,-1.982500,12.758154,0.368692,3.868762,0.648684
0,546625.00,-9.056529,-4.270277,14.319253,0.766841,2.838103,0.474244
0,546648.00,-7.834227,-5.277090,15.260222,0.570563,2.664196,0.354400
0,546671.00,-5.066988,-4.700058,15.375749,0.242457,2.377636,0.260656
0,546694.00,-4.151159,-3.779440,15.911478,-0.006020,1.692128,0.270509
0,546717.00,-4.447456,-2.435027,16.642944,-0.033451,0.950959,0.227898
0,546740.00,-3.877009,-2.738508,17.390572,0.293324,0.394616,0.109119
0,546763.00,-2.096829,-3.128783,17.345079,0.539936,-0.310334,-0.073576
0,546786.00,-5.522508,-5.089135,17.415113,0.560709,-2.134094,-0.186230
0,546809.00,-6.952518,-5.182514,17.030825,0.310102,-2.598024,-0.204606
0,546832.00,-7.450537,-4.876639,15.806128,-0.012944,-3.012684,-0.331640
0,546855.00,-9.788594,-4.570165,14.892694,-0.260090,-3.525084,-0.467730
0,546878.00,-11.323356,-3.718385,13.757784,-0.353035,-3.795133,-0.666671
0,546901.00,-11.734580,-2.852837,12.470835,-0.216413,-3.853457,-0.731387
0,546924.00,-13.466874,-3.332300,10.442245,0.263762,-4.281700,-0.796103
0,546947.00,-14.476081,-4.024858,9.257652,0.348186,-4.334698,-0.799565
0,546970.00,-13.545886,-3.751307,7.463107,0.262431,-4.234828,-0.710348
0,546993.00,-13.123288,-2.740902,5.680533,0.120482,-4.236159,-0.552686
0,547016.00,-13.978062,-2.344043,4.100279,0.053103,-4.205000,-0.442430
0,547039.00,-13.973872,-1.847221,2.129152,0.037390,-3.778089,-0.338831
0,547062.00,-12.406188,-1.003222,0.199926,0.005964,-3.158628,-0.276512
0,547085.00,-11.556203,-0.045492,-2.312318,0.131667,-2.108794,-0.167854
0,547108.00,-11.344306,-0.574638,-2.944420,0.221417,-1.438732,-0.069315
0,547131.00,-10.822343,-1.452157,-3.059347,0.173480,-0.726326,0.034283
0,547154.00,-10.667311,-1.677224,-2.927659,-0.047300,-0.088489,0.095004
0,547177.00,-10.914525,-1.299519,-2.429640,-0.278466,0.552544,0.102461
0,547200.00,-10.044786,-0.711114,-1.826270,-0.374341,1.265216,0.128561
0,547223.00,-10.715796,-1.645499,0.608158,-0.255029,2.199734,0.222838
0,547246.00,-11.563386,-2.136934,2.032182,-0.275270,2.668990,0.257992
0,547269.00,-11.886022,-2.234503,3.293392,-0.324273,3.187515,0.317648
0,547292.00,-12.353513,-2.002253,4.423513,-0.350638,3.620286,0.359993
0,547315.00,-12.964066,-1.828665,5.609302,-0.298440,3.997128,0.427638
0,547338.00,-13.648842,-2.749282,7.210506,-0.152230,4.364917,0.517921
0,547361.00,-14.175593,-3.877607,8.850019,-0.111483,4.652543,0.569054
0,547384.00,-13.448916,-4.210418,12.509144,-0.361291,4.963072,0.626846
0,547407.00,-12.321190,-4.203235,14.426399,-0.448911,4.841097,0.632172
0,547430.00,-10.688860,-2.485907,15.741481,-0.404701,4.468515,0.654543
0,547453.00,-8.554918,-0.590201,16.079679,-0.036114,3.930549,0.745092
0,547476.00,-5.304624,-1.764018,16.263443,0.608380,3.215213,0.542422
0,547499.00,-3.674090,-4.440273,16.670479,0.897604,2.050595,0.133887
0,547522.00,-5.556028,-4.996953,16.601643,0.577221,0.955486,0.134420
0,547545.00,-3.941057,-3.797397,17.551590,0.018748,0.524314,0.090477
0,547568.00,-2.947412,-4.303797,18.321964,-0.056887,0.175701,0.075030
0,547591.00,-1.761624,-3.497508,18.137600,-0.118674,-0.587306,-0.036824
0,547614.00,-3.875812,-2.785197,17.805387,0.081067,-1.634744,-0.222449
0,547637.00,-5.907994,-2.637347,17.663525,0.357773,-2.400681,-0.373186
0,547660.00,-6.907025,-3.478354,17.671906,0.653389,-2.888579,-0.437103
0,547683.00,-9.166668,-4.482772,15.913873,0.630751,-4.158127,-0.488503
0,547706.00,-11.501733,-4.349289,14.920228,0.465100,-4.670794,-0.449354
0,547729.00,-12.895229,-4.218798,13.439938,0.336201,-4.802888,-0.302878
0,547752.00,-13.316031,-4.148765,11.793242,0.206237,-4.779718,-0.191290
0,547775.00,-13.489021,-3.939860,10.193234,0.060826,-4.801291,-0.240559
0,547798.00,-14.166017,-3.519057,8.475307,-0.038778,-4.805552,-0.252810
0,547821.00,-14.507207,-2.773226,6.743014,-0.054224,-4.606610,-0.212595
0,547844.00,-13.360925,-1.986091,3.118008,0.071745,-3.832684,-0.167854
0,547867.00,-12.959876,-2.521223,1.755039,0.097046,-3.367689,-0.066652
0,547890.00,-12.026688,-2.160877,0.135279,-0.026527,-2.836647,-0.002735
0,547913.00,-11.637012,-1.285153,-1.259414,-0.192711,-2.308268,0.059317
0,547936.00,-11.440079,-0.944561,-2.054330,-0.255296,-1.635010,0.113380
0,547959.00,-10.617628,-0.885301,-2.433231,-0.280863,-0.868008,0.151464
0,547982.00,-10.253093,-0.637489,-1.958557,-0.380466,0.438825,0.116044
0,548005.00,-10.186051,-0.286122,-1.242055,-0.363155,1.091043,0.070769
0,548028.00,-10.038202,-0.794915,-0.175384,-0.268079,1.737669,0.095537
0,548051.00,-9.893944,-1.191775,1.158254,-0.240116,2.265249,0.130425
0,548074.00,-10.320134,-1.313287,2.282389,-0.288586,2.674849,0.212185
0,548097.00,-11.461628,-1.668844,3.664512,-0.318680,3.071400,0.298739
0,548120.00,-11.823769,-1.978310,4.925723,-0.371678,3.576609,0.410860
0,548143.00,-12.695902,-2.683438,7.248217,-0.462759,4.265579,0.643091
0,548166.00,-13.410008,-2.807344,8.684212,-0.480869,4.526041,0.727248
0,548189.00,-13.613526,-4.042217,10.388970,-0.415887,4.834439,0.812737
0,548212.00,-13.315433,-5.198675,12.300240,-0.454503,5.038440,0.875855
0,548235.00,-12.349921,-4.281051,13.809262,-0.661434,4.977453,0.833777
0,548258.00,-10.918116,-2.378761,15.095014,-0.594055,4.749483,0.914205
0,548281.00,-9.356419,-1.335434,15.573280,-0.121869,4.447742,1.125930
0,548304.00,-4.403760,-4.243939,16.056932,0.721300,2.902819,0.565592
0,548327.00,-5.820003,-4.652770,16.372385,0.478683,1.772823,0.426573
0,548350.00,-5.735602,-3.882396,16.508263,0.234733,1.265483,0.377037
0,548373.00,-3.786024,-4.267882,16.884172,0.270953,1.088646,0.334693
0,548396.00,-3.972782,-6.571221,17.651552,0.247783,0.525912,0.273173
0,548419.00,-4.155947,-6.362317,18.049610,-0.133321,-0.181701,0.096869
0,548442.00,-4.291227,-3.396348,17.348072,0.090654,-1.706650,-0.477051
0,548465.00,-5.782292,-3.993133,17.328918,0.547926,-2.590301,-0.578253
0,548488.00,-8.195171,-5.490783,17.421698,0.776428,-3.385799,-0.594232
0,548511.00,-10.462596,-6.476645,17.230751,0.647263,-3.952795,-0.616869
0,548534.00,-11.365256,-5.823594,15.953379,0.323951,-4.279836,-0.653888
0,548557.00,-11.865669,-4.857484,14.822061,0.054967,-4.602882,-0.567866
0,548580.00,-12.682733,-4.239150,13.733242,-0.109086,-5.007689,-0.463203
0,548603.00,-15.040543,-4.048203,10.688860,-0.323207,-5.384531,-0.321520
0,548626.00,-15.893520,-2.969560,8.577066,-0.460362,-5.310761,-0.384905
0,548649.00,-15.689404,-2.005246,6.240206,-0.416686,-4.905155,-0.421657
0,548672.00,-14.677803,-2.234503,4.371437,-0.199369,-4.322181,-0.425119
0,548695.00,-13.972674,-1.959754,2.388937,-0.087248,-3.839342,-0.512206
0,548718.00,-12.782097,-0.404641,0.355557,0.020612,-3.325877,-0.577720
0,548741.00,-11.112655,0.718297,-1.716730,0.334603,-2.780719,-0.544963
0,548764.00,-11.452050,-1.620957,-2.898927,0.641138,-1.642467,-0.535375
0,548787.00,-10.273444,-1.101987,-3.243111,0.330076,-0.717803,-0.386502
0,548810.00,-9.202583,-1.266597,-2.733719,0.059228,0.080092,-0.198214
0,548833.00,-8.769809,-1.015193,-2.274009,-0.261421,0.665197,0.020435
0,548856.00,-9.379165,-1.015193,-1.631732,-0.526143,1.119007,0.265982
0,548879.00,-10.523651,-0.838612,-0.759599,-0.704844,1.611166,0.444416
0,548902.00,-11.373037,0.477069,1.049911,-0.623617,2.828249,0.560266
0,548925.00,-11.968027,-0.583616,2.721747,-0.356231,3.331062,0.624183
0,548948.00,-13.068219,-1.528776,4.291227,-0.261155,3.766229,0.675316
0,548971.00,-14.077426,-2.144716,5.878663,-0.262220,4.248269,0.778648
0,548994.00,-14.704141,-2.260242,7.501416,-0.308294,4.778512,0.921396
0,549017.00,-14.451539,-3.030615,9.032586,-0.268878,5.245637,1.002357
0,549040.00,-14.282141,-3.956620,10.831322,-0.229729,5.450438,1.088645
0,549063.00,-13.916408,-3.670498,14.529355,-0.125065,5.371341,1.056686
0,549086.00,-11.198252,-2.818119,15.232687,0.123944,5.166274,0.902221
0,549109.00,-9.864614,-2.715163,16.511854,0.520761,4.522312,0.954420
0,549132.00,-9.047551,-4.481575,17.844296,0.902931,3.857311,0.904351
0,549155.00,-7.234449,-6.868117,19.500570,0.927166,3.254894,0.512594
0,549178.00,-5.307018,-6.717275,19.614300,0.445659,2.518785,0.320578
0,549201.00,-2.810338,-4.715022,19.614300,0.065620,1.647120,0.300071
0,549223.00,-4.675516,-4.848505,19.614300,0.306906,-0.177706,0.045203
0,549246.00,-4.139786,-6.460484,19.614300,0.488004,-0.749762,-0.138558
0,549269.00,-4.598299,-6.502983,19.562223,0.348452,-1.648592,-0.323118
0,549292.00,-6.557454,-4.900582,18.522488,0.152174,-2.681648,-0.535109
0,549315.00,-8.880547,-3.862044,17.240927,0.233668,-3.419888,-0.599559
0,549338.00,-10.181263,-4.355874,16.208973,0.462703,-3.922700,-0.641903
0,549361.00,-13.345961,-5.483001,13.993027,0.367094,-4.816737,-0.800897
0,549384.00,-14.168410,-4.812591,12.240980,0.182268,-5.052697,-0.799299
0,549407.00,-15.260222,-4.222390,10.711007,0.046711,-5.190384,-0.662676
0,549430.00,-16.255663,-3.698632,8.769211,-0.065676,-5.158958,-0.661878
0,549453.00,-15.744474,-2.785197,6.354535,-0.082987,-4.913678,-0.674128
0,549476.00,-14.625128,-1.746659,3.656132,-0.007884,-4.590631,-0.672264
0,549499.00,-13.308848,-0.432774,1.143888,0.095448,-4.250008,-0.665340
0,549522.00,-13.457296,-2.138131,-1.654478,0.363366,-2.957023,-0.422988
0,549545.00,-11.629828,-1.552120,-2.886357,0.131135,-2.042213,-0.292491
0,549568.00,-10.415907,-0.337001,-3.817749,-0.065143,-1.381207,-0.231238
0,549591.00,-10.329112,0.355557,-3.964401,-0.088579,-0.904494,-0.262930
0,549614.00,-10.830723,0.417211,-3.731554,0.002768,-0.322052,-0.188627
0,549637.00,-10.317739,-0.386085,-3.088079,0.096513,0.393551,-0.126041
0,549660.00,-9.947218,-1.095403,-2.251263,0.041118,1.021533,-0.018981
0,549683.00,-10.906144,-1.012200,0.100562,-0.346111,1.961111,0.185553
0,549706.00,-11.392192,-0.970898,1.577261,-0.422012,2.482832,0.331497
0,549729.00,-11.644794,-1.322265,3.013855,-0.448644,2.984846,0.459330
0,549752.00,-11.885423,-2.108801,4.534849,-0.465955,3.407229,0.594887
0,549775.00,-12.267318,-2.909103,5.704476,-0.526676,3.735070,0.719791
0,549798.00,-13.269940,-3.449622,7.258991,-0.600180,3.988340,0.859077
0,549821.00,-14.061265,-3.032411,10.509884,-0.508566,4.559064,0.899025
0,549844.00,-12.417562,-3.032411,11.771692,-0.196439,4.726047,0.875322
0,549867.00,-11.700461,-3.374201,13.091563,0.080800,4.416317,0.721922
0,549890.00,-11.338919,-3.368215,14.372526,0.301047,4.017635,0.688366
0,549913.00,-9.644935,-3.619020,15.398495,0.514636,3.759038,0.742961
0,549936.00,-8.189784,-5.810425,17.103252,0.523691,3.412024,0.609002
0,549959.00,-6.532912,-7.265575,18.539846,0.006497,2.992036,0.418317
0,549982.00,-2.056125,-3.615429,19.206667,-1.092606,1.904385,0.718993
0,550005.00,-2.215348,-2.760655,19.288073,-0.808443,0.940572,0.711536
0,550028.00,-3.186845,-4.562983,19.115683,-0.174601,0.052394,0.357063
0,550051.00,-2.958187,-6.033097,18.830158,0.146848,-0.738044,-0.030965
0,550074.00,-3.921304,-5.409376,18.424919,0.177208,-1.597725,-0.324450
0,550097.00,-5.391418,-4.844914,17.725777,0.266425,-2.317056,-0.630718
0,550120.00,-8.125137,-5.368672,16.238304,0.341528,-3.387929,-0.605684
0,550143.00,-10.202812,-5.533282,15.496063,0.164158,-3.963714,-0.704222
0,550166.00,-12.012920,-4.524673,13.838593,-0.015874,-4.316854,-0.757753
0,550189.00,-12.554038,-3.584901,12.032674,-0.001493,-4.376776,-0.661345
0,550212.00,-13.223251,-4.560588,10.828928,0.035259,-4.325643,-0.440033
0,550235.00,-13.329799,-5.306420,9.206773,-0.201233,-4.244415,-0.320189
0,550258.00,-13.278919,-3.765673,7.153641,-0.614828,-4.188488,-0.358272
0,550281.00,-13.359728,-1.279167,3.839897,-0.656374,-3.683811,-0.366528
0,550304.00,-13.298074,-1.365363,2.754669,-0.489658,-3.290456,-0.367594
0,550327.00,-12.319993,-0.615940,1.431806,-0.409495,-2.851028,-0.380643
0,550350.00,-11.196456,-0.347177,0.149645,-0.257426,-2.470723,-0.319656
0,550373.00,-11.008502,-0.253200,-1.004419,-0.143441,-2.250742,-0.264528
0,550396.00,-12.121264,-0.224468,-2.029788,-0.096569,-1.985221,-0.237629
0,550419.00,-12.140418,0.529146,-3.103044,-0.071801,-1.344721,-0.217389
0,550442.00,-10.799597,1.160050,-3.736941,0.244054,0.066509,-0.184365
0,550465.00,-11.030050,-0.102956,-2.748684,0.387068,0.718461,-0.164391
0,550488.00,-11.560393,-1.348603,-1.253428,0.302911,1.430335,-0.091952
0,550511.00,-11.013290,-1.217514,-0.009577,0.052304,2.190413,0.012179
0,550534.00,-10.673297,-0.421401,1.209732,-0.099232,2.776051,0.132822
0,550557.00,-11.416136,-0.600377,2.514638,-0.049164,3.198434,0.233225
0,550580.00,-12.877870,-1.399482,6.103131,0.093584,4.116174,0.424975
0,550603.00,-12.525905,-2.247671,7.706729,0.210232,4.589158,0.542156
0,550626.00,-12.822801,-3.932677,9.426453,0.257104,4.820857,0.662000
0,550649.00,-13.216068,-5.625463,11.091106,0.050440,4.867995,0.715530
0,550672.00,-13.320820,-6.255769,12.264923,-0.335725,4.867995,0.804215
0,550695.00,-13.063430,-5.175929,13.334587,-0.750651,4.776648,0.869463
0,550718.00,-11.684898,-3.134768,14.462913,-0.861707,4.617921,0.894498
0,550741.00,-7.065051,-4.883223,16.632769,0.124210,3.677012,0.799688
0,550764.00,-5.136423,-6.816041,17.507296,0.233135,2.781111,0.504072
0,550787.00,-4.388795,-6.987833,17.606659,-0.025195,1.839669,0.419116
0,550810.00,-4.477386,-6.362317,17.337297,-0.310424,1.010348,0.340818
0,550833.00,-4.303797,-4.741360,17.064943,-0.430534,0.410595,0.293946
0,550856.00,-4.502526,-5.609900,17.213991,-0.145306,-0.065852,0.134952
0,550879.00,-5.144205,-6.053449,16.817730,0.050706,-1.363630,-0.364664
0,550902.00,-6.076195,-4.560588,15.937816,0.171615,-2.073107,-0.610211
0,550925.00,-7.696554,-4.555799,15.548738,0.460839,-2.682447,-0.735914
0,550948.00,-9.028995,-5.256738,15.095613,0.613707,-3.202570,-0.872004
0,550971.00,-10.320732,-5.564408,14.255205,0.623827,-3.738140,-0.881858
0,550994.00,-11.738172,-4.987975,13.398636,0.530615,-4.254535,-0.946307
0,551017.00,-13.434550,-4.510906,12.436716,0.503717,-4.565597,-0.983060
0,551040.00,-13.748207,-5.102902,10.170488,0.535142,-4.685441,-0.856025
0,551063.00,-14.698154,-5.113677,8.908680,0.420891,-4.773860,-0.825664
0,551086.00,-15.194977,-4.570165,7.205119,0.281606,-4.614068,-0.825931
0,551109.00,-14.795723,-3.750109,5.314800,0.204106,-4.216452,-0.758552
0,551132.00,-13.301665,-2.467350,2.935441,0.185198,-3.737341,-0.706353
0,551155.00,-12.044645,-0.782944,0.505801,0.285867,-3.352775,-0.647230
0,551178.00,-11.960245,-0.566856,-1.480291,0.495993,-3.045708,-0.601955
0,551201.00,-10.845089,-2.293164,-3.780039,0.348985,-1.569229,-0.188360
0,551224.00,-9.996302,-1.351596,-4.458829,-0.059284,-0.810483,-0.055466
0,551247.00,-9.649723,0.028133,-4.698262,-0.311489,-0.141487,0.004189
0,551270.00,-9.222935,0.119118,-4.069153,-0.296575,0.552277,0.117375
0,551293.00,-9.148711,-1.024770,-2.868998,-0.251301,1.148302,0.223903
0,551316.00,-9.750883,-1.686801,-1.810109,-0.359960,1.630608,0.311256
0,551339.00,-10.645761,-0.309466,0.144258,-0.577011,2.586697,0.442020
0,551362.00,-11.413741,-0.429183,1.362969,-0.402038,3.013076,0.500344
0,551385.00,-12.334358,-1.504833,3.016848,-0.205760,3.415219,0.575979
0,551408.00,-13.247194,-2.542173,4.826957,-0.175400,3.806444,0.668125
0,551431.00,-14.148658,-3.723772,6.580200,-0.261155,4.190743,0.786904
0,551454.00,-14.642487,-4.594109,8.433407,-0.459830,4.505268,0.933114
0,551477.00,-13.822431,-4.254713,9.959189,-0.679278,4.716726,1.090243
0,551500.00,-13.070015,-5.511733,12.749774,-0.643591,4.539623,1.180525
0,551523.00,-11.369446,-3.764475,13.648842,-0.613763,4.265579,1.134452
0,551546.00,-9.904718,-2.410486,13.920598,-0.171938,3.774485,1.109684
0,551569.00,-9.796974,-3.503494,14.927411,0.415565,3.185119,0.884644
0,551592.00,-8.678226,-5.255540,16.100031,0.724762,2.837571,0.577577
0,551615.00,-6.705902,-6.990228,17.446838,0.702391,2.528107,0.387424
0,551638.00,-4.027253,-6.128870,18.668543,0.082398,1.053758,0.332029
0,551661.00,-4.198447,-5.832572,18.016687,-0.002292,0.291550,0.073965
0,551684.00,-4.245136,-6.602347,17.720390,-0.056355,-0.393692,-0.126308
0,551707.00,-5.200471,-5.010122,16.681253,-0.308294,-1.177206,-0.271985
0,551730.00,-6.831006,-3.523846,15.605603,-0.218277,-1.806520,-0.519130
0,551753.00,-8.120948,-3.378989,15.185998,0.136727,-2.139953,-0.552953
0,551776.00,-7.712715,-4.066759,14.903468,0.458975,-2.404143,-0.613674
0,551799.00,-10.390766,-5.230400,13.821234,0.382541,-3.575419,-0.727126
0,551822.00,-12.109891,-5.153782,12.683331,0.208368,-3.913912,-0.718870
0,551845.00,-12.617487,-4.081723,11.065367,0.039787,-3.985019,-0.589438
0,551868.00,-12.913785,-3.432263,9.635956,0.015552,-4.040414,-0.576921
0,551891.00,-13.087374,-3.653139,8.322669,0.095980,-4.104597,-0.623794
0,551914.00,-13.618914,-3.814158,7.197337,0.148712,-4.128566,-0.596363
0,551937.00,-13.877501,-3.440045,5.664371,0.138858,-4.043077,-0.592102
0,551960.00,-12.919770,-2.494885,2.141722,0.159897,-3.546124,-0.518065
0,551983.00,-12.226614,-1.863981,-0.059260,0.094915,-3.243584,-0.393427
0,552006.00,-11.935703,-1.652682,-1.905882,0.007030,-2.912548,-0.153206
0,552029.00,-12.501363,-1.259414,-3.334694,-0.156225,-2.507741,-0.041618
0,552052.00,-13.196914,-0.526751,-4.435485,-0.294445,-1.760447,0.034283
0,552075.00,-11.763911,-0.007782,-5.043643,-0.257160,-0.666137,0.102728
0,552098.00,-9.830495,-0.253200,-4.014682,0.020612,0.726184,-0.014986
0,552121.00,-9.861621,-0.893681,-2.710973,0.116753,1.239383,-0.059461
0,552144.00,-9.626378,-1.027763,-1.504234,0.116221,1.758441,-0.015785
0,552167.00,-9.853241,-0.962518,-0.347776,0.062424,2.149399,0.038811
0,552190.00,-10.597876,-1.464728,0.636292,0.029400,2.506269,0.174634
0,552213.00,-11.505324,-1.924438,1.725709,-0.088846,2.825586,0.316849
0,552236.00,-12.552242,-2.314114,3.178465,-0.258225,3.151296,0.457200
0,552259.00,-13.474056,-3.399940,5.900811,-0.561298,3.921227,0.833510
0,552282.00,-13.880493,-4.200841,7.567260,-0.690729,4.210717,1.022331
0,552305.00,-14.009787,-4.913152,9.318707,-0.815367,4.404332,1.151763
0,552328.00,-13.741024,-4.955053,10.666114,-0.890469,4.497012,1.213815
0,552351.00,-13.005368,-3.509480,11.855494,-0.858777,4.423241,1.204494
0,552374.00,-11.760320,-1.996866,12.881461,-0.496049,4.212049,1.158421
0,552397.00,-9.301349,-5.329166,15.566097,0.602255,3.323605,0.959480
0,552420.00,-8.161053,-5.778101,16.856638,0.494662,2.756609,0.696089
0,552443.00,-5.832572,-5.717645,17.460007,0.300514,2.285489,0.508067
0,552466.00,-3.989542,-5.914578,18.554811,0.180670,1.631939,0.437492
0,552489.00,-4.014084,-5.825988,19.053429,0.056299,0.820195,0.424975
0,552512.00,-4.811393,-6.252178,19.592751,0.026205,0.043073,0.248405
0,552535.00,-3.920705,-6.215664,19.101915,-0.016407,-0.588638,-0.050406
0,552558.00,-6.245594,-5.767926,17.023642,0.144451,-2.395620,-0.473855
0,552581.00,-8.431012,-5.714652,15.827078,0.302645,-3.035854,-0.581981
0,552604.00,-10.467384,-7.008784,14.939981,0.412369,-3.382869,-0.774797
0,552627.00,-11.897993,-7.536733,13.962499,0.250979,-3.652385,-0.862683
0,552650.00,-12.579178,-6.423372,12.379252,0.039254,-3.966110,-0.936454
0,552673.00,-13.829015,-5.211844,10.855864,-0.007618,-4.391424,-1.049906
0,552696.00,-15.768417,-4.273868,9.512050,0.105302,-4.681713,-1.105301
0,552719.00,-16.009645,-3.674688,5.305223,0.507711,-4.262791,-1.131666
0,552742.00,-13.860740,-2.381155,2.395521,0.563639,-4.069443,-1.077603
0,552765.00,-13.368707,-1.407264,0.071231,0.567367,-4.081694,-0.899435
0,552788.00,-14.469497,-1.863382,-1.418038,0.518364,-3.819634,-0.657616
0,552811.00,-14.453335,-1.786165,-3.070720,0.242989,-3.011086,-0.430445
0,552834.00,-12.520517,-0.167603,-4.537243,-0.102162,-1.984156,-0.270653
0,552857.00,-10.606256,0.301086,-4.263692,-0.187118,-0.627521,-0.098877
0,552880.00,-10.275240,-0.055668,-3.558564,-0.181791,-0.044812,-0.020845
0,552903.00,-9.926268,-0.181370,-2.752275,-0.194841,0.486230,0.026826
0,552926.00,-9.736517,0.694952,-2.190806,-0.202831,0.930718,0.021500
0,552949.00,-10.088483,0.548899,-1.565888,-0.040375,1.327535,0.044670
0,552972.00,-9.901127,-0.481858,-0.756008,0.166555,1.691062,0.095803
0,552995.00,-10.502701,-1.460537,-0.158025,0.192921,1.949926,0.166645
0,553018.00,-13.369904,-2.693614,2.096231,-0.194575,2.713199,0.432698
0,553041.00,-13.799086,-3.419693,3.984155,-0.375939,3.364352,0.642825
0,553064.00,-13.487226,-3.825531,5.863699,-0.555172,3.938805,0.763734
0,553087.00,-13.250786,-3.787221,7.759405,-0.670223,4.233621,0.827119
0,553110.00,-13.130471,-3.926092,9.400115,-0.610833,4.346540,0.918200
0,553133.00,-12.420554,-5.095121,11.003115,-0.433198,4.342279,0.963208
0,553156.00,-11.821973,-6.126476,12.901215,-0.427072,4.164111,0.968002
0,553179.00,-9.254061,-5.603915,15.550534,-0.430002,3.585930,1.076394
0,553202.00,-7.604970,-5.496768,16.492102,-0.358095,3.101228,0.938973
0,553225.00,-5.499762,-5.137620,17.125999,-0.251301,2.501208,0.665196
0,553248.00,-4.886815,-5.527296,17.621624,-0.012678,1.707574,0.392750
0,553271.00,-3.887185,-4.687487,17.515076,0.120216,0.912342,0.229230
0,553294.00,-3.914719,-4.766500,17.594688,0.355909,0.177299,0.146404
0,553317.00,-4.676114,-7.414023,17.163111,0.368959,-0.965215,-0.207535
0,553340.00,-4.743754,-6.255171,16.419674,-0.009482,-1.566566,-0.359338
0,553363.00,-6.546679,-5.081354,15.612786,-0.188982,-2.239823,-0.493829
0,553386.00,-8.007217,-4.073343,14.540728,-0.107754,-2.689904,-0.498890
0,553409.00,-8.868575,-4.214010,13.578808,0.126075,-3.048105,-0.577454
0,553432.00,-10.184855,-5.030474,12.989804,0.289595,-3.455841,-0.718337
0,553455.00,-11.459832,-5.156176,12.140418,0.280807,-3.773028,-0.814213
0,553478.00,-12.462455,-3.970986,9.404903,0.189725,-3.936549,-0.715940
0,553501.00,-13.129274,-3.625605,8.056899,0.240060,-3.976763,-0.728191
0,553524.00,-13.585393,-3.633386,6.582594,0.338598,-3.852658,-0.706619
0,553547.00,-12.768330,-3.237126,4.816781,0.359371,-3.598322,-0.691173
0,553570.00,-11.990773,-2.889350,3.089276,0.323951,-3.378608,-0.559611
0,553593.00,-11.440678,-2.017816,1.065474,0.223015,-3.199108,-0.438701
0,553616.00,-12.700091,-1.529374,-2.209362,-0.006819,-2.420654,-0.143885
0,553639.00,-12.345732,-1.527578,-3.014454,-0.201765,-1.568963,0.015907
0,553662.00,-10.881602,-0.835619,-3.519656,-0.395114,-0.723396,0.092608
0,553685.00,-9.905317,0.140667,-3.704617,-0.495250,-0.177972,0.095803
0,553708.00,-10.133376,0.506998,-3.386172,-0.410294,0.190615,0.101929
0,553731.00,-10.372808,0.505202,-2.873787,-0.234523,0.634837,0.131757
0,553754.00,-10.201016,-0.125702,-2.011831,-0.048099,1.142177,0.159720
0,553777.00,-10.163904,-0.910442,-0.488442,0.045380,1.850588,0.203397
0,553800.00,-11.056987,-1.966937,0.480660,0.008894,2.158188,0.300071
0,553823.00,-12.072180,-3.574127,1.558106,-0.179661,2.608003,0.402072
0,553846.00,-12.530693,-3.437650,2.646925,-0.530138,3.102026,0.516589
0,553869.00,-13.278919,-2.414675,3.984753,-0.724552,3.549977,0.610068
0,553892.00,-13.958907,-2.394324,6.031301,-0.571152,3.997661,0.725118
0,553915.00,-13.670391,-3.432263,8.340627,-0.276069,4.366781,0.854550
0,553938.00,-12.017111,-5.532683,12.090736,-0.013211,4.197135,0.888106
0,553961.00,-10.728366,-6.137250,13.382474,-0.093906,3.927086,0.870529
0,553984.00,-9.635956,-6.598756,14.295310,-0.237452,3.572881,0.984780
0,554007.00,-8.519004,-6.342564,14.929207,-0.527209,3.103891,0.987976
0,554030.00,-7.810883,-5.458459,15.570886,-0.771424,2.644489,0.890769
0,554053.00,-6.022323,-3.632788,15.236877,-0.714964,2.182423,0.797823
0,554076.00,-5.365081,-4.011689,15.667257,0.300514,0.718994,0.309392
0,554099.00,-5.203464,-4.654565,16.012039,0.665906,0.233226,0.130958
0,554122.00,-5.095719,-6.433548,16.621994,0.885087,-0.164656,-0.060793
0,554145.00,-4.264290,-6.699916,16.818329,0.661644,-0.701824,-0.279708
0,554168.00,-5.198675,-6.091159,16.661501,0.425685,-1.386267,-0.385970
0,554191.00,-6.165982,-5.494374,16.158094,0.310368,-2.008124,-0.404080
0,554214.00,-7.404446,-5.304624,15.667855,0.294123,-2.614536,-0.420325
0,554237.00,-9.875388,-4.382211,13.903838,0.311700,-3.617231,-0.629919
0,554260.00,-10.054962,-3.799193,12.604319,0.567633,-4.085688,-0.733251
0,554283.00,-11.499937,-4.276861,11.403565,0.834486,-4.608475,-0.804359
0,554306.00,-13.333390,-4.787450,9.974154,0.938884,-4.817270,-0.777727
0,554329.00,-13.629687,-4.881427,8.464533,0.862450,-4.610872,-0.746834
0,554352.00,-13.146633,-4.574954,7.027939,0.684814,-4.321382,-0.724995
0,554375.00,-12.366682,-2.679847,4.017076,0.412102,-3.803921,-0.521793
0,554398.00,-11.921936,-2.825302,2.537385,0.386269,-3.639069,-0.372654
0,554421.00,-12.731816,-2.692417,0.941568,0.231005,-3.457172,-0.140423
0,554444.00,-13.218463,-1.465326,-0.930195,0.007296,-2.983389,0.019369
0,554467.00,-12.915581,-0.305276,-2.383549,-0.064078,-2.236094,0.015641
0,554490.00,-11.780072,-0.137075,-3.055756,0.016084,-1.387599,-0.028568
0,554513.00,-10.881004,-0.792521,-2.845055,0.129270,-0.672529,-0.054135
0,554536.00,-10.476363,-1.094805,-1.877150,0.037124,0.484632,-0.085028
0,554559.00,-10.709810,-1.641309,-0.763789,-0.071535,1.130458,-0.073044
0,554582.00,-10.244713,-1.767609,0.481259,-0.261954,1.795194,-0.048010
0,554605.00,-9.954999,-1.373743,1.538952,-0.409229,2.268445,0.015108
0,554628.00,-10.329711,-1.182197,2.543370,-0.411892,2.569653,0.097934
0,554651.00,-11.432896,-1.771201,3.756095,-0.317615,2.827184,0.156524
0,554674.00,-12.062004,-1.994472,4.924525,-0.265949,3.193641,0.193277
0,554697.00,-12.221826,-3.171282,7.572049,-0.150898,3.921494,0.289418
0,554720.00,-12.090736,-3.757891,8.798541,-0.214549,4.140675,0.373043
0,554743.00,-11.678314,-4.266086,9.814932,-0.333860,4.240811,0.482500
0,554766.00,-11.619055,-5.052023,11.407755,-0.543721,4.228294,0.611932
0,554789.00,-11.074944,-5.855917,13.177759,-0.848391,4.262916,0.763468
0,554812.00,-9.125965,-5.583563,14.057673,-1.147735,4.217375,0.985313
0,554835.00,-7.955141,-3.484339,14.696359,-1.264916,3.361955,1.187982
0,554858.00,-6.290487,-2.654706,15.029170,-0.933347,2.821059,0.870795
0,554881.00,-5.289061,-1.829862,15.101000,-0.397244,2.132355,0.610334
0,554904.00,-4.334923,-2.133941,15.522999,0.262963,1.387457,0.345612
0,554927.00,-4.297811,-3.422087,16.229324,0.720768,0.690498,0.187950
0,554950.00,-4.825161,-5.727821,16.976952,0.885886,0.200469,0.083553
0,554973.00,-3.412510,-6.967482,16.815933,0.577221,-0.160129,-0.052537
0,554996.00,-4.044611,-5.289061,15.866585,-0.188982,-1.608378,-0.123911
0,555019.00,-6.164785,-4.757521,15.271595,-0.237186,-2.291223,-0.164658
0,555042.00,-6.720867,-4.384007,14.607170,-0.144773,-2.759148,-0.299416
0,555065.00,-7.819263,-4.512702,14.267177,-0.024929,-3.257166,-0.429913
0,555088.00,-8.745267,-4.516293,13.813452,0.098910,-3.755185,-0.519663
0,555111.00,-10.046582,-4.807802,13.395642,0.215825,-4.161057,-0.536174
0,555134.00,-12.201473,-4.760514,11.584935,0.153772,-4.501680,-0.723930
0,555157.00,-12.401400,-3.969789,10.319535,0.131934,-4.512067,-0.785983
0,555180.00,-12.417562,-3.321526,8.954172,0.218754,-4.477712,-0.839779
0,555203.00,-12.603122,-3.463389,7.597788,0.359105,-4.387695,-0.838714
0,555226.00,-12.693507,-3.115015,5.873276,0.401183,-4.186890,-0.817675
0,555249.00,-12.583967,-2.181229,3.987746,0.402781,-3.823895,-0.731653
0,555272.00,-12.047040,-1.459939,2.260840,0.459507,-3.362362,-0.675460
0,555295.00,-11.526275,-1.986091,-0.042499,0.525289,-2.275776,-0.389698
0,555318.00,-11.079134,-2.311121,-0.531540,0.282138,-1.611574,-0.223248
0,555341.00,-10.511680,-1.245048,-1.104382,-0.075530,-0.941246,-0.112193
0,555364.00,-10.049575,-0.331614,-1.349201,-0.265416,-0.308203,-0.046944
0,555387.00,-9.935246,-0.720691,-1.030756,-0.292048,0.291550,0.033751
0,555410.00,-9.770637,-1.213922,-0.537526,-0.354367,0.859611,0.080623
0,555433.00,-9.777820,-0.747628,0.000599,-0.467287,1.354700,0.124033
0,555456.00,-10.520658,-0.375310,1.742469,-0.315751,2.255928,0.195407
0,555479.00,-11.445466,-1.475502,3.282019,-0.191912,2.721455,0.251601
0,555502.00,-11.654370,-1.980704,2.460766,-0.186585,3.213881,0.332029
0,555525.00,-11.571767,-2.440414,6.072604,-0.301103,3.813101,0.587963
0,555548.00,-10.731359,-2.602031,6.668191,-0.572749,4.147866,0.587430
0,555571.00,-12.454674,-2.810936,7.953345,-0.476608,4.148398,0.797024
0,555594.00,-11.402966,-4.314571,10.116017,-0.504838,4.289548,0.793030
0,555617.00,-11.550218,-4.822168,11.722609,-0.593256,4.252530,1.012477
0,555640.00,-10.276438,-5.226809,12.906003,-0.662233,4.180357,1.149632
0,555663.00,-9.993907,-4.766500,13.586590,-0.663032,3.880480,1.202097
0,555686.00,-8.809914,-4.078132,14.572453,-0.506968,3.513758,0.997830
0,555709.00,-6.532314,-4.056583,14.362949,-0.320012,3.135050,1.022065
0,555732.00,-6.726852,-4.881427,15.345221,0.197182,2.355265,0.676115
0,555755.00,-4.497737,-4.791640,16.353231,0.229939,1.304632,0.261721
0,555778.00,-3.696237,-3.713596,16.122778,0.354045,0.744561,-0.067185
0,555801.00,-3.522649,-4.641995,15.999470,0.639540,0.289952,-0.192089
0,555824.00,-1.923839,-6.064822,17.476767,0.695201,-0.229372,-0.276779
0,555847.00,-2.122568,-6.144433,18.067566,0.392395,-1.092250,-0.202742
0,555870.00,-5.239379,-5.034066,16.529812,0.080001,-1.930359,-0.338565
0,555893.00,-6.255769,-4.378620,14.633508,0.104769,-2.325312,-0.453615
0,555916.00,-8.253234,-4.806006,13.623103,0.209433,-3.181798,-0.514070
0,555939.00,-10.204009,-4.732979,12.528897,0.237130,-3.636140,-0.605151
0,555962.00,-11.331137,-4.524673,11.801621,0.333005,-3.873697,-0.717272
0,555985.00,-11.509514,-4.546222,10.991741,0.451784,-3.969573,-0.766808
0,556008.00,-11.684299,-4.463019,10.086088,0.506912,-4.137088,-0.789977
0,556031.00,-12.492384,-4.505518,9.312123,0.523158,-4.346682,-0.808087
0,556054.00,-12.635445,-3.056354,6.265945,0.566568,-4.236425,-0.852296
0,556077.00,-12.048836,-2.276403,4.250523,0.648861,-4.017776,-0.744969
0,556100.00,-11.969823,-1.847819,2.551152,0.702391,-3.776757,-0.578519
0,556123.00,-12.764738,-2.319501,1.127726,0.688543,-3.373281,-0.381442
0,556146.00,-12.588157,-2.433231,-0.146652,0.476552,-2.667799,-0.193420
0,556169.00,-11.635815,-1.784370,-1.077446,0.172148,-1.858453,-0.085294
0,556192.00,-10.646360,-1.052904,-1.545536,-0.095237,-1.139921,-0.020579
0,556215.00,-10.235734,-0.759001,-0.997236,-0.277933,0.039877,0.116576
0,556238.00,-9.662293,-0.723684,-0.507597,-0.343714,0.606340,0.203663
0,556261.00,-9.616801,-0.647665,0.180173,-0.384195,1.037513,0.292614
0,556284.00,-10.324923,-0.553089,0.929596,-0.411626,1.411160,0.305131
0,556307.00,-10.734352,-0.213095,1.945987,-0.375140,1.888672,0.320045
0,556330.00,-10.672698,-0.632101,3.225753,-0.237452,2.424775,0.340285
0,556353.00,-10.970791,-2.224925,6.199502,-0.234523,3.239714,0.413790
0,556376.00,-11.080332,-2.260242,7.421805,-0.331463,3.585664,0.513660
0,556399.00,-10.966601,-2.165067,8.423829,-0.357296,3.888470,0.646287
0,556422.00,-10.837906,-3.049770,9.802959,-0.298972,4.083150,0.791432
0,556445.00,-10.010668,-4.126617,11.043220,-0.314685,4.139344,0.879051
0,556468.00,-10.168095,-4.956250,12.593544,-0.461694,4.077291,0.992770
0,556491.00,-9.676660,-5.550042,14.556291,-0.719492,4.114043,1.036446
0,556514.00,-4.135596,-4.354676,16.294569,-0.762103,3.434128,1.063611
0,556537.00,-4.675516,-4.214608,16.777624,-0.576744,2.460728,0.910477
0,556560.00,-4.198447,-4.565975,16.805758,-0.226533,1.838338,0.771724
0,556583.00,-2.708579,-5.134028,16.805758,0.104236,1.283060,0.549879
0,556606.00,-2.896533,-5.272301,16.330484,0.234201,0.508867,0.259857
0,556629.00,-3.048573,-5.534479,14.935791,0.333005,-0.099674,0.011912
0,556652.00,-4.178095,-7.219484,16.695620,0.461638,-0.392094,-0.082897
0,556675.00,-3.687857,-5.603316,15.634933,0.056032,-1.202506,-0.377714
0,556698.00,-4.763507,-5.336947,14.916636,0.089322,-1.722097,-0.466665
0,556721.00,-6.202496,-6.119891,14.766992,0.259501,-2.289625,-0.656551
0,556744.00,-7.778559,-5.529092,13.872113,0.196916,-2.758615,-0.820072
0,556767.00,-8.562700,-4.370239,12.916778,0.231537,-3.081395,-0.918610
0,556790.00,-8.972728,-3.988345,11.942886,0.443262,-3.393256,-0.970010
0,556813.00,-11.285047,-4.088308,10.039399,0.782554,-3.958920,-1.038454
0,556836.00,-11.450853,-3.520254,8.771007,0.857123,-3.946935,-1.108763
0,556859.00,-11.510113,-3.196422,8.150876,0.929563,-3.909650,-1.099175
0,556882.00,-10.601467,-2.848647,6.432351,0.890414,-3.866507,-1.118617
0,556905.00,-10.636185,-2.008838,4.568968,0.843807,-3.859050,-1.045379
0,556928.00,-12.269711,-2.011232,2.903716,0.804126,-3.639336,-0.847236
0,556951.00,-12.386436,-2.333867,1.443777,0.689608,-2.939446,-0.568399
0,556974.00,-10.851673,-1.936409,-0.373515,-0.061947,-1.552451,-0.105268
0,556997.00,-10.732556,-0.253200,-0.902660,-0.358894,-0.967345,-0.000605
0,557020.00,-10.117215,0.044295,-0.781148,-0.291249,-0.339629,0.089412
0,557043.00,-9.450396,-0.380099,-0.487245,-0.165812,0.150933,0.152796
0,557066.00,-9.577893,-1.130719,0.035915,-0.125065,0.498481,0.169840
0,557089.00,-9.623385,-1.291738,0.481259,-0.172737,0.875856,0.144274
0,557112.00,-10.363232,-1.472509,2.405697,-0.199901,1.660968,0.165047
0,557135.00,-11.252124,-2.639143,3.720181,-0.283526,2.108386,0.246541
0,557158.00,-11.103078,-2.664284,4.823964,-0.508833,2.587496,0.316583
0,557181.00,-10.621819,-1.486875,5.608703,-0.619089,2.974193,0.443884
0,557204.00,-11.136599,-1.343814,6.682558,-0.556238,3.250367,0.546683
0,557227.00,-11.300610,-2.852837,8.946390,-0.425208,3.679941,0.612198
0,557250.00,-9.652118,-4.303797,11.030050,-0.455835,4.201929,0.708073
0,557273.00,-7.269765,-4.359465,13.544090,-0.847326,4.077557,0.920331
0,557296.00,-7.033925,-4.852695,15.408072,-0.859843,3.790464,1.028723
0,557319.00,-5.767327,-4.427703,15.939013,-0.851853,3.506034,1.064410
0,557342.00,-4.914350,-4.217601,16.577700,-0.726416,3.092439,1.068405
0,557365.00,-3.140754,-4.375028,17.112829,-0.501109,2.607204,0.923526
0,557388.00,-2.786394,-4.925723,17.201420,-0.253165,1.902787,0.759740
0,557411.00,-3.035404,-4.741360,17.229553,-0.079525,1.211952,0.485430
0,557434.00,-1.540747,-6.493406,16.776428,0.468030,0.274239,-0.169718
0,557457.00,-2.129152,-6.299466,16.149115,0.269355,-0.341227,-0.223515
0,557480.00,-2.939631,-5.615886,15.621765,0.118351,-0.961753,-0.298617
0,557503.00,-5.898417,-7.100965,15.138710,0.159098,-1.445124,-0.294622
0,557526.00,-5.070579,-6.389852,15.314693,0.188660,-1.881090,-0.458675
0,557549.00,-6.003168,-5.754158,15.249448,0.232603,-2.331970,-0.582248
0,557572.00,-8.308303,-4.501927,13.712891,0.238994,-3.170878,-0.760682
0,557595.00,-9.479726,-4.516293,12.655796,0.324217,-3.409501,-0.724196
0,557618.00,-10.615832,-3.796799,11.451451,0.421690,-3.626552,-0.761215
0,557641.00,-10.884596,-2.941427,10.147742,0.593733,-3.701921,-0.781189
0,557664.00,-10.143553,-2.650516,9.260047,0.871771,-3.751456,-0.815811
0,557687.00,-10.703225,-4.067358,8.295733,0.919442,-3.880355,-0.811017
0,557710.00,-10.689458,-4.227179,7.322441,0.603320,-3.941609,-0.812881
0,557733.00,-10.439251,-0.883505,3.538810,0.163626,-3.387663,-0.524456
0,557756.00,-10.093271,-0.882308,2.287178,0.256039,-3.011086,-0.312732
0,557779.00,-10.346471,-1.741871,1.422228,0.246718,-2.587903,-0.107932
0,557802.00,-10.254290,-1.545536,0.441753,0.033395,-2.016114,0.027892
0,557825.00,-9.952006,-1.039735,-0.359149,-0.178596,-1.325812,0.144540
0,557848.00,-9.395925,-0.591997,-0.505202,-0.311756,-0.619798,0.282494
0,557871.00,-8.628544,-0.890688,0.349571,-0.375406,0.448679,0.403137
0,557894.00,-9.045755,-0.800303,0.832027,-0.460362,0.898227,0.392750
0,557917.00,-8.966743,-0.603968,1.431207,-0.466754,1.422878,0.372510
0,557940.00,-8.690797,-0.711114,2.125561,-0.409229,1.878552,0.376505
0,557963.00,-9.034382,-0.811676,2.898329,-0.368748,2.178961,0.358661
0,557986.00,-9.943027,-1.237267,4.020070,-0.265682,2.455934,0.346677
0,558009.00,-10.189045,-2.077076,5.195084,-0.150898,2.838902,0.384761
0,558032.00,-10.335697,-3.016848,7.068044,-0.259291,3.454635,0.601545
0,558055.00,-10.690057,-3.387369,7.701941,-0.311223,3.652777,0.712068
0,558078.00,-9.984928,-3.625605,8.848822,-0.320811,3.819493,0.806878
0,558101.00,-10.021441,-4.347493,9.594055,-0.345046,3.818694,0.870529
0,558124.00,-10.394957,-5.004735,10.552383,-0.431866,3.762767,0.925657
0,558147.00,-10.133975,-5.418355,11.588527,-0.531470,3.767827,0.965871
0,558170.00,-9.470747,-5.726624,12.799456,-0.612964,3.745722,1.042039
0,558193.00,-7.154838,-5.483600,14.411434,-0.695257,3.169139,1.020201
0,558216.00,-6.508370,-4.342705,14.752027,-0.608969,2.674316,0.900357
0,558239.00,-3.891973,-2.156089,13.949330,-0.314419,2.196005,0.617258
0,558262.00,-4.378620,-3.764475,15.149485,0.535941,1.549913,0.346144
0,558285.00,-3.104241,-5.229802,15.615779,0.700527,1.031654,-0.000072
0,558308.00,-3.532825,-5.266315,15.211139,0.639806,0.363989,-0.114057
0,558331.00,-3.619020,-5.957078,15.421241,0.491732,-0.618200,-0.191023
0,558354.00,-4.318163,-6.899244,15.441592,0.262697,-1.004098,-0.101274
0,558377.00,-4.590517,-6.530518,15.241666,-0.077394,-1.452048,-0.235499
0,558400.00,-5.194485,-4.667136,13.884085,-0.362889,-2.021174,-0.389166
0,558423.00,-7.248217,-3.730955,13.154414,-0.274205,-2.535705,-0.456012
0,558446.00,-8.139503,-3.622612,12.595340,0.017150,-2.839310,-0.557214
0,558469.00,-8.914666,-3.711202,11.633420,0.318624,-3.108293,-0.624326
0,558492.00,-10.518264,-4.228375,10.139362,0.699995,-3.640134,-0.793706
0,558515.00,-10.815759,-4.609672,10.271050,0.767374,-3.753054,-0.777460
0,558538.00,-10.795407,-5.008327,8.731500,0.538871,-3.830554,-0.809419
0,558561.00,-10.933680,-4.011091,7.560077,0.195851,-3.960518,-0.780656
0,558584.00,-11.159345,-2.531399,5.720638,0.018748,-3.958653,-0.637376
0,558607.00,-11.712433,-1.167831,3.855460,0.036058,-3.796464,-0.441631
0,558630.00,-12.387632,-0.888893,2.107604,0.150576,-3.394854,-0.320455
0,558653.00,-11.197654,-1.717927,-0.183166,0.075207,-2.072308,-0.062391
0,558676.00,-10.803188,-0.569250,-0.691361,-0.128527,-1.537271,-0.014187
0,558699.00,-10.400942,0.446541,-1.138501,-0.147170,-0.927131,0.002059
0,558722.00,-9.807749,-0.177779,-0.763191,-0.006020,-0.281837,0.107788
0,558745.00,-9.413882,-1.449164,-0.080808,-0.002558,0.280365,0.185820
0,558768.00,-9.416277,-1.686203,0.572842,-0.199635,0.751219,0.247872
0,558791.00,-9.341454,-0.111336,1.643105,-0.401239,1.618091,0.304598
0,558814.00,-9.674864,-0.746430,2.596644,-0.213217,1.989874,0.349340
0,558837.00,-10.150137,-1.864580,3.748314,-0.091243,2.338221,0.407132
0,558860.00,-10.854068,-2.749881,4.915546,-0.116543,2.698818,0.457200
0,558883.00,-10.934278,-2.741501,5.934930,-0.218011,3.127860,0.510464
0,558906.00,-10.515271,-2.651714,6.838189,-0.227599,3.525209,0.551744
0,558929.00,-10.372808,-3.447826,7.848593,-0.161019,3.762767,0.586898
0,558952.00,-10.936073,-5.203464,10.216579,-0.324006,3.950256,0.756810
0,558975.00,-9.946619,-5.118465,11.583738,-0.509099,4.069568,0.789834
0,558998.00,-7.416418,-5.250153,12.649811,-0.568222,3.999792,0.826852
0,559021.00,-7.034523,-6.083378,13.714087,-0.632671,3.432530,0.838837
0,559044.00,-7.244026,-4.990968,14.206719,-0.797790,2.796557,0.855082
0,559067.00,-6.341965,-3.079100,14.291718,-0.672620,2.357928,0.762935
0,559090.00,-3.854861,-3.412510,15.725320,0.409706,1.397311,0.233225
0,559113.00,-3.226950,-4.787450,15.153076,0.864847,0.779715,-0.057597
0,559136.00,-3.046777,-5.896621,15.651694,0.849933,0.225236,-0.192089
0,559159.00,-3.805778,-6.218657,15.333249,0.625425,-0.334569,-0.273316
0,559182.00,-4.112850,-5.933733,14.968713,0.360969,-0.731918,-0.268523
0,559205.00,-3.998521,-5.323180,14.917235,0.176675,-1.155634,-0.234966
0,559228.00,-5.105297,-5.093924,14.055878,0.062957,-1.704786,-0.297019
0,559251.00,-7.891092,-4.658755,12.790477,0.086127,-2.623857,-0.496759
0,559274.00,-8.737486,-4.528265,11.640005,0.175876,-2.850495,-0.530315
0,559297.00,-9.475536,-3.943451,10.661923,0.270154,-3.131196,-0.599026
0,559320.00,-10.512279,-3.642963,9.571309,0.445393,-3.385799,-0.678656
0,559343.00,-10.776253,-3.288604,8.854209,0.673363,-3.517894,-0.793440
0,559366.00,-11.092902,-3.592683,8.049118,0.872836,-3.606046,-0.842176
0,559389.00,-10.153728,-3.963803,6.796288,0.851264,-3.686474,-0.902897
0,559412.00,-11.359869,-3.778841,4.452245,0.336734,-3.612703,-0.518331
0,559435.00,-11.349094,-2.590060,2.946215,0.022742,-3.198842,-0.335902
0,559458.00,-11.172513,-1.556909,1.803524,-0.147969,-2.697095,-0.260267
0,559481.00,-10.599072,-1.168430,0.710516,-0.169541,-2.130099,-0.181436
0,559504.00,-9.632963,-0.721290,-0.264573,-0.127462,-1.612639,-0.105535
0,559527.00,-9.751482,-0.940371,-0.736853,-0.049430,-1.230470,-0.057064
0,559550.00,-10.866638,-1.424623,-0.738649,-0.113347,-0.034426,0.096869
0,559573.00,-9.914296,-1.139698,-0.394465,-0.198303,0.702482,0.108054
0,559596.00,-9.367193,-1.081636,0.329220,-0.244377,1.204229,0.121104
0,559619.00,-9.625780,-1.079840,1.089417,-0.275536,1.550712,0.169574
0,559642.00,-10.263268,-1.477896,2.109998,-0.272607,1.925691,0.265716
0,559665.00,-10.699036,-2.269819,3.411911,-0.325338,2.377369,0.348009
0,559688.00,-10.481152,-2.373373,4.473794,-0.459297,2.830380,0.434563
0,559711.00,-10.062145,-2.372775,6.470061,-0.499245,3.290315,0.692627
0,559734.00,-10.790020,-3.417897,7.833629,-0.437725,3.395778,0.802617
0,559757.00,-11.183288,-4.500730,9.117584,-0.455569,3.595784,0.896894
0,559780.00,-10.321331,-4.345697,9.974154,-0.540525,3.791796,0.952822
0,559803.00,-9.156492,-3.757891,10.671501,-0.537595,3.714297,0.923793
0,559826.00,-8.640515,-3.759687,11.566380,-0.385526,3.406431,0.867067
0,559849.00,-6.850160,-3.766870,13.104733,-0.052094,2.752082,0.721389
0,559872.00,-5.763736,-3.964401,13.662610,0.163626,2.300669,0.547216
0,559895.00,-4.552208,-3.948240,16.135946,0.272817,1.781878,0.368515
0,559918.00,-4.476188,-4.136793,14.622135,0.528751,1.247107,0.298473
0,559941.00,-3.710005,-5.903804,15.563703,0.617968,0.991173,0.046001
0,559964.00,-2.685833,-6.151018,16.207775,0.357241,0.688900,0.005787
0,559987.00,-2.105808,-5.813418,16.214359,0.124210,0.149069,-0.109529
0,560010.00,-3.613633,-5.927148,16.434040,0.038189,-1.104234,-0.164658
0,560033.00,-4.804809,-5.448284,15.551731,-0.011347,-1.681882,-0.290361
0,560056.00,-6.044470,-5.169943,14.827448,0.060826,-2.234231,-0.452550
0,560079.00,-7.238639,-4.827555,13.736235,0.150842,-2.727455,-0.620864
0,560102.00,-8.752450,-4.628826,12.721641,0.288530,-3.105896,-0.645099
0,560125.00,-9.746095,-4.478582,11.793242,0.403048,-3.407371,-0.686912
0,560148.00,-10.892976,-4.434886,10.779844,0.496792,-3.633477,-0.732186
0,560171.00,-12.539672,-4.680304,8.150876,0.522625,-3.831885,-0.713011
0,560194.00,-12.290662,-4.286438,6.612524,0.290927,-3.838277,-0.746035
0,560217.00,-12.540869,-2.754669,4.584531,0.057098,-3.775159,-0.670400
0,560240.00,-12.824596,-1.817292,2.948610,0.020878,-3.486734,-0.573992
0,560263.00,-11.924331,-1.307301,1.070861,0.066153,-2.963149,-0.464534
0,560286.00,-11.115049,-1.079241,0.137674,0.076006,-2.460336,-0.311134
0,560309.00,-10.711606,-1.620957,-0.860759,-0.153828,-1.407306,-0.028834
0,560332.00,-9.695215,-1.079241,-1.206739,-0.318414,-0.797966,0.056654
0,560355.00,-9.235505,-0.671608,-1.126529,-0.401772,-0.315660,0.188749
0,560378.00,-9.526416,-0.409429,-0.882907,-0.424942,0.097669,0.281162
0,560401.00,-9.919085,-0.213693,-0.355557,-0.369547,0.543489,0.308859
0,560424.00,-9.857430,-0.530343,0.282530,-0.264617,1.039643,0.310457
0,560447.00,-9.531204,-1.190578,1.273182,-0.202564,1.473479,0.352270
0,560470.00,-10.022639,-2.244080,3.137761,-0.365552,2.056720,0.622318
0,560493.00,-10.785830,-2.514040,4.191862,-0.504838,2.328633,0.770126
0,560516.00,-11.410748,-3.071917,5.154979,-0.585799,2.702014,0.889704
0,560539.00,-10.791816,-2.612207,5.849931,-0.623617,3.099896,0.978655
0,560562.00,-10.374006,-2.624179,6.642453,-0.476342,3.334258,1.059882
0,560585.00,-10.844491,-4.415731,8.165841,-0.234257,3.421344,1.109418
0,560608.00,-10.613439,-5.481804,10.785830,-0.430268,3.746788,1.108353
0,560631.00,-8.802133,-4.834139,11.656765,-0.462759,3.748652,1.068405
0,560654.00,-7.927606,-4.649776,12.306225,-0.327202,3.418415,1.030321
0,560677.00,-8.189186,-4.908364,12.894032,-0.210554,2.945164,0.928054
0,560700.00,-7.834826,-5.193887,14.087004,-0.132522,2.663664,0.834842
0,560723.00,-5.354306,-6.511962,11.345503,-0.478738,2.484430,0.902221
0,560746.00,-5.184309,-2.457773,19.614300,0.660846,1.521949,0.490490
0,560769.00,-1.856798,-4.251122,15.701376,0.743671,0.476376,0.174900
0,560792.00,-3.230541,-5.396207,15.366770,0.734084,-0.277576,-0.194219
0,560815.00,-3.869826,-5.763736,15.273990,0.706120,-0.717803,-0.167321
0,560838.00,-3.965000,-6.234221,15.115366,0.610511,-1.150574,-0.259734
0,560861.00,-5.073572,-6.261755,14.736464,0.401450,-1.685078,-0.393959
0,560884.00,-5.834967,-5.237583,13.697926,0.217955,-2.130365,-0.421124
0,560907.00,-7.071635,-5.052023,13.284905,0.241125,-2.544760,-0.484775
0,560930.00,-9.515641,-4.677910,11.396382,0.372953,-3.184993,-0.605950
0,560953.00,-10.461399,-4.409147,10.500306,0.489335,-3.458504,-0.710614
0,560976.00,-11.342510,-4.319360,10.104046,0.634480,-3.652652,-0.804092
0,560999.00,-11.814192,-4.811992,9.039769,0.709848,-3.740537,-0.966814
0,561022.00,-11.990174,-4.940088,8.068871,0.625425,-3.780219,-1.023008
0,561045.00,-12.054223,-4.546821,6.563440,0.445393,-3.757049,-0.948438
0,561068.00,-11.935105,-2.481118,3.007271,0.158299,-3.384734,-0.752693
0,561091.00,-12.312211,-1.650288,1.561698,0.153239,-3.017478,-0.699961
0,561114.00,-11.665145,-1.874756,0.311861,0.216091,-2.366591,-0.604619
0,561137.00,-10.327316,-2.092040,-0.320241,0.212895,-1.733016,-0.521793
0,561160.00,-9.856833,-1.328850,-0.895477,0.058429,-1.276277,-0.434973
0,561183.00,-10.053166,-0.820056,-0.990053,-0.031587,-0.786248,-0.300215
0,561206.00,-9.112796,-1.085227,-0.804493,-0.033185,-0.158797,-0.148146
0,561229.00,-9.191210,-1.154663,0.245418,-0.268346,0.579975,0.098999
0,561252.00,-9.363602,-0.731466,0.522561,-0.391918,1.009815,0.187950
0,561275.00,-9.707187,-0.864949,1.457545,-0.416153,1.463891,0.312854
0,561298.00,-9.929260,-1.227091,2.489498,-0.466221,1.927555,0.422312
0,561321.00,-9.838276,-1.728103,3.693843,-0.532801,2.397344,0.584501
0,561344.00,-9.532401,-2.368585,4.695868,-0.618290,2.757142,0.736570
0,561367.00,-10.859455,-2.806746,6.872308,-0.841733,3.144904,0.984514
0,561390.00,-11.107866,-3.204802,8.479497,-0.748254,3.466086,1.052425
0,561413.00,-10.000491,-3.682470,9.634759,-0.529872,3.762501,0.987443
0,561436.00,-10.062145,-4.416330,10.830723,-0.287254,3.728944,0.738168
0,561459.00,-9.272018,-2.936039,11.303003,-0.101096,3.582468,0.382896
0,561482.00,-8.207742,-2.734916,11.995562,0.414499,3.444781,0.127229
0,561505.00,-7.160225,-4.184679,13.178956,0.921307,3.200831,-0.121248
0,561528.00,-5.324976,-5.159169,14.654458,0.933824,2.535830,-0.131634
0,561551.00,-5.017305,-6.206686,15.600216,0.672297,2.181890,-0.017649
0,561574.00,-4.339712,-5.496170,16.451996,0.248848,1.804781,0.104858
0,561597.00,-2.007042,-4.450449,15.189590,-0.089911,1.342716,0.019369
0,561620.00,-1.559303,-3.704617,15.651095,-0.215081,0.481969,0.068106
0,561643.00,-3.405926,-3.386172,15.186597,-0.218544,-0.489301,0.082487
0,561666.00,-4.874245,-3.768067,14.770583,-0.087248,-1.096511,0.066242
0,561689.00,-5.411171,-4.237354,13.641061,0.091986,-1.923168,0.010315
0,561712.00,-7.017763,-4.465414,13.472859,0.143652,-2.455276,-0.106067
0,561735.00,-7.755813,-4.310381,12.691711,0.216357,-2.739440,-0.211796
0,561758.00,-8.016195,-4.441471,12.011125,0.311167,-2.978595,-0.250946
0,561781.00,-8.932025,-4.713226,11.367650,0.349784,-3.294983,-0.281306
0,561804.00,-10.222565,-4.547419,10.309360,0.344191,-3.552515,-0.316993
0,561827.00,-11.480783,-4.707839,8.575869,0.403048,-3.807384,-0.479715
0,561850.00,-12.432526,-5.018503,7.040509,0.333272,-3.776490,-0.652290
0,561873.00,-11.929119,-3.678280,5.058608,0.194253,-3.481940,-0.733518
0,561896.00,-10.912130,-2.256052,3.252689,0.223548,-3.137855,-0.739377
0,561919.00,-10.736148,-2.582278,2.144117,0.403580,-2.831320,-0.706619
0,561942.00,-10.681078,-2.983926,1.327652,0.424087,-2.418258,-0.654420
0,561965.00,-10.169291,-2.920476,0.553687,0.235000,-1.853126,-0.435505
0,561988.00,-9.028396,-2.107005,-0.073027,-0.144240,-0.901032,-0.212329
0,562011.00,-8.625551,-1.084030,-0.323234,-0.229463,-0.554815,-0.070114
0,562034.00,-9.119380,-1.279167,-0.018556,-0.157823,-0.247748,0.047599
0,562057.00,-9.204977,-1.693984,0.463302,-0.147436,0.175168,0.097934
0,562080.00,-8.793753,-2.016021,0.757205,-0.239050,0.632972,0.168775
0,562103.00,-8.872167,-2.183623,1.074453,-0.428670,0.982385,0.259590
0,562126.00,-9.524620,-1.816095,1.592824,-0.650249,1.290783,0.394082
0,562149.00,-10.069328,-1.437791,3.225154,-0.729612,2.230361,0.596752
0,562172.00,-9.992710,-1.880143,4.194257,-0.609235,2.595752,0.630841
0,562195.00,-10.522454,-2.310522,5.207654,-0.520551,2.808808,0.660935
0,562218.00,-10.444638,-2.743895,6.728050,-0.430534,3.073264,0.741896
0,562241.00,-9.661097,-3.801587,8.342422,-0.380466,3.375804,0.856680
0,562264.00,-8.979911,-5.304026,9.989717,-0.505637,3.539324,0.981851
0,562287.00,-7.968309,-5.194485,11.957851,-1.010580,3.351036,1.175998
0,562310.00,-7.895881,-4.339113,12.710267,-0.989008,3.159818,1.144306
0,562333.00,-7.364341,-4.353479,13.745812,-0.646786,3.076993,1.027391
0,562356.00,-6.061231,-5.052023,14.697556,-0.227865,2.963807,0.856414
0,562379.00,-4.385802,-5.263921,15.356594,0.103437,2.584034,0.638298
0,562402.00,-3.805179,-5.299237,16.044962,0.391596,1.923826,0.349873
0,562425.00,-4.874843,-5.251350,15.939611,0.678423,1.290783,0.050795
0,562448.00,-1.820883,-5.690110,16.279606,1.215324,0.179163,-0.421124
0,562471.00,-2.266227,-6.413795,15.965350,1.159130,-0.704221,-0.439766
0,562494.00,-4.565377,-6.763965,15.827078,0.880826,-1.540733,-0.415798
0,562517.00,-5.888839,-6.098941,14.299500,0.511973,-1.967644,-0.331907
0,562540.00,-6.641255,-5.279484,13.345961,0.306373,-2.273113,-0.307405
0,562563.00,-7.890494,-4.455836,12.534285,0.237130,-2.609476,-0.364664
0,562586.00,-9.267230,-3.809968,10.718190,0.564171,-3.024935,-0.552420
0,562609.00,-9.686835,-4.143377,9.982534,0.754058,-3.162356,-0.581449
0,562632.00,-9.663490,-3.828524,9.016424,0.848069,-3.266754,-0.576921
0,562655.00,-10.205805,-4.233164,8.228093,0.913583,-3.402311,-0.506613
0,562678.00,-10.690656,-4.567173,7.523564,0.812115,-3.483272,-0.516733
0,562701.00,-11.072550,-4.442069,6.116899,0.578020,-3.377010,-0.491699
0,562724.00,-10.825336,-4.096688,4.630023,0.291459,-3.128267,-0.376382
0,562747.00,-10.168095,-2.021408,1.400679,-0.256627,-2.643032,-0.081566
0,562770.00,-10.708612,-1.740673,0.267566,-0.381798,-2.262993,0.004189
0,562793.00,-10.620023,-1.659865,-0.497421,-0.511762,-1.621428,0.108054
0,562816.00,-9.653913,-1.075051,-0.857766,-0.616959,-0.897570,0.226300
0,562839.00,-8.817696,-0.423197,-0.970300,-0.616959,-0.366527,0.238285
0,562862.00,-8.648297,-0.078414,-0.780550,-0.477673,-0.009125,0.229762
0,562885.00,-8.863188,-0.397458,-0.138871,-0.256095,0.324307,0.229496
0,562908.00,-9.162478,-1.983697,1.075650,-0.141843,1.088646,0.246274
0,562931.00,-9.432438,-2.012429,1.704160,-0.271541,1.438591,0.330964
0,562954.00,-9.893944,-1.410855,2.369782,-0.393782,1.746457,0.401539
0,562977.00,-10.299184,-1.485678,3.220365,-0.360226,2.116109,0.490756
0,563000.00,-10.457808,-2.848048,4.264889,-0.278998,2.485229,0.546950
0,563023.00,-10.696043,-3.765673,5.225013,-0.363155,2.759539,0.647086
0,563046.00,-10.691853,-2.266826,6.524532,-0.507235,3.104424,0.840168
0,563069.00,-11.562189,-3.480748,7.962324,-0.280863,3.235719,0.870795
0,563092.00,-11.095895,-4.756923,9.052340,-0.211087,3.508964,0.907281
0,563115.00,-9.841867,-4.725796,10.195629,-0.286722,3.601377,0.905949
0,563138.00,-8.877554,-4.812591,11.055191,-0.356231,3.458097,0.877453
0,563161.00,-8.226896,-5.913381,12.391822,-0.380200,3.207223,0.932581
0,563184.00,-8.058097,-5.864297,13.125084,-0.573282,2.829581,0.978921
0,563207.00,-6.714881,-3.691448,14.790336,-0.503506,2.154459,0.817531
0,563230.00,-4.920934,-4.254713,14.931003,-0.040642,1.725684,0.725917
0,563253.00,-3.471769,-6.225242,14.988466,0.229141,1.289185,0.372510
0,563276.00,-3.329906,-5.893029,15.600216,-0.000427,0.651349,0.305664
0,563299.00,-3.347863,-4.908962,15.077655,-0.031054,0.046269,0.054524
0,563322.00,-3.254484,-5.578774,14.970509,0.237130,-0.424319,-0.084229
0,563345.00,-4.928117,-6.719669,14.509003,0.110095,-1.461636,-0.264794
0,563368.00,-5.708666,-6.382070,14.055878,-0.032919,-1.848333,-0.423787
0,563391.00,-6.511364,-6.044470,13.184942,-0.139979,-2.166852,-0.544697
0,563414.00,-7.709723,-5.529092,12.645620,-0.121869,-2.469657,-0.581449
0,563437.00,-8.208341,-4.995158,11.912359,-0.015608,-2.735178,-0.667204
0,563460.00,-9.619196,-5.225612,11.586132,0.146848,-2.998569,-0.755889
0,563483.00,-10.153728,-5.444692,10.662522,0.220885,-3.128001,-0.817142
0,563506.00,-11.166527,-5.401594,9.443213,0.099709,-3.414029,-1.074407
0,563529.00,-11.756728,-4.537243,8.120948,-0.022266,-3.492327,-1.129802
0,563552.00,-11.510113,-4.070949,6.711289,-0.021733,-3.468624,-1.020078
0,563575.00,-12.035069,-3.607049,5.420749,-0.039843,-3.487533,-1.000370
0,563598.00,-11.927922,-1.659865,3.462192,-0.097102,-3.297913,-1.008094
0,563621.00,-10.879209,-1.131917,2.270417,0.086659,-2.916809,-0.859487
0,563644.00,-10.449428,-2.307529,1.236070,0.215558,-2.576452,-0.639240
0,563667.00,-10.760690,-0.936779,-0.559075,-0.129859,-1.779888,-0.442696
0,563690.00,-10.045385,-0.021549,-1.045122,-0.098167,-1.153237,-0.313264
0,563713.00,-9.157091,0.234045,-1.234872,0.054701,-0.635244,-0.234966
0,563736.00,-9.143922,-0.310065,-1.012200,0.208368,-0.310334,-0.127906
0,563759.00,-10.105842,-1.483882,-0.533934,0.274149,0.025496,-0.024840
0,563782.00,-9.886163,-1.056495,-0.420802,0.138592,0.496617,0.047333
0,563805.00,-10.389569,-0.874527,0.562666,0.060560,1.260689,0.310457
0,563828.00,-11.324553,-1.471312,1.471312,0.032863,1.637266,0.434296
0,563851.00,-11.641801,-2.813330,2.789986,-0.042772,2.147003,0.570386
0,563874.00,-11.273074,-3.475361,3.923698,-0.279531,2.639162,0.779980
0,563897.00,-10.502701,-2.568511,4.703649,-0.531204,2.932913,1.052958
0,563920.00,-12.004540,-2.778613,6.219854,-0.517355,2.987509,1.269743
0,563943.00,-13.775143,-3.705216,8.094610,-0.429203,3.234921,1.199168
0,563966.00,-9.449797,-4.152356,10.977376,-0.054490,4.232289,1.152295
0,563989.00,-8.958363,-4.952659,12.324183,0.136461,3.908977,1.022065
0,564012.00,-9.659301,-4.966426,14.064258,0.098377,3.549977,0.830314
0,564035.00,-8.638720,-5.247759,15.734897,0.156435,3.602975,0.835108
0,564058.00,-4.685093,-5.788876,16.800371,0.274681,3.623482,0.884644
0,564081.00,-2.696607,-6.031900,17.890985,0.141521,2.930783,0.822058
0,564104.00,-3.889579,-6.480237,17.915527,-0.315218,1.554174,0.603942
0,564127.00,-1.388708,-6.601151,19.614300,-0.014542,1.212219,0.393816
0,564150.00,0.778155,-7.843206,19.614300,-0.057953,0.704346,0.157590
0,564173.00,-0.327424,-8.196967,19.614300,-0.252899,-0.277842,-0.134297
0,564196.00,-3.496311,-8.920651,19.614300,-0.355166,-1.024871,-0.362001
0,564219.00,-3.778243,-7.293110,19.614300,-0.114679,-1.302376,-0.802495
0,564242.00,-2.438020,-6.431752,19.614300,0.484808,-1.766572,-1.247516
0,564264.00,-7.428988,-6.611925,19.614300,2.437201,-5.195445,-2.476317
0,564287.00,-12.673754,-7.788136,19.614300,3.880390,-6.509734,-2.887781
0,564310.00,-18.873257,-12.342739,19.614300,4.528347,-6.066045,-2.341026
0,564333.00,-18.972622,-12.324781,12.910193,3.884651,-5.354437,-1.254174
1,564356.00,-19.614300,-10.652347,0.183166,2.375415,-5.040446,-0.338032
0,564379.00,-19.614300,-10.830723,-2.825901,0.613174,-4.929124,0.385293
0,564402.00,-19.614300,-8.557912,-11.550218,-1.215380,-3.956523,0.705144
0,564425.00,-16.012039,1.570676,-7.625322,-3.690826,0.391686,0.351737
0,564448.00,-5.417756,5.721835,-3.923099,-3.401868,1.035915,0.385027
0,564471.00,-7.867149,4.903575,-4.689283,-2.400771,-0.015783,0.749087
0,564494.00,-8.056301,5.120860,-1.680815,-1.355198,-0.864280,0.366118
0,564517.00,-13.421980,1.735286,-3.370609,-0.436926,-0.383572,0.949626
0,564540.00,-11.915352,-0.192743,-1.750849,-0.085384,0.728581,1.017804
0,564563.00,-8.458547,-0.682981,-2.263833,-0.643591,1.720091,1.206891
0,564586.00,-12.115278,-1.265400,1.868171,-0.920297,1.488127,1.604507
0,564609.00,-15.095613,0.304678,3.360433,-0.461960,1.778415,1.021266
0,564632.00,-13.243005,0.284326,5.116670,0.166822,3.193641,1.016472
0,564655.00,-10.065138,-1.671836,7.748630,0.741008,4.095667,1.416219
0,564678.00,-8.125736,-3.659724,8.474709,0.886152,4.090873,1.681207
0,564701.00,-8.269396,-5.256139,8.499849,0.745003,3.473277,1.980817
0,564724.00,-9.045755,-6.413196,10.194431,-0.150898,2.529172,2.657271
0,564747.00,-10.848083,-5.783489,10.506891,-0.605241,2.259656,3.003753
0,564770.00,-10.971390,-5.742785,11.432297,-0.746390,2.229562,3.077257
0,564793.00,-10.022639,-4.488759,10.269853,-0.718959,2.202131,2.625312
0,564816.00,-10.279430,-3.688456,11.755530,-0.375140,1.998396,1.999726
0,564839.00,-7.906655,-3.538212,11.910563,-0.027592,2.112381,1.634335
0,564862.00,-6.256967,-4.389993,12.455871,0.301846,1.863105,1.825020
0,564885.00,-8.621960,-6.006161,12.118870,0.292525,0.620189,1.068138
0,564908.00,-8.603404,-6.010351,12.318197,0.409173,0.382365,0.208190
0,564931.00,-6.396436,-5.866093,12.555834,0.439267,0.305132,-0.283969
0,564954.00,-4.416330,-5.667963,12.331366,0.156169,-0.064254,-0.311933
0,564977.00,-5.876269,-6.260558,13.192125,-0.250768,-0.826196,-0.211530
0,565000.00,-7.424798,-5.698491,12.795864,-0.539459,-1.421954,-0.452816
0,565023.00,-7.389482,-4.701853,12.142813,-0.164747,-2.060856,-1.082663
0,565046.00,-8.392104,-5.014312,12.272106,0.035792,-2.674191,-1.326613
0,565069.00,-9.240294,-4.800020,11.691483,0.020346,-3.183928,-1.634212
0,565092.00,-10.872025,-4.367247,10.660727,0.016617,-3.437997,-1.737545
0,565115.00,-11.757326,-3.451418,9.397720,0.012622,-3.431872,-1.715174
0,565138.00,-11.902184,-2.825302,8.626150,-0.019070,-3.198575,-1.500520
0,565161.00,-11.101282,-1.838242,7.803699,-0.064078,-2.955159,-1.269620
0,565184.00,-10.207002,-1.937606,6.450907,-0.296309,-3.131996,-1.273349
0,565207.00,-10.395555,-1.338427,5.147197,-0.488592,-3.266754,-1.282403
0,565230.00,-11.724404,-0.411225,4.058977,-0.685935,-3.238523,-1.039520
0,565253.00,-12.082954,0.881111,2.751078,-0.851054,-2.781785,-0.706886
0,565276.00,-11.158746,1.735885,1.495255,-0.814568,-2.084292,-0.535375
0,565299.00,-9.237301,2.318902,0.386085,-0.669956,-1.513834,-0.488503
0,565322.00,-9.274413,2.509850,-0.193940,-0.478472,-1.268820,-0.335369
0,565345.00,-10.540412,2.101019,-0.719494,-0.136517,-0.321253,0.091010
0,565368.00,-9.614407,1.482086,-0.551293,-0.048365,0.388757,0.243611
0,565391.00,-9.094240,0.881111,-0.062851,-0.052094,0.893434,0.322176
0,565414.00,-8.827871,0.873330,0.732064,-0.088313,1.230329,0.438557
0,565437.00,-9.174450,0.936181,1.760427,-0.070470,1.470283,0.546417
0,565460.00,-9.962781,1.044524,2.837872,0.022210,1.748588,0.642559
0,565483.00,-9.779016,-0.263974,5.169345,0.338864,2.482832,0.776784
0,565506.00,-9.719757,-1.348603,5.983415,0.450186,2.623982,0.844163
0,565529.00,-10.155524,-1.643703,6.666396,0.457377,2.620254,0.886508
0,565552.00,-10.658931,-1.749053,7.510993,0.473090,2.658604,0.918200
0,565575.00,-10.766675,-2.481717,8.701571,0.536740,2.833842,0.966138
0,565598.00,-9.903522,-3.611837,10.164503,0.539670,3.088711,0.987976
0,565621.00,-8.524989,-4.588721,11.308990,0.457643,3.137980,1.047632
0,565644.00,-8.089821,-4.717416,12.157777,0.358306,2.393349,0.908612
0,565667.00,-8.097603,-5.208851,13.004170,0.393460,2.240747,0.809009
0,565690.00,-6.507772,-5.770919,13.731446,0.392395,2.240215,0.771724
0,565713.00,-5.023291,-5.896621,14.673613,0.293324,1.941936,0.679843
0,565736.00,-4.071548,-5.516522,15.152477,0.227276,1.392784,0.476109
0,565759.00,-3.711800,-5.494973,15.295538,0.310635,0.807412,0.191146
0,565782.00,-3.774053,-6.908821,15.865986,0.376682,-0.172113,-0.281306
0,565805.00,-3.330504,-6.661008,15.554724,0.196117,-0.624591,-0.415798
0,565828.00,-3.136564,-6.073202,15.132725,0.016351,-1.185195,-0.525522
0,565851.00,-4.647981,-6.010351,14.827448,-0.085117,-1.841408,-0.596629
0,565874.00,-7.231456,-6.076195,14.051088,-0.148501,-2.354607,-0.638441
0,565897.00,-8.985298,-5.478811,13.297475,-0.132522,-2.618530,-0.845905
0,565920.00,-9.538985,-4.369641,12.766534,-0.075796,-2.735178,-1.079468
0,565943.00,-9.801763,-3.168887,10.833117,-0.005754,-3.211626,-1.234466
0,565966.00,-11.018079,-2.435626,8.975721,-0.052094,-3.582609,-1.188659
0,565989.00,-12.351717,-1.402475,7.428389,-0.068339,-3.764772,-1.054433
0,566012.00,-12.967058,-0.773965,4.998749,-0.124533,-3.619361,-0.910887
0,566035.00,-13.079592,-0.698544,3.112621,-0.254497,-3.287527,-0.751894
0,566058.00,-12.918573,-0.558476,1.656273,-0.452639,-2.819602,-0.601423
0,566081.00,-11.966231,0.489639,0.432774,-0.646254,-2.284298,-0.487704
0,566104.00,-10.557771,2.054330,-0.489041,-0.539459,-1.218485,-0.266658
0,566127.00,-10.037005,1.291738,-0.588405,-0.298173,-0.705553,-0.135096
0,566150.00,-9.398319,0.927800,-0.562666,-0.139979,-0.289294,-0.070114
0,566173.00,-8.992481,0.909244,-0.330417,-0.084052,0.026561,0.006053
0,566196.00,-8.919455,0.887695,-0.101160,-0.056621,0.319514,0.182890
0,566219.00,-8.978115,0.584215,0.304079,-0.050229,0.576513,0.367983
0,566242.00,-10.459004,-0.157427,1.640710,0.009160,1.202365,0.520318
0,566265.00,-10.356049,-0.596785,2.661889,0.066419,1.668159,0.567723
0,566288.00,-10.035808,-1.069664,3.701026,0.089589,2.037279,0.652679
0,566311.00,-10.161510,-1.552120,4.311578,0.055766,2.246872,0.736836
0,566334.00,-10.504497,-1.373743,4.812591,0.075740,2.356596,0.767463
0,566357.00,-11.441875,-1.334237,5.801446,0.224613,2.489224,0.804215
0,566380.00,-11.767503,-1.896903,7.433776,0.459241,2.800286,0.846294
0,566403.00,-8.999664,-3.651344,10.734950,0.674162,3.258357,0.830581
0,566426.00,-8.356190,-3.479551,11.844121,0.495727,3.022930,0.777849
0,566449.00,-8.945193,-3.806975,12.808434,0.324483,2.806411,0.901688
0,566472.00,-8.047322,-4.035034,13.505183,0.272551,2.810939,1.017005
0,566495.00,-6.301261,-3.899156,14.531151,0.235532,2.697220,0.926456
0,566518.00,-5.363883,-3.675287,15.670250,0.225412,2.346210,0.789035
0,566541.00,-3.373602,-4.154750,17.046986,0.355110,1.969367,0.694491
0,566564.00,-1.474305,-5.169943,17.828733,0.603853,0.439624,0.280097
0,566587.00,-2.619390,-5.957676,17.550392,0.640339,-0.387833,0.056654
0,566610.00,-3.383778,-6.717275,17.375607,0.510375,-1.008359,-0.135629
0,566633.00,-3.222760,-6.435344,16.980543,0.273882,-1.542064,-0.323651
0,566656.00,-4.354078,-5.928346,16.481926,0.024873,-2.191885,-0.402482
0,566679.00,-5.848734,-4.962834,15.714545,-0.107488,-2.761544,-0.507678
0,566702.00,-9.086458,-4.446858,13.778135,-0.062214,-3.427611,-0.630984
0,566725.00,-10.071723,-3.910529,12.285275,-0.093373,-3.536270,-0.806489
0,566748.00,-10.653543,-3.472368,11.369446,-0.108820,-3.541596,-0.836051
0,566771.00,-10.361436,-3.060544,9.796375,-0.187118,-3.527748,-0.828061
0,566794.00,-11.493352,-2.906110,8.121546,-0.306163,-3.622025,-0.784651
0,566817.00,-11.784263,-1.394095,6.807661,-0.441454,-3.543726,-0.736980
0,566840.00,-11.919542,-0.499815,4.802415,-0.465689,-3.272879,-0.625924
0,566863.00,-11.547225,-0.363937,2.412880,-0.541590,-2.394555,-0.452550
0,566886.00,-10.420695,0.089787,1.497051,-0.692860,-1.882155,-0.314862
0,566909.00,-9.806551,0.880513,0.815866,-0.814568,-1.521025,-0.191290
0,566932.00,-10.084292,1.459939,0.268763,-0.792996,-1.219551,-0.110595
0,566955.00,-10.400344,1.591627,-0.224468,-0.608436,-0.777193,-0.085827
0,566978.00,-10.438653,1.324660,-0.317846,-0.353302,-0.213926,-0.071179
0,567001.00,-8.627347,1.401877,0.486048,0.125542,0.712336,-0.048542
0,567024.00,-8.546538,0.812873,1.324061,0.251511,0.964008,0.038545
0,567047.00,-9.075684,0.065844,2.325487,0.248316,1.201566,0.185021
0,567070.00,-9.785601,-0.322037,3.261667,0.154837,1.503040,0.314186
0,567093.00,-10.044188,0.098167,4.114047,0.112759,1.874557,0.346677
0,567116.00,-10.182460,0.055069,5.378250,0.206503,2.252998,0.399675
0,567139.00,-9.455783,-0.260981,6.428759,0.342060,2.581371,0.325904
0,567162.00,-9.275011,-1.429411,8.640515,0.695201,2.719591,0.319246
0,567185.00,-9.428248,-2.109399,9.551556,0.748465,2.830380,0.394348
0,567208.00,-9.389340,-2.481717,10.330908,0.706653,2.980319,0.424442
0,567231.00,-8.650093,-2.588264,11.175506,0.620631,3.118805,0.409528
0,567254.00,-7.515782,-3.247900,12.317598,0.520495,3.168340,0.465722
0,567277.00,-6.792696,-3.796799,13.077796,0.388400,2.997895,0.587430
0,567300.00,-6.379675,-3.393355,13.331594,0.218754,2.674583,0.625248
0,567323.00,-5.092727,-3.578317,15.028571,0.279475,2.224768,0.628976
0,567346.00,-3.021636,-4.207425,15.594231,0.282937,1.910777,0.571185
0,567369.00,-2.424253,-3.983556,16.101828,0.188127,1.265483,0.450275
0,567392.00,-2.420661,-3.370609,16.076687,0.174279,0.626847,0.249736
0,567415.00,-2.154293,-3.912924,15.711552,0.294655,0.125633,0.096070
0,567438.00,-2.048943,-5.395608,16.049751,0.276279,-0.428047,0.012711
0,567461.00,-2.953398,-4.308586,16.107214,-0.392451,-1.527150,-0.093550
0,567484.00,-3.417897,-3.904543,16.230522,-0.438524,-1.989482,-0.127373
0,567507.00,-4.449252,-3.990739,16.337069,-0.354101,-2.483506,-0.218987
0,567530.00,-5.734405,-4.127215,16.260450,-0.263552,-2.920537,-0.342826
0,567553.00,-6.748401,-3.911128,15.554126,-0.271275,-3.307501,-0.412069
0,567576.00,-7.909050,-3.545395,15.036951,-0.254497,-3.635873,-0.474388
0,567599.00,-8.706360,-3.105438,14.063060,-0.296043,-3.893938,-0.526587
0,567622.00,-11.335925,-2.523019,11.830354,-0.463825,-4.059589,-0.503151
0,567645.00,-11.350890,-1.828066,10.084891,-0.566890,-3.893672,-0.509276
0,567668.00,-11.325749,-1.251034,8.419041,-0.619089,-3.738673,-0.572394
0,567691.00,-11.033642,-0.715903,6.586784,-0.744526,-3.564233,-0.543365
0,567714.00,-11.328743,-0.251404,4.637805,-0.882213,-3.378342,-0.429646
0,567737.00,-12.116475,0.535131,2.458971,-0.993535,-3.057160,-0.283437
0,567760.00,-11.464621,1.868171,-0.094576,-0.839602,-1.619830,-0.050673
0,567783.00,-10.873222,1.139698,-0.653052,-0.618823,-0.885585,-0.007795
0,567806.00,-10.250698,1.112163,-0.746430,-0.482733,-0.289561,-0.046412
0,567829.00,-9.652716,1.559303,-0.375310,-0.298706,0.227899,-0.067717
0,567852.00,-8.658473,1.650886,0.008380,0.034993,0.668659,-0.061858
0,567875.00,-8.638720,0.941568,0.948152,0.385204,0.950692,-0.047477
0,567898.00,-8.826076,0.266369,2.008838,0.611843,1.211686,-0.115655
0,567921.00,-8.684811,-1.005017,4.259502,0.722632,1.902521,-0.028568
0,567944.00,-8.948186,-1.255224,5.248956,0.603853,2.140877,0.021234
0,567967.00,-9.467754,-1.173219,6.084575,0.519430,2.334492,-0.035759
0,567990.00,-9.913098,-0.662031,7.026143,0.570563,2.620520,-0.079702
0,568013.00,-9.842466,-0.711114,8.223305,0.776162,2.988308,-0.105801
0,568036.00,-9.178640,-1.319272,10.038202,0.988686,3.314816,-0.114323
0,568059.00,-8.666255,-1.579655,11.749545,0.978832,3.455167,-0.164658
0,568082.00,-6.896850,-1.603598,14.015773,0.712512,3.472744,-0.048276
0,568105.00,-6.359922,-2.248270,14.172601,0.577487,3.333725,0.187151
0,568128.00,-6.064822,-2.400908,14.947165,0.374551,3.119338,0.300604
0,568151.00,-4.837132,-2.462562,16.101229,0.123678,3.011211,0.389555
0,568174.00,-3.293991,-3.060544,16.665092,-0.000694,2.826119,0.644157
0,568197.00,-1.699371,-2.938434,17.418106,-0.078193,2.347542,0.722987
0,568220.00,-0.026936,-2.615799,18.675127,0.085328,1.313953,0.581571
0,568243.00,0.668016,-3.367018,18.818787,0.385204,0.707542,0.377304
0,568266.00,0.470485,-4.713825,18.548227,0.551388,-0.137758,0.061182
0,568289.00,0.187954,-5.500959,19.316206,0.533811,-0.936985,-0.301014
0,568312.00,-0.928399,-5.171141,18.311190,0.130069,-1.583078,-0.328178
0,568335.00,-2.390134,-4.399570,17.723982,-0.215348,-2.059791,-0.176908
0,568358.00,-3.710005,-3.744722,16.561537,-0.411359,-2.357537,-0.058662
0,568381.00,-6.114504,-3.031214,14.832835,-0.299505,-3.042246,-0.207535
0,568404.00,-7.681589,-3.000087,13.833804,-0.157290,-3.325344,-0.370523
0,568427.00,-8.733894,-2.916286,12.915581,-0.055556,-3.432671,-0.538838
0,568450.00,-8.792555,-2.546363,12.020103,-0.062214,-3.415094,-0.599026
0,568473.00,-9.219942,-2.032182,11.180893,-0.087780,-3.486734,-0.572128
0,568496.00,-9.731130,-1.242055,9.297159,-0.117076,-3.580745,-0.569198
0,568519.00,-10.843892,-0.587806,5.993591,0.029933,-3.536003,-0.523924
0,568542.00,-10.858856,-0.624320,4.389394,-0.031054,-3.318953,-0.535908
0,568565.00,-11.183288,-0.843401,3.054559,-0.175400,-2.950632,-0.381709
0,568588.00,-11.006706,-0.436964,1.838841,-0.352503,-2.357004,-0.263995
0,568611.00,-10.523052,0.207708,0.997834,-0.467287,-1.663506,-0.158799
0,568634.00,-9.825706,0.269960,0.671608,-0.412691,-0.974270,-0.090354
0,568657.00,-8.932025,0.275347,0.508794,-0.274205,-0.416329,-0.095947
0,568680.00,-8.477701,0.132286,1.245647,0.003567,0.337890,-0.052004
0,568703.00,-8.772802,-0.350768,1.576064,0.076539,0.688367,0.079025
0,568726.00,-9.243885,-0.568652,2.221334,0.073343,1.022332,0.128294
0,568749.00,-9.401911,-0.374712,3.070122,0.040586,1.421280,0.106456
0,568772.00,-8.771605,-0.310065,4.774880,0.096779,1.868964,0.137616
0,568795.00,-8.563299,-1.066073,6.252776,0.132733,2.202930,0.178895
0,568818.00,-8.761429,-1.059488,7.128500,0.098644,2.421845,0.107255
0,568841.00,-8.317881,-0.941568,9.855037,0.312499,3.029854,0.040142
0,568864.00,-7.257195,-1.807714,11.464621,0.409972,3.310289,0.078493
0,568887.00,-6.426963,-2.323092,12.761147,0.397988,3.310555,0.150665
0,568910.00,-5.983415,-1.756835,13.213674,0.269355,3.167542,0.140013
0,568933.00,-5.893628,-1.189979,13.966090,0.221684,3.027990,0.123767
0,568956.00,-5.255540,-1.479093,14.711324,0.258968,3.037577,0.212185
0,568979.00,-2.855231,-2.421858,16.522629,0.116221,2.744891,0.406599
0,569002.00,-1.827468,-2.197391,17.436064,-0.008950,2.370179,0.460662
0,569025.00,-0.134681,-1.516205,17.876020,-0.025195,1.953121,0.408996
0,569048.00,0.779951,-1.423425,18.028660,0.096779,1.439656,0.377037
0,569071.00,1.193570,-1.518001,17.676693,0.284535,0.848159,0.295277
0,569094.00,0.654848,-2.439217,17.868837,0.420891,0.214051,0.182890
0,569117.00,0.557279,-3.950634,17.768875,0.351115,-0.329775,0.049996
0,569140.00,0.139469,-3.879403,17.530041,-0.253964,-1.492262,0.032419
0,569163.00,-1.268393,-3.517262,17.102057,-0.380733,-2.034490,0.098200
0,569186.00,-3.177866,-3.620217,16.255663,-0.394049,-2.472054,0.155725
0,569209.00,-5.010721,-3.299378,15.069874,-0.381265,-2.836647,0.092874
0,569232.00,-6.715479,-3.058150,14.070842,-0.308027,-3.076868,-0.070114
0,569255.00,-7.554091,-2.977940,12.753963,-0.250502,-3.169281,-0.270121
0,569278.00,-8.574073,-2.952800,11.941091,-0.219875,-3.228404,-0.384372
0,569301.00,-9.477332,-1.142092,8.006618,-0.420148,-3.286195,-0.407808
0,569324.00,-10.418301,-0.287917,6.139046,-0.398310,-3.214289,-0.258402
0,569347.00,-10.831921,-0.035316,4.731782,-0.312288,-2.992710,-0.183833
0,569370.00,-10.891180,-0.120913,3.622612,-0.216679,-2.575653,-0.189692
0,569393.00,-10.590094,-0.578229,3.143747,-0.203363,-2.044078,-0.173713
0,569416.00,-9.896338,-0.606961,2.737909,-0.281928,-1.506111,-0.118584
0,569439.00,-9.018819,1.125931,1.722117,-0.298972,-0.723662,-0.131101
0,569462.00,-8.679423,1.543740,1.561099,-0.097901,-0.336433,-0.159065
0,569485.00,-8.234678,0.996039,1.822679,0.162560,0.046802,-0.132699
0,569508.00,-8.079047,0.162215,2.359007,0.300514,0.365587,-0.056532
0,569531.00,-8.380133,-0.167603,2.915089,0.273882,0.650816,0.048132
0,569554.00,-8.931426,-0.211898,3.261667,0.184931,0.990907,0.130159
0,569577.00,-8.942201,0.092780,3.999718,0.183067,1.392518,0.085683
0,569600.00,-8.185595,-0.495625,6.450308,0.412102,2.144606,-0.017116
0,569623.00,-8.373549,-0.963715,7.785742,0.441398,2.374973,-0.053336
0,569646.00,-8.551926,-0.987060,8.973327,0.396922,2.588562,-0.134564
0,569669.00,-8.305310,-0.947554,10.089082,0.410505,2.844761,-0.131368
0,569692.00,-7.965915,-1.143888,11.052796,0.441131,3.066606,-0.021378
0,569715.00,-7.542120,-1.476101,12.195488,0.382008,3.198434,0.064910
0,569738.00,-5.557824,-2.059118,14.213305,0.080800,3.238382,0.394348
0,569761.00,-4.712627,-2.691818,15.342228,-0.101895,3.119071,0.601545
0,569784.00,-2.949208,-2.897730,16.446609,-0.241181,2.975791,0.657473
0,569807.00,-0.675798,-2.503864,17.661728,-0.208690,2.652744,0.535498
0,569830.00,1.310294,-1.770602,18.040630,-0.018537,2.034616,0.259857
0,569853.00,2.000458,-1.527578,18.000526,0.224347,1.214616,0.031887
0,569876.00,1.288146,-1.775990,17.557575,0.345789,0.465457,0.026027
0,569899.00,0.176581,-4.255312,17.076916,0.099975,-0.321253,0.185021
0,569922.00,-0.086794,-3.963204,16.634563,-0.199901,-0.783851,0.044404
0,569945.00,-0.699143,-2.850442,16.113798,-0.336257,-1.262961,-0.118318
0,569968.00,-1.838242,-2.754071,15.679229,-0.245975,-1.677888,-0.145749
0,569991.00,-3.246104,-3.037798,15.066880,-0.145838,-2.103201,-0.169185
0,570014.00,-5.016707,-2.907906,14.073236,-0.159421,-2.475250,-0.178506
0,570037.00,-6.704705,-2.893540,13.530922,-0.187651,-2.669930,-0.184632
0,570060.00,-7.580429,-2.431436,12.194290,-0.206826,-2.728520,-0.307672
0,570083.00,-8.074258,-2.065104,11.706448,-0.176199,-2.808417,-0.416064
0,570106.00,-8.266402,-1.203746,11.331137,-0.072334,-2.878459,-0.522326
0,570129.00,-8.662663,-1.042129,9.940035,0.055233,-2.917874,-0.607814
0,570152.00,-8.541750,-0.987659,8.569284,0.184132,-2.928527,-0.729523
0,570175.00,-8.827273,-1.055897,7.047093,0.210232,-2.924798,-0.726061
0,570198.00,-9.309131,0.071231,3.777046,0.054701,-2.574321,-0.548159
0,570221.00,-9.334271,0.469886,2.630763,0.038455,-2.211593,-0.425918
0,570244.00,-9.816129,-0.138871,2.074682,0.072811,-1.763643,-0.274382
0,570267.00,-9.319905,-0.322037,1.559303,0.007030,-1.200109,-0.167321
0,570290.00,-8.774598,0.055069,1.009207,-0.075530,-0.717803,-0.055733
0,570313.00,-9.069099,0.378902,0.472280,-0.088047,-0.352945,0.032419
0,570336.00,-9.515042,0.644672,0.542913,-0.021467,0.046003,0.041474
0,570359.00,-9.200189,0.003591,1.571275,0.142853,1.063878,0.033484
0,570382.00,-9.318110,-0.171793,2.529603,0.113025,1.437526,0.021234
0,570405.00,-9.547964,0.119716,3.569338,0.071745,1.804248,-0.001404
0,570428.00,-9.719757,-0.014965,5.186704,0.076539,2.210919,0.001792
0,570451.00,-9.532401,-0.289115,6.501786,0.076805,2.614661,-0.003001
0,570474.00,-9.362404,-0.466893,7.891092,0.060560,2.922261,0.040409
0,570497.00,-9.070895,-1.079241,10.581714,0.022210,3.322007,0.269444
0,570520.00,-9.018220,-1.283956,11.790249,0.007030,3.481000,0.344813
0,570543.00,-8.585446,-1.930423,13.609336,-0.040375,3.665560,0.415388
0,570566.00,-7.392475,-2.743296,15.418846,-0.134120,3.829081,0.527775
0,570589.00,-5.441699,-2.967764,17.063148,-0.287787,3.804845,0.610867
0,570612.00,-3.782433,-2.625974,18.122038,-0.423610,3.526275,0.628444
0,570635.00,-1.922043,-1.780180,19.283285,-0.374341,3.112679,0.533101
0,570658.00,1.971127,-1.163043,19.614300,0.284801,1.790400,0.179694
0,570681.00,1.708948,-2.048344,19.614300,0.515701,0.956285,0.204728
0,570704.00,0.977483,-3.377792,19.614300,0.582547,0.337890,0.265449
0,570727.00,0.976884,-4.743754,19.614300,0.479215,-0.121513,0.154926
0,570750.00,1.435397,-5.477015,19.614300,0.234201,-0.633114,-0.088224
0,570773.00,0.931392,-4.258904,19.614300,-0.179927,-1.336199,-0.206736
0,570796.00,-0.920019,-2.642136,19.056423,-0.375406,-2.060590,-0.160397
0,570819.00,-5.417756,-2.874984,16.401117,-0.079525,-3.010287,-0.142553
0,570842.00,-6.902835,-2.964173,15.514020,0.031265,-3.334133,-0.229906
0,570865.00,-8.401083,-2.894737,13.992428,0.051239,-3.597523,-0.341494
0,570888.00,-9.544971,-2.245876,12.801850,0.061093,-3.769033,-0.440832
0,570911.00,-9.943626,-1.321068,10.639776,0.073077,-3.862246,-0.506613
0,570934.00,-11.261103,-0.847591,7.952147,0.097578,-3.965844,-0.486106
0,570957.00,-12.129045,-0.031126,5.137620,0.293057,-3.224409,-0.370257
0,570980.00,-10.821745,-1.491065,4.981390,0.363100,-2.483506,-0.297818
0,571003.00,-8.826674,-1.907677,4.769493,0.138858,-1.949534,-0.288763
0,571026.00,-8.334043,-0.861358,4.126019,-0.232925,-1.770833,-0.269322
0,571049.00,-8.419041,0.729072,3.185648,-0.428670,-1.626754,-0.225645
0,571072.00,-8.630340,1.260013,2.135737,-0.267014,-1.367891,-0.177707
0,571095.00,-8.837449,0.937378,1.351596,0.012622,-1.072542,-0.212862
0,571118.00,-8.851814,0.237038,1.026566,0.215558,-0.277044,-0.175577
0,571141.00,-8.687205,-0.329818,0.970898,0.115422,0.184756,0.066508
0,571164.00,-9.128359,-0.302882,1.186387,-0.102162,0.525379,0.258525
0,571187.00,-9.931655,0.343585,1.755039,-0.255296,0.911011,0.292348
0,571210.00,-9.651519,0.741043,2.908505,-0.181791,1.464957,0.291016
0,571233.00,-9.347440,-0.304678,4.277459,-0.063013,1.965372,0.302201
0,571256.00,-10.587101,-0.610553,6.058836,-0.199369,2.492154,0.289152
0,571279.00,-11.023466,-0.105350,7.473283,-0.144240,2.846093,0.211919
0,571302.00,-10.503300,-0.230454,9.239097,0.053636,3.321741,0.197538
0,571325.00,-9.375573,-1.181000,10.979172,0.182535,3.687132,0.236687
0,571348.00,-8.502243,-1.846024,12.597136,0.146049,3.773420,0.282494
0,571371.00,-7.946760,-2.227918,13.883486,-0.006020,3.783806,0.420980
0,571394.00,-7.944964,-3.161705,16.073694,-0.173536,3.820825,0.611133
0,571417.00,-2.731923,-2.442809,19.614300,-0.394049,3.857577,0.510730
0,571440.00,0.278939,-1.239063,19.614300,-0.206826,3.368613,0.285956
0,571463.00,3.172479,-0.171194,19.614300,0.246185,2.527041,-0.018182
0,571486.00,4.131405,-1.121142,19.614300,0.714909,1.461228,-0.054401
0,571509.00,2.534392,-2.417668,19.614300,0.836883,0.395947,0.122968
0,571532.00,0.360346,-2.848048,19.614300,0.656851,-0.246949,0.291549
0,571555.00,-0.725480,-3.332899,18.939100,0.462970,-0.593166,0.251867
0,571578.00,0.414218,-3.862643,18.985191,-0.258492,-1.627287,-0.098877
0,571601.00,-2.376366,-2.160279,18.178904,-0.664097,-2.429443,0.044137
0,571624.00,-4.947271,-1.216316,17.082901,-0.662766,-2.805221,0.126696
0,571647.00,-5.648808,-1.587437,16.332281,-0.390586,-2.928527,0.091010
0,571670.00,-6.368901,-2.754071,16.085066,-0.175133,-3.135458,0.010048
0,571693.00,-7.004594,-3.176669,15.561907,-0.156225,-3.394588,-0.094616
0,571716.00,-9.674864,-2.182426,13.417790,-0.309625,-3.964779,-0.326314
0,571739.00,-11.032445,-1.846024,11.480184,-0.250768,-3.995938,-0.523924
0,571762.00,-10.587700,-0.794317,9.225927,-0.138914,-3.881154,-0.706353
0,571785.00,-10.614037,0.118519,6.749599,-0.010548,-3.810047,-0.601955
0,571808.00,-10.463793,0.520167,4.704846,0.094383,-3.700589,-0.472258
0,571831.00,-11.437086,-0.341790,3.320927,0.097578,-3.431073,-0.317792
