0,86303.00,-1.018186,-3.620217,8.877554,0.034094,-0.015003,-0.015554
0,86326.00,-0.930195,-3.726166,8.976319,0.039154,-0.004883,-0.008630
0,86349.00,-0.839809,-3.751905,9.049945,0.025039,-0.021661,-0.017685
0,86372.00,-0.800901,-3.710603,9.104416,0.019447,-0.032580,-0.009962
0,86395.00,-0.599180,-3.758490,9.119979,0.027703,-0.029651,0.002555
0,86418.00,-0.466893,-3.902748,9.406100,0.045546,-0.064805,0.068869
0,86441.00,-0.219081,-3.847080,9.512050,0.028502,-0.090638,0.061146
0,86464.00,0.083801,-3.761482,9.598246,0.015718,-0.127390,0.052890
0,86487.00,0.166405,-4.052393,9.791587,0.027170,-0.178524,0.067537
0,86510.00,0.253200,-4.306191,9.965176,0.002136,-0.240310,0.079256
0,86533.00,0.250207,-4.252319,10.097462,-0.050063,-0.300232,0.086713
0,86556.00,0.422598,-4.111652,9.994506,-0.071102,-0.338582,0.071000
0,86579.00,0.247214,-3.931479,9.828100,-0.049797,-0.580135,-0.015022
0,86602.00,-0.040105,-3.989542,9.820917,-0.012778,-0.658166,-0.069884
0,86625.00,0.001796,-3.950036,9.558739,0.015186,-0.644850,-0.092255
0,86648.00,0.182567,-4.020070,9.383953,0.039953,-0.620349,-0.093853
0,86671.00,0.417211,-3.977570,9.194203,0.022643,-0.652574,-0.090124
0,86694.00,0.316649,-4.038027,9.081670,-0.013044,-0.730605,-0.064557
0,86717.00,0.126899,-3.979366,8.976319,-0.060982,-0.788397,-0.027273
0,86740.00,-0.099364,-3.940458,8.594425,-0.165646,-0.757770,0.038775
0,86763.00,-0.162215,-3.825531,8.446575,-0.232226,-0.754308,0.040905
0,86786.00,-0.335205,-3.742328,8.222108,-0.278299,-0.722882,0.045699
0,86809.00,-0.319044,-3.704617,7.889895,-0.304931,-0.638991,0.070201
0,86832.00,-0.463900,-3.647752,7.627118,-0.323041,-0.594782,0.072864
0,86855.00,-0.741043,-3.335891,7.318849,-0.337422,-0.560959,0.045699
0,86878.00,-0.732064,-3.072516,6.717874,-0.222106,-0.303961,0.084848
0,86901.00,-1.076847,-3.231140,6.630481,-0.166711,-0.261083,0.103491
0,86924.00,-2.008239,-3.499304,6.515553,-0.162716,-0.222999,0.099762
0,86947.00,-2.207566,-3.091671,6.778929,-0.178962,-0.044298,0.082451
0,86970.00,-1.954367,-2.859421,6.521539,-0.143009,0.297390,0.125329
0,86993.00,-1.274977,-2.782204,6.120490,-0.068705,0.526958,0.162347
0,87016.00,-1.127128,-2.891146,5.882255,-0.010381,0.524828,0.201497
0,87039.00,-3.000686,-3.244907,6.285100,-0.034350,0.521099,0.291246
0,87062.00,-3.654935,-2.979137,6.669987,-0.082554,0.817247,0.334124
0,87085.00,-3.104839,-2.618792,6.583792,-0.041274,1.273187,0.371409
0,87108.00,-1.885530,-2.728332,6.262952,0.091619,1.554688,0.423075
0,87131.00,-1.602401,-2.892942,5.935528,0.194153,1.452421,0.505102
0,87154.00,-3.126388,-3.238921,6.572419,0.225046,1.154142,0.580736
0,87177.00,-5.226809,-2.831886,7.530746,0.198946,1.715545,0.630805
0,87200.00,-4.489357,-2.600834,7.682786,0.279642,2.300118,0.679009
0,87223.00,-3.856058,-2.606820,7.677998,0.401083,2.561644,0.697118
0,87246.00,-5.409975,-3.466382,8.706360,0.498290,2.445795,0.725082
0,87269.00,-7.030333,-4.160736,9.765249,0.424520,2.515837,0.621217
0,87292.00,-7.893486,-4.196651,10.308761,0.251678,2.895344,0.614026
0,87315.00,-8.012006,-3.808172,10.710408,0.132366,3.351816,0.752247
0,87338.00,-7.365538,-4.483371,11.535253,0.100142,3.608549,0.848122
0,87361.00,-7.211703,-4.260100,12.024892,0.079369,3.453018,0.761568
0,87384.00,-5.582366,-2.208764,11.822572,0.151542,3.355545,0.553039
0,87407.00,-4.566574,-1.129522,11.440079,0.644766,3.137162,0.326134
0,87430.00,-2.704987,-1.045721,10.064540,1.299648,2.559514,-0.075476
0,87453.00,-3.016249,-3.568739,10.224959,1.908456,1.582918,-0.365233
0,87476.00,-3.986549,-5.284871,9.473142,1.893275,0.703795,-0.469630
0,87499.00,-7.452931,-6.919596,11.472402,0.926267,0.952538,0.131188
0,87522.00,-4.004507,-6.124680,10.866638,0.114257,1.455883,0.254761
0,87545.00,-3.309554,-4.275065,10.761288,-0.369647,1.030037,0.351701
0,87568.00,-3.831517,-3.170683,10.976777,-0.486029,0.293129,0.375137
0,87591.00,-3.671695,-3.240717,11.032445,-0.409062,-0.398238,0.278996
0,87614.00,-4.032041,-3.712997,11.517894,-0.283626,-1.088007,0.142107
0,87637.00,-5.269907,-3.953028,12.958080,-0.340618,-1.741024,-0.079205
0,87660.00,-4.639002,-4.353479,12.735408,-0.303067,-1.713060,-0.144187
0,87683.00,-4.646784,-4.366049,12.639036,-0.221839,-1.798816,0.030253
0,87706.00,-4.508512,-4.940687,13.026917,-0.217312,-2.133846,-0.105038
0,87729.00,-5.230999,-4.648580,13.274131,-0.257260,-2.602037,-0.285337
0,87752.00,-6.491012,-4.421119,13.454304,-0.212518,-2.908039,-0.397990
0,87775.00,-6.332986,-4.797626,13.833804,-0.092674,-3.006844,-0.531683
0,87798.00,-6.422175,-4.773084,13.257370,-0.108920,-3.539218,-0.601192
0,87821.00,-7.009981,-4.102674,12.628262,-0.125165,-3.843089,-0.631553
0,87844.00,-7.388883,-3.681871,11.725003,-0.062314,-3.946155,-0.632885
0,87867.00,-7.181774,-3.763877,10.521257,-0.007452,-3.907272,-0.632086
0,87890.00,-6.732240,-3.536416,9.420466,-0.046867,-3.815658,-0.600394
0,87913.00,-6.408407,-2.723543,8.239467,-0.126497,-3.724577,-0.511443
0,87936.00,-5.652400,-2.025598,6.283304,-0.162184,-3.304323,-0.268292
0,87959.00,-5.355504,-2.308128,5.573387,-0.222905,-3.022823,-0.125811
0,87982.00,-5.020298,-2.199186,4.672523,-0.386425,-2.688325,0.020399
0,88005.00,-4.885019,-1.565289,3.998521,-0.566191,-2.345038,0.196170
0,88028.00,-4.896392,-0.753613,3.412510,-0.642625,-1.978848,0.325335
0,88051.00,-4.800020,-0.360944,3.030615,-0.582437,-1.569248,0.353033
0,88074.00,-4.749141,-0.465097,2.910300,-0.463392,-1.133548,0.349038
0,88097.00,-4.170912,-0.588405,3.046777,-0.257793,-0.202226,0.348239
0,88120.00,-4.200243,-1.098396,3.565747,-0.180826,0.200450,0.417748
0,88143.00,-4.015880,-1.093009,3.767468,-0.178163,0.618040,0.476339
0,88166.00,-4.175102,-1.079241,4.091300,-0.156058,0.975708,0.554104
0,88189.00,-4.341507,-1.134311,4.616256,-0.118773,1.351486,0.615092
0,88212.00,-4.187074,-1.612577,5.152585,-0.046334,1.768277,0.667823
0,88235.00,-4.433090,-2.282389,6.250382,0.007995,2.088660,0.752779
0,88258.00,-5.011320,-2.924666,7.686976,0.074042,2.690543,0.835338
0,88281.00,-5.286068,-3.629795,8.532771,0.092152,2.969913,0.936806
0,88304.00,-5.523106,-4.325944,9.570112,0.035426,3.186431,1.046264
0,88327.00,-5.979824,-5.011918,10.651149,-0.069771,3.391232,1.159716
0,88350.00,-5.899015,-4.950863,11.118641,-0.203996,3.620267,1.241477
0,88373.00,-5.424939,-4.893998,11.065966,-0.245542,3.726262,1.351733
0,88396.00,-6.936356,-6.115701,11.571168,-0.289485,3.278578,1.534962
0,88419.00,-8.107180,-6.222847,12.181122,-0.427439,3.202677,1.573045
0,88442.00,-8.059294,-5.878663,12.714458,-0.515857,3.395226,1.610597
0,88465.00,-6.989031,-5.686519,13.031705,-0.464990,3.591238,1.583166
0,88488.00,-4.882625,-4.965229,13.696130,-0.340352,3.475921,1.367712
0,88511.00,-3.034805,-2.955793,12.431928,-0.053525,3.010660,1.056384
0,88534.00,-2.889949,-2.063907,10.845089,0.488170,2.323554,0.684601
0,88557.00,-3.616027,-6.052850,11.164133,1.544662,0.634818,-0.051774
0,88580.00,-4.905969,-7.432580,10.572136,1.320953,0.198319,-0.097847
0,88603.00,-5.502156,-8.042533,11.112655,0.821070,0.277150,0.033715
0,88626.00,-4.588721,-6.953715,11.041424,0.216790,0.568238,0.199632
0,88649.00,-3.415503,-5.374658,10.785232,-0.149134,0.570901,0.233988
0,88672.00,-3.145543,-4.553405,11.132408,-0.185620,0.215097,0.150629
0,88695.00,-3.036002,-4.084716,11.067761,-0.058585,-0.259751,-0.034996
0,88718.00,-4.539638,-4.636608,11.346700,0.278576,-1.182551,-0.442199
0,88741.00,-5.237583,-5.263322,11.494550,0.350216,-1.477367,-0.558848
0,88764.00,-5.257336,-5.228604,11.474796,0.275647,-1.647812,-0.613710
0,88787.00,-5.447685,-4.876040,11.527472,0.210132,-1.852080,-0.564707
0,88810.00,-5.696695,-5.093924,11.548422,0.210132,-2.067799,-0.568169
0,88833.00,-5.982816,-5.325574,11.588527,0.177108,-2.286448,-0.614508
0,88856.00,-6.494603,-5.008925,11.720813,0.086826,-2.633197,-0.811319
0,88879.00,-6.401225,-4.438478,11.590322,0.147280,-2.792989,-0.862719
0,88902.00,-6.411400,-4.743155,11.683103,0.272983,-3.041732,-0.965785
0,88925.00,-7.047692,-4.761711,11.629230,0.328644,-3.239341,-1.015587
0,88948.00,-7.224872,-4.925723,11.514901,0.350483,-3.244135,-1.055535
0,88971.00,-6.721465,-4.612066,10.998924,0.312133,-3.173028,-1.064323
0,88994.00,-6.085772,-3.762680,10.016054,0.291626,-3.161842,-1.015587
0,89017.00,-5.921761,-3.533423,8.296930,0.322785,-3.374099,-0.858458
0,89040.00,-6.243798,-3.367018,7.393672,0.219986,-3.265707,-0.694138
0,89063.00,-6.230030,-3.125790,6.442526,0.062324,-2.926682,-0.498393
0,89086.00,-5.775109,-2.568511,5.668561,-0.124366,-2.494710,-0.340731
0,89109.00,-5.030474,-1.668245,4.782661,-0.257260,-2.076587,-0.252313
0,89132.00,-4.447456,-1.100192,4.164328,-0.256195,-1.754340,-0.173482
0,89155.00,-4.291825,-1.359377,3.929684,-0.104392,-1.241674,-0.027539
0,89178.00,-4.409147,-1.506030,3.907536,-0.093207,-0.895724,0.015339
0,89201.00,-4.014084,-1.517403,3.866833,-0.127296,-0.457627,0.055020
0,89224.00,-3.388567,-1.413848,3.647154,-0.154993,-0.068001,0.114143
0,89247.00,-3.302371,-1.484481,3.665111,-0.156857,0.171954,0.204959
0,89270.00,-3.620816,-1.377335,3.944050,-0.168842,0.377020,0.271805
0,89293.00,-3.862044,-1.413250,4.356472,-0.145672,0.718176,0.322938
0,89316.00,-3.016848,-2.050738,5.337546,-0.082021,1.529920,0.470214
0,89339.00,-3.080297,-2.688826,6.189327,-0.102262,1.723801,0.550642
0,89362.00,-3.358638,-2.933645,6.948926,-0.171505,1.907029,0.632136
0,89385.00,-3.605851,-2.932448,7.544514,-0.221307,2.144587,0.741061
0,89408.00,-3.658527,-3.133571,8.059294,-0.217312,2.344594,0.808706
0,89431.00,-3.894367,-3.289202,8.634530,-0.201865,2.444463,0.847589
0,89454.00,-4.297811,-3.109628,9.181034,-0.173369,2.512908,0.869694
0,89477.00,-4.947870,-3.821341,10.594882,-0.006919,2.718241,0.828947
0,89500.00,-4.806006,-3.687857,10.875018,0.009060,2.834090,0.811370
0,89523.00,-4.595306,-3.413108,10.736148,0.065786,2.892414,0.838002
0,89546.00,-5.051425,-3.711800,10.942060,0.163526,2.792278,0.862769
0,89569.00,-5.841551,-4.045808,11.517296,0.198946,2.695071,0.827882
0,89592.00,-6.097145,-3.959613,11.856691,0.179505,2.788815,0.763432
0,89615.00,-4.597700,-5.542860,12.797062,0.167254,2.886821,0.779411
0,89638.00,-4.048801,-6.140243,12.957481,-0.025828,2.629290,0.806043
0,89661.00,-3.867431,-5.886445,12.755759,-0.275103,2.295324,0.863302
0,89684.00,-3.597471,-5.147197,12.229607,-0.418916,1.965886,0.863568
0,89707.00,-3.427474,-4.504322,11.671729,-0.389088,1.594902,0.746121
0,89730.00,-2.861815,-4.027851,12.003344,-0.206659,1.179709,0.526673
0,89753.00,-3.471171,-4.042217,10.795407,0.117985,0.706192,0.370343
0,89776.00,-4.188869,-5.919965,11.176105,0.431710,0.051044,-0.029137
0,89799.00,-3.758490,-6.012147,11.209625,0.306806,-0.056549,-0.165493
0,89822.00,-3.348462,-5.626661,11.040825,0.147547,-0.208085,-0.229676
0,89845.00,-3.001883,-5.071776,11.158147,0.044214,-0.530865,-0.266694
0,89868.00,-3.396348,-4.570165,11.178499,0.015186,-0.952983,-0.315697
0,89891.00,-4.157145,-4.565975,11.284448,0.063390,-1.309053,-0.380413
0,89914.00,-4.670128,-4.707241,11.658561,0.078303,-1.647279,-0.577490
0,89937.00,-4.525272,-4.389394,11.741763,0.105202,-1.804941,-0.678425
0,89960.00,-4.378620,-4.566574,11.966231,0.192288,-2.034509,-0.770306
0,89983.00,-4.817379,-5.079558,12.226614,0.246884,-2.312015,-0.847539
0,90006.00,-5.330962,-5.093924,12.534883,0.227443,-2.551703,-0.919179
0,90029.00,-5.700885,-4.787450,12.322986,0.185098,-2.664090,-0.956464
0,90052.00,-5.916374,-4.865864,12.282282,0.176043,-2.718153,-1.017451
0,90075.00,-5.262125,-3.606450,10.999523,0.170983,-2.817224,-1.059529
0,90098.00,-5.331560,-3.587894,10.495518,0.281239,-2.984473,-1.016119
0,90121.00,-5.686519,-3.860248,9.972957,0.322519,-3.100589,-0.950072
0,90144.00,-5.652998,-3.663315,9.142725,0.258070,-2.998588,-0.821706
0,90167.00,-5.301033,-3.499304,8.338232,0.153938,-2.800978,-0.649130
0,90190.00,-4.926321,-3.168289,7.570253,0.016251,-2.631066,-0.497594
0,90213.00,-4.732979,-2.874386,6.951320,-0.105724,-2.493645,-0.369228
0,90236.00,-4.579144,-1.591028,5.984612,-0.226633,-2.140504,-0.200114
0,90259.00,-4.911955,-1.299519,6.275522,-0.124899,-1.900816,-0.200913
0,90282.00,-4.336719,-0.808683,6.031301,0.049541,-1.499472,-0.270955
0,90305.00,-2.809140,-0.984666,5.463847,0.301480,-1.082947,-0.269091
0,90328.00,-1.782574,-1.615570,5.140014,0.470060,-1.008377,-0.232872
0,90351.00,-1.987887,-1.972324,4.829949,0.449820,-1.201992,-0.190527
0,90374.00,-3.650146,-1.848418,4.867660,0.149944,-0.735932,0.018535
0,90397.00,-2.239291,-1.316878,4.237354,0.057264,-0.071197,0.163146
0,90420.00,-1.106178,-1.396489,3.903346,0.076173,0.292330,0.293643
0,90443.00,-0.847591,-1.751448,3.763278,0.092152,0.347991,0.373273
0,90466.00,-1.727505,-2.454780,3.986549,0.057264,0.380482,0.469415
0,90489.00,-2.937237,-3.159310,4.622840,-0.076162,0.627894,0.585796
0,90512.00,-3.268850,-3.306561,5.337546,-0.281229,1.182639,0.708037
0,90535.00,-1.621556,-2.641538,6.156405,-0.413324,2.271888,0.806043
0,90558.00,-1.325258,-2.879773,6.242002,-0.278832,2.363769,0.798586
0,90581.00,-2.090245,-3.392757,6.825020,-0.153129,2.227412,0.850519
0,90604.00,-4.568968,-4.436083,8.683614,-0.111050,2.123814,0.891266
0,90627.00,-5.304624,-4.363655,9.938239,-0.236221,2.546997,0.754377
0,90650.00,-4.172708,-3.902149,9.938838,-0.292947,3.229842,0.772487
0,90673.00,-3.952430,-4.693473,10.502701,-0.264983,2.895610,0.918697
0,90696.00,-6.057639,-4.185876,11.591519,-0.332895,2.547796,0.934410
0,90719.00,-6.531715,-3.767468,11.838734,-0.267114,2.804528,0.896858
0,90742.00,-5.366877,-4.245735,11.452649,-0.125431,3.118786,0.929083
0,90765.00,-4.794633,-5.312406,11.328144,-0.092940,2.973908,0.969031
0,90788.00,-5.416559,-5.904402,11.929119,-0.272440,2.547796,0.974624
0,90811.00,-6.073801,-5.135226,11.887817,-0.494551,2.410108,1.042536
0,90834.00,-4.675516,-4.987376,10.919313,-0.487893,2.404516,1.110980
0,90857.00,-4.896392,-4.840126,10.729563,-0.465789,1.993317,1.024160
0,90880.00,-5.617682,-4.415731,10.761288,-0.402404,1.660950,0.887537
0,90903.00,-5.369271,-3.922501,10.741535,-0.229296,1.578124,0.689395
0,90926.00,-4.250523,-3.827925,10.608650,0.052204,1.493434,0.428934
0,90949.00,-2.633756,-3.618422,10.198023,0.350216,1.191960,0.155689
0,90972.00,-3.168289,-5.269907,10.634389,0.643169,0.638813,-0.023278
0,90995.00,-3.815953,-6.625692,10.921109,0.527852,-0.170268,-0.224616
0,91018.00,-3.876410,-6.666995,11.113853,0.253808,-0.370008,-0.203310
0,91041.00,-3.651344,-6.072604,10.974981,-0.015441,-0.564688,-0.179608
0,91064.00,-3.746518,-4.981989,10.565552,-0.164847,-0.847786,-0.209968
0,91087.00,-4.233164,-4.911955,10.851673,-0.098267,-1.195334,-0.319692
0,91110.00,-4.625235,-5.336947,11.200646,0.004266,-1.447007,-0.437672
0,91133.00,-4.838330,-5.626062,11.344306,0.074042,-1.886169,-0.681887
0,91156.00,-5.230999,-5.396806,11.462226,0.068450,-2.142102,-0.803329
0,91179.00,-5.451276,-5.318990,11.648385,0.101207,-2.345038,-0.908792
0,91202.00,-5.543458,-5.261526,11.472402,0.136095,-2.514951,-0.975372
0,91225.00,-5.697293,-5.230400,11.359270,0.159531,-2.694717,-1.015320
0,91248.00,-5.877466,-5.113677,11.229977,0.167787,-2.864629,-1.053404
0,91271.00,-6.109715,-5.020298,10.999523,0.169385,-2.977016,-1.069650
0,91294.00,-5.741588,-4.476188,9.717362,0.125176,-2.950650,-0.961257
0,91317.00,-5.629055,-4.241544,8.958363,0.060726,-2.956776,-0.866980
0,91340.00,-5.912184,-4.053590,8.341824,-0.045535,-2.929611,-0.749000
0,91363.00,-5.987006,-3.607049,7.563070,-0.175766,-2.753573,-0.602790
0,91386.00,-5.624266,-2.949807,6.606538,-0.278832,-2.482193,-0.435808
0,91409.00,-5.237583,-2.278199,5.773313,-0.329166,-2.263012,-0.286935
0,91432.00,-5.266315,-1.689794,5.083748,-0.317182,-2.110943,-0.172417
0,91455.00,-5.539268,-1.057094,4.246932,-0.212518,-1.554334,-0.098380
0,91478.00,-5.239379,-1.015193,4.025457,-0.118773,-1.102122,-0.074145
0,91501.00,-4.703649,-1.186986,3.869227,-0.031420,-0.674678,-0.073879
0,91524.00,-4.344501,-1.109769,3.741729,0.015718,-0.357491,-0.067221
0,91547.00,-4.152955,-1.301913,3.765673,0.066585,-0.086910,-0.031267
0,91570.00,-4.018274,-1.578458,3.848875,0.092685,0.226816,0.075527
0,91593.00,-4.368443,-2.391331,4.492350,-0.010914,0.857195,0.324270
0,91616.00,-4.343303,-1.941198,4.744352,-0.115578,1.251349,0.411889
0,91639.00,-4.167320,-1.816095,5.177126,-0.084152,1.666809,0.505102
0,91662.00,-4.121828,-2.482914,6.025316,0.019979,1.984795,0.576742
0,91685.00,-4.366049,-3.095262,6.954313,0.062058,2.196786,0.625745
0,91708.00,-4.576750,-3.287406,7.610358,0.056465,2.376019,0.659833
0,91731.00,-4.560588,-3.083889,8.012006,0.057264,2.548062,0.685667
0,91754.00,-4.718614,-3.429270,8.867976,0.210931,2.666308,0.764764
0,91777.00,-4.773084,-4.010492,8.933222,0.253542,2.686548,0.859041
0,91800.00,-5.020897,-4.374429,8.833259,0.216524,2.661515,1.028154
0,91823.00,-6.201298,-4.949067,9.275011,0.105734,2.537409,1.189811
0,91846.00,-7.715109,-5.476417,10.110630,-0.098000,2.544333,1.237482
0,91869.00,-8.550130,-5.475818,10.837308,-0.341683,2.817844,1.310187
0,91892.00,-7.607964,-5.367475,11.765707,-0.610933,3.379514,1.529369
0,91915.00,-7.023748,-5.278885,12.081758,-0.622651,3.232505,1.500606
0,91938.00,-5.963063,-4.378620,11.994964,-0.559800,2.952602,1.282490
0,91961.00,-4.580940,-2.856428,11.451451,-0.267646,2.575493,0.938937
0,91984.00,-2.297354,-1.370750,9.773031,0.297485,2.031934,0.500041
0,92007.00,-3.892572,-3.924895,11.674723,1.152639,1.187432,0.256891
0,92030.00,-3.261069,-5.536275,10.466187,1.353444,0.456916,-0.133534
0,92053.00,-4.800619,-7.412228,11.151563,0.757953,0.123483,-0.060563
0,92076.00,-4.106863,-7.382897,11.147372,0.274581,0.301652,0.087245
0,92099.00,-3.313145,-6.537701,10.904348,-0.151797,0.227348,0.145836
0,92122.00,-3.126987,-5.759546,10.727767,-0.359527,-0.125260,0.110415
0,92145.00,-3.723173,-5.330962,10.807379,-0.373642,-0.596913,0.000425
0,92168.00,-4.467209,-4.897589,10.684071,-0.299072,-1.029949,-0.232872
0,92191.00,-5.043044,-4.744951,10.483546,-0.155259,-1.351664,-0.493066
0,92214.00,-5.254942,-5.312406,10.478758,0.150210,-1.650742,-0.847006
0,92237.00,-5.307018,-5.712258,10.688261,0.198680,-1.861933,-0.933560
0,92260.00,-5.730215,-5.909790,10.991143,0.156069,-2.124259,-1.014255
0,92283.00,-6.202496,-5.632048,10.939665,0.090022,-2.293638,-1.059796
0,92306.00,-6.239607,-5.483001,10.906144,0.073510,-2.382057,-1.105336
0,92329.00,-6.076794,-5.496768,10.636783,0.056465,-2.492846,-1.151676
0,92352.00,-6.758577,-5.055614,10.312352,-0.041807,-2.739192,-1.163927
0,92375.00,-6.860336,-4.771887,10.100454,-0.063113,-2.748247,-1.133034
0,92398.00,-6.648438,-4.118237,9.349236,-0.068173,-2.714424,-1.108000
0,92421.00,-6.219256,-3.489727,8.516609,-0.020235,-2.703239,-1.092287
0,92444.00,-5.961866,-3.141353,7.637893,0.068450,-2.693918,-1.055268
0,92467.00,-5.964859,-3.214978,7.082409,0.137160,-2.632930,-0.996412
0,92490.00,-6.103131,-3.392757,6.784915,0.116654,-2.438783,-0.895476
0,92513.00,-5.230400,-2.988714,5.922359,-0.149667,-1.774314,-0.611845
0,92536.00,-4.497737,-2.317705,5.220823,-0.251667,-1.538887,-0.485610
0,92559.00,-4.243939,-1.665851,4.624636,-0.245542,-1.465915,-0.380147
0,92582.00,-4.657558,-1.664055,4.418126,-0.141144,-1.367910,-0.299984
0,92605.00,-4.931708,-2.054928,4.406753,-0.055389,-1.080817,-0.245389
0,92628.00,-4.746747,-2.137532,4.161335,-0.048998,-0.665623,-0.171618
0,92651.00,-3.826728,-1.780180,3.752504,-0.062580,-0.011541,0.010545
0,92674.00,-3.901551,-1.902889,3.781236,-0.030621,0.188732,0.080321
0,92697.00,-4.561785,-2.160877,4.084716,-0.021300,0.397527,0.131721
0,92720.00,-5.263322,-2.473935,4.676713,-0.042073,0.764516,0.217742
0,92743.00,-4.987376,-2.445802,5.195683,-0.094272,1.264665,0.293910
0,92766.00,-4.214608,-1.911269,5.402193,-0.098267,1.687049,0.368213
0,92789.00,-3.995528,-2.083660,5.844544,0.016783,1.855896,0.407096
0,92812.00,-5.791270,-3.243710,7.820460,0.147014,2.012492,0.473942
0,92835.00,-5.814016,-3.033608,8.460941,0.125442,2.377883,0.500574
0,92858.00,-4.813189,-2.611010,8.657276,0.185630,2.697468,0.518950
0,92881.00,-4.309184,-2.943821,9.052340,0.327845,2.721703,0.530402
0,92904.00,-4.925124,-3.602260,9.761059,0.413068,2.513973,0.514423
0,92927.00,-5.576979,-3.915916,10.552981,0.407475,2.449524,0.529603
0,92950.00,-5.335152,-4.019471,10.904348,0.373653,2.619702,0.588193
0,92973.00,-4.176299,-4.756324,11.228181,0.213594,2.621833,0.736001
0,92996.00,-4.761711,-5.052023,11.428705,0.068716,2.360040,0.808440
0,93018.00,-5.385433,-5.193887,11.599899,-0.086016,2.235668,0.893663
0,93041.00,-5.268709,-5.016108,11.730989,-0.227698,2.258572,0.953851
0,93064.00,-4.548018,-4.661150,11.522683,-0.296409,2.253246,0.953585
0,93087.00,-3.776447,-4.306191,11.166527,-0.269511,2.043385,0.900587
0,93110.00,-3.562155,-4.658157,12.620481,-0.157124,1.637247,0.809239
0,93133.00,-3.957218,-4.876040,10.878610,-0.042073,1.012194,0.525874
0,93156.00,-3.632189,-5.102304,11.219801,0.027436,0.848939,0.408694
0,93179.00,-2.898329,-5.102902,10.810371,0.079102,0.583685,0.220938
0,93202.00,-2.950405,-5.323779,10.958221,0.160330,0.177014,0.039041
0,93225.00,-3.197619,-6.000175,11.264694,0.201077,-0.234185,-0.085863
0,93248.00,-3.630992,-6.087568,11.300610,0.097212,-0.518881,-0.163096
0,93271.00,-3.766870,-5.155578,11.013889,-0.011713,-0.929813,-0.366298
0,93294.00,-3.924297,-5.178324,11.241948,0.051139,-1.212911,-0.486675
0,93317.00,-4.243939,-5.201668,11.334130,0.112659,-1.465117,-0.592937
0,93340.00,-4.567173,-5.313603,11.498739,0.169651,-1.676308,-0.694671
0,93363.00,-4.732979,-5.540465,11.737574,0.184832,-1.859270,-0.823570
0,93386.00,-4.940687,-5.454269,11.820177,0.152074,-2.036639,-0.899737
0,93409.00,-4.968222,-5.418355,11.740566,0.135562,-2.220400,-0.941550
0,93432.00,-5.196879,-5.056213,11.325749,0.120915,-2.729338,-1.001472
0,93455.00,-5.682329,-4.993961,11.105472,0.094815,-2.956509,-1.001738
0,93478.00,-6.025914,-4.722205,10.734950,0.037024,-3.027883,-0.949007
0,93501.00,-6.060033,-4.358268,10.108834,-0.023697,-3.028682,-0.913320
0,93524.00,-6.396436,-3.906938,9.580886,-0.072966,-3.062505,-0.875236
0,93547.00,-6.402421,-3.371806,8.911075,-0.089478,-2.981810,-0.837951
0,93570.00,-5.830777,-2.874386,7.280540,-0.005055,-2.593515,-0.718640
0,93593.00,-5.453671,-2.628968,6.560447,0.004799,-2.411618,-0.662180
0,93616.00,-5.283075,-2.299748,5.939120,0.007995,-2.188975,-0.577756
0,93639.00,-4.953856,-1.993274,5.405784,0.013588,-1.912268,-0.507714
0,93662.00,-4.551011,-1.619760,4.974207,0.025306,-1.630768,-0.437938
0,93685.00,-4.400767,-1.610183,4.636608,0.066053,-1.352197,-0.367097
0,93708.00,-4.230770,-1.809510,4.508512,0.074309,-1.061641,-0.291196
0,93731.00,-4.057780,-1.306104,4.152955,-0.039410,-0.462421,-0.105571
0,93754.00,-3.875213,-1.008010,3.991936,-0.025828,-0.147098,0.000691
0,93777.00,-3.625006,-1.279167,3.883593,0.034893,0.147186,0.097099
0,93800.00,-3.523247,-1.589232,3.805179,0.056465,0.423094,0.223335
0,93823.00,-3.715990,-1.816693,3.851868,0.031165,0.672369,0.360490
0,93846.00,-4.299008,-1.997465,4.278656,-0.017305,0.931499,0.485127
0,93869.00,-4.881427,-2.159081,4.743155,-0.067906,1.309940,0.583400
0,93892.00,-4.725796,-2.377563,5.828981,-0.078293,2.113161,0.772753
0,93915.00,-4.978996,-2.603228,6.940546,-0.051927,2.358708,0.830278
0,93938.00,-5.244167,-2.899526,8.205946,-0.016507,2.598929,0.874221
0,93961.00,-4.990968,-3.654935,9.274413,0.031431,2.883093,0.953318
0,93984.00,-4.712029,-4.783260,10.411716,0.014387,2.991485,1.062510
0,94007.00,-4.898188,-5.166951,11.377827,-0.132888,2.902534,1.148531
0,94030.00,-4.744951,-4.029647,10.870829,-0.249537,2.805594,1.268641
0,94053.00,-5.338145,-4.920934,11.195858,-0.126230,2.561378,1.271571
0,94076.00,-5.899613,-5.047235,11.508317,-0.122768,2.389601,1.190343
0,94099.00,-5.887043,-4.613862,11.365256,-0.082288,2.498527,1.134416
0,94122.00,-5.047235,-5.014911,11.303003,0.046079,2.585613,1.062243
0,94145.00,-4.872449,-5.607506,11.313778,0.103338,2.414103,0.994598
0,94168.00,-5.433918,-5.581767,11.378425,0.051671,2.139793,0.909642
0,94191.00,-4.902378,-5.098712,11.460430,-0.012778,2.075078,0.695520
0,94214.00,-4.167919,-5.305821,12.084750,0.011457,1.909426,0.560230
0,94237.00,-3.722575,-4.863470,10.888785,0.087092,1.482515,0.448642
0,94260.00,-2.978539,-4.432492,10.190841,0.167521,0.965588,0.246771
0,94283.00,-3.987148,-4.906568,10.443441,0.304676,0.488875,0.134916
0,94306.00,-4.245735,-5.180718,10.065737,0.302279,0.198319,-0.020881
0,94329.00,-4.436682,-5.276491,9.996900,0.230905,0.045984,-0.089325
0,94352.00,-4.272671,-4.974806,10.137567,-0.031953,-0.251762,-0.148448
0,94375.00,-4.115842,-4.316966,9.970563,-0.108653,-0.415282,-0.186532
0,94398.00,-4.151757,-4.592911,10.048977,-0.054058,-0.627273,-0.256042
0,94421.00,-4.418126,-4.984384,10.250698,-0.036481,-0.888001,-0.365499
0,94444.00,-4.852695,-5.330962,10.660727,-0.079624,-1.099725,-0.449390
0,94467.00,-4.831147,-5.070579,10.874419,-0.158189,-1.208916,-0.510111
0,94490.00,-4.344501,-4.497737,10.942060,-0.057520,-1.651807,-0.696801
0,94513.00,-4.757521,-4.911356,11.280856,0.049008,-2.022258,-0.789214
0,94536.00,-5.466840,-5.433319,11.402966,0.080434,-2.299231,-0.835022
0,94559.00,-5.891832,-5.721237,11.659758,0.040220,-2.444109,-0.856860
0,94582.00,-5.960669,-5.222020,11.265293,-0.083087,-2.524804,-0.873372
0,94605.00,-5.882255,-4.668333,10.955228,-0.126230,-2.628137,-0.897340
0,94628.00,-5.943909,-4.403760,10.684669,-0.104392,-2.774080,-0.940484
0,94651.00,-6.488617,-4.149363,9.972358,-0.003191,-2.902180,-0.954067
0,94674.00,-6.341965,-3.853664,9.325293,-0.006653,-2.821219,-0.948208
0,94697.00,-6.109715,-3.461593,8.721923,-0.011979,-2.722680,-0.933027
0,94720.00,-5.747574,-2.867801,8.018590,0.003734,-2.615619,-0.904265
0,94743.00,-5.582366,-2.690023,7.525360,0.062857,-2.501368,-0.848870
0,94766.00,-5.348320,-2.821112,7.212302,0.093750,-2.378328,-0.813716
0,94789.00,-4.635411,-1.772997,5.697293,0.082298,-1.953548,-0.625694
0,94812.00,-4.375627,-1.518001,5.176528,0.147547,-1.787364,-0.529819
0,94835.00,-4.463618,-1.521593,4.828154,0.209866,-1.624909,-0.447792
0,94858.00,-4.582736,-1.753842,4.756324,0.223981,-1.358056,-0.371092
0,94881.00,-4.282846,-1.603000,4.391190,0.176576,-0.961771,-0.272021
0,94904.00,-3.837502,-1.491065,4.012288,0.151009,-0.590787,-0.164960
0,94927.00,-3.854263,-1.711343,3.947043,0.132633,-0.332457,-0.054437
0,94950.00,-3.939860,-1.500642,4.117040,-0.005321,0.342398,0.105888
0,94973.00,-3.420890,-1.412651,4.082921,0.049541,0.746673,0.197768
0,94996.00,-3.156317,-1.906480,4.360662,0.147547,1.009531,0.284056
0,95019.00,-3.338286,-2.517631,4.866463,0.185897,1.213265,0.377534
0,95042.00,-3.996126,-3.267653,5.805038,0.139557,1.470797,0.488057
0,95065.00,-4.420520,-3.706413,6.826217,-0.004788,1.843379,0.573812
0,95088.00,-4.250523,-3.371806,7.562471,-0.156591,2.307575,0.670753
0,95111.00,-3.800390,-3.124593,8.510624,-0.121703,2.757922,0.718690
0,95134.00,-4.542631,-3.469375,9.188217,-0.029290,2.714512,0.740795
0,95157.00,-5.375257,-3.711800,10.025632,0.025306,2.740878,0.729077
0,95180.00,-5.804439,-3.859051,10.873222,0.049275,2.929699,0.713364
0,95203.00,-5.487790,-4.073942,11.355081,0.057797,3.154473,0.704842
0,95226.00,-4.910758,-4.138588,11.254519,0.048742,3.215993,0.734403
0,95249.00,-5.604513,-4.479780,11.681307,-0.035149,2.765113,0.870226
0,95272.00,-5.892431,-4.796429,12.124855,-0.113713,2.698267,0.935741
0,95295.00,-5.400996,-5.000545,12.106299,-0.213317,2.733155,0.993799
0,95318.00,-4.637207,-5.250752,11.929718,-0.307861,2.635415,1.044666
0,95341.00,-4.156546,-5.375855,11.744757,-0.401605,2.317163,1.053987
0,95364.00,-4.259502,-5.634442,11.894402,-0.486562,1.941118,1.005517
0,95387.00,-3.959014,-5.595534,11.954858,-0.556870,1.682788,0.901386
0,95410.00,-2.312318,-4.976602,10.872624,-0.393616,1.146952,0.573546
0,95433.00,-2.414077,-5.257935,11.486768,-0.091875,0.552259,0.398041
0,95456.00,-2.350627,-5.723631,11.068360,0.063123,-0.076789,0.115209
0,95479.00,-3.638175,-6.453899,11.680110,0.150743,-0.498108,-0.036860
0,95502.00,-3.811165,-6.247988,11.581344,0.078836,-0.637660,-0.201180
0,95525.00,-3.322124,-5.825988,11.511310,0.030366,-0.741791,-0.350319
0,95548.00,-3.408320,-5.278286,11.634019,0.139557,-1.454197,-0.628623
0,95571.00,-4.190665,-5.542860,12.009329,0.217589,-1.858738,-0.753794
0,95594.00,-4.817978,-5.757151,12.340943,0.234633,-2.118400,-0.872573
0,95617.00,-4.883822,-5.384235,12.224818,0.205871,-2.274463,-0.959659
0,95640.00,-4.923328,-5.111282,12.064399,0.222649,-2.513619,-1.025440
0,95663.00,-5.388425,-5.061600,12.161967,0.259934,-2.832937,-1.088026
0,95686.00,-5.969049,-4.841921,12.093130,0.283370,-3.055847,-1.135697
0,95709.00,-6.044470,-4.735373,11.584336,0.321454,-3.103784,-1.174047
0,95732.00,-5.858910,-4.491153,11.148570,0.313997,-3.120030,-1.167655
0,95755.00,-5.608105,-4.160736,10.625410,0.304143,-3.141335,-1.141290
0,95778.00,-5.451276,-3.882994,10.073519,0.309469,-3.165038,-1.083232
0,95801.00,-5.327969,-3.531029,9.385150,0.304143,-3.153054,-1.024109
0,95824.00,-5.308814,-3.147937,8.512420,0.301213,-3.059575,-0.944479
0,95847.00,-5.002341,-2.801359,7.577436,0.296686,-2.869955,-0.852865
0,95870.00,-4.267882,-2.118378,5.940916,0.259934,-2.415879,-0.659250
0,95893.00,-4.140384,-2.000458,5.366278,0.258602,-2.153820,-0.550325
0,95916.00,-3.894966,-1.907079,4.783859,0.217855,-1.852080,-0.469364
0,95939.00,-3.717786,-1.676625,4.277459,0.154737,-1.505331,-0.386538
0,95962.00,-3.603457,-1.564691,4.003908,0.104935,-1.141804,-0.302381
0,95985.00,-3.592084,-1.592225,3.898558,0.058329,-0.763363,-0.230208
0,96008.00,-2.872590,-1.377335,3.404130,-0.020235,0.100846,-0.021680
0,96031.00,-2.744493,-1.618563,3.462192,-0.036747,0.419099,0.097898
0,96054.00,-3.084487,-1.762222,3.900952,-0.105457,0.684886,0.183120
0,96077.00,-3.529832,-1.907677,4.476188,-0.178962,1.043087,0.269941
0,96100.00,-3.518459,-1.969331,5.210647,-0.238085,1.501690,0.347706
0,96123.00,-3.167092,-1.928029,5.824791,-0.251135,1.941651,0.439587
0,96146.00,-2.809140,-2.380556,6.430555,-0.211986,2.239930,0.524543
0,96169.00,-4.133201,-3.006073,7.568457,-0.239150,2.330212,0.710434
0,96192.00,-5.331560,-2.977940,8.663261,-0.291882,2.499592,0.757839
0,96215.00,-5.663174,-2.831288,9.574901,-0.282827,2.941683,0.775416
0,96238.00,-4.724000,-2.852238,9.858628,-0.188816,3.386438,0.782607
0,96261.00,-4.201439,-3.456206,10.245910,-0.078559,3.420261,0.832143
0,96284.00,-4.990369,-3.730955,10.866638,-0.063645,3.137429,0.841996
0,96307.00,-6.399429,-4.242742,12.005139,-0.094272,3.193356,0.886472
0,96330.00,-5.341137,-4.358866,11.832150,-0.164581,3.399487,0.946660
0,96353.00,-4.925723,-5.076565,12.276895,-0.216247,3.231173,1.044134
0,96376.00,-5.125648,-5.110684,12.595939,-0.342482,2.893746,1.082750
0,96399.00,-5.007728,-4.856885,12.598332,-0.409329,2.667906,1.095267
0,96422.00,-4.031443,-4.552806,11.972218,-0.379501,2.486276,1.092071
0,96445.00,-3.715990,-5.128642,11.869261,-0.287088,2.084665,1.060379
0,96468.00,-4.224784,-5.563810,12.289465,-0.303333,1.362671,0.812968
0,96491.00,-3.185049,-5.073572,11.778276,-0.269511,1.231642,0.654773
0,96514.00,-2.270417,-5.190894,11.582541,-0.146204,0.894747,0.482464
0,96537.00,-2.527807,-5.803841,11.062374,-0.040209,0.344795,0.319210
0,96560.00,-3.510677,-5.926550,12.514531,0.061792,-0.174795,0.135982
0,96583.00,-3.323920,-5.476417,11.909366,0.047677,-0.374535,-0.099445
0,96606.00,-2.875583,-5.192091,11.869860,0.115588,-0.554568,-0.230208
0,96629.00,-3.386172,-5.543458,12.103905,0.191756,-1.421973,-0.537808
0,96652.00,-4.247530,-5.509339,12.232001,0.170450,-1.782570,-0.657919
0,96675.00,-4.553405,-5.192689,12.158376,0.146748,-1.972989,-0.737815
0,96698.00,-4.598897,-4.992764,12.020702,0.166455,-2.171664,-0.799068
0,96721.00,-5.031073,-5.265118,12.240381,0.193087,-2.472606,-0.874970
0,96744.00,-5.618879,-5.291455,12.458264,0.174711,-2.722680,-0.949539
0,96767.00,-5.784088,-4.644390,12.008132,0.167787,-2.916561,-1.055535
0,96790.00,-5.438706,-4.303797,11.720215,0.218388,-3.053982,-1.092819
0,96813.00,-5.560817,-3.965000,11.429903,0.299882,-3.243603,-1.102940
0,96836.00,-5.591344,-3.708807,10.802590,0.381642,-3.349332,-1.093885
0,96859.00,-5.453671,-3.808770,10.044786,0.445559,-3.341608,-1.014255
0,96882.00,-5.203464,-3.795003,9.067903,0.399752,-3.267571,-0.896275
0,96905.00,-5.195683,-3.606450,8.126334,0.268190,-3.153320,-0.766844
0,96928.00,-5.199274,-2.383549,6.439534,-0.049264,-2.621745,-0.494398
0,96951.00,-4.825161,-2.199186,5.823594,-0.106256,-2.228124,-0.355645
0,96974.00,-4.420520,-2.130948,5.333955,-0.160319,-1.883772,-0.255509
0,96997.00,-4.176898,-1.529973,4.909561,-0.216513,-1.623843,-0.215827
0,97020.00,-4.225981,-1.091213,4.774282,-0.173902,-1.361518,-0.200381
0,97043.00,-3.945845,-0.792521,4.545025,-0.066575,-1.018764,-0.206240
0,97066.00,-3.468776,-0.879315,4.416330,0.078836,-0.678673,-0.182005
0,97089.00,-3.268850,-1.853207,4.334923,0.181103,-0.268274,-0.046714
0,97112.00,-3.819545,-1.883136,4.385802,0.068183,-0.021129,0.047830
0,97135.00,-4.075139,-1.592824,4.477386,-0.048731,0.414039,0.138112
0,97158.00,-3.625006,-1.356384,4.537842,-0.096403,0.955201,0.219606
0,97181.00,-3.124593,-1.507825,4.770690,-0.071635,1.382112,0.297904
0,97204.00,-3.260470,-2.062710,5.335152,-0.047666,1.611148,0.354897
0,97227.00,-4.550412,-2.555342,7.066248,-0.151531,2.165094,0.440119
0,97250.00,-4.426506,-2.492491,7.713912,-0.163782,2.612778,0.494715
0,97273.00,-4.066759,-2.648721,8.153870,-0.113181,2.956863,0.534130
0,97296.00,-4.109857,-2.677453,8.774598,-0.062846,3.051407,0.533331
0,97319.00,-4.647981,-2.522420,9.304342,0.002669,3.051940,0.534397
0,97342.00,-5.365081,-2.912096,9.907711,0.107599,3.116656,0.549843
0,97365.00,-5.860107,-3.625605,10.976777,0.146748,3.234902,0.586595
0,97388.00,-4.970616,-4.083519,11.517296,-0.010381,3.496695,0.717891
0,97411.00,-5.080156,-4.434886,11.842325,-0.115844,3.289497,0.843328
0,97434.00,-5.869086,-5.064593,12.843152,-0.257793,3.006665,0.961841
0,97457.00,-5.720039,-4.752733,13.018537,-0.452206,2.971245,1.054520
0,97480.00,-4.686889,-4.726994,12.522313,-0.518786,2.974707,1.174098
0,97503.00,-3.833911,-5.459657,12.145207,-0.540891,2.663379,1.235618
0,97526.00,-4.711431,-4.775479,11.917148,-0.723054,1.648432,1.159983
0,97549.00,-4.442069,-4.488759,11.856691,-0.621586,1.505685,1.023094
0,97572.00,-3.316138,-4.533053,11.513105,-0.411726,1.362937,0.829746
0,97595.00,-2.088449,-4.376824,10.605059,-0.188816,0.945081,0.578606
0,97618.00,-3.486734,-5.536873,11.886022,0.093750,0.284873,0.371409
0,97641.00,-3.519057,-5.355504,11.276666,0.146215,-0.163876,0.053955
0,97664.00,-4.121230,-5.918169,11.464621,0.218122,-0.369742,-0.071215
0,97687.00,-3.655534,-5.249555,11.293427,0.053269,-0.770553,-0.322355
0,97710.00,-3.998521,-4.956849,11.528668,0.030366,-1.130086,-0.453385
0,97733.00,-4.078731,-4.583933,11.519092,0.057264,-1.431826,-0.569500
0,97756.00,-4.328937,-4.806605,11.707046,0.146215,-1.743421,-0.661381
0,97779.00,-4.740162,-4.967024,11.859684,0.182435,-2.086441,-0.774833
0,97802.00,-5.452474,-4.987975,12.028483,0.187761,-2.354626,-0.873105
0,97825.00,-5.639231,-4.994559,12.019505,0.175777,-2.493911,-0.970579
0,97848.00,-5.456065,-4.656960,11.837537,0.196550,-2.788728,-1.040887
0,97871.00,-5.761342,-4.628826,11.936901,0.241291,-3.029215,-1.062459
0,97894.00,-6.158201,-4.361260,11.855494,0.284968,-3.170631,-1.086694
0,97917.00,-5.992992,-3.882396,11.255117,0.350483,-3.169299,-1.108000
0,97940.00,-5.624865,-3.776447,10.762486,0.449554,-3.168500,-1.120250
0,97963.00,-5.423742,-3.808172,10.208797,0.506813,-3.178354,-1.114658
0,97986.00,-5.128642,-3.053361,8.246650,0.468462,-3.036672,-1.008929
0,98009.00,-5.156176,-3.036002,7.416418,0.425585,-2.907773,-0.921043
0,98032.00,-5.165753,-2.640341,6.544884,0.304942,-2.685129,-0.829695
0,98055.00,-5.075367,-2.217144,5.811622,0.189093,-2.349832,-0.714911
0,98078.00,-4.681501,-1.963944,5.293850,0.108930,-1.948488,-0.597997
0,98101.00,-4.331332,-1.579057,4.840126,0.037823,-1.595613,-0.512774
0,98124.00,-3.944648,-1.082234,4.423513,-0.002125,-1.289878,-0.452586
0,98147.00,-3.800390,-1.189380,4.107462,0.069781,-0.689858,-0.249384
0,98170.00,-3.718983,-1.539550,4.047604,0.049275,-0.353762,-0.127942
0,98193.00,-3.688456,-1.661062,4.011091,-0.046068,-0.018732,-0.015022
0,98216.00,-3.810566,-1.497649,4.049999,-0.165646,0.314701,0.091506
0,98239.00,-3.738736,-1.172620,3.984155,-0.235422,0.702463,0.195637
0,98262.00,-3.586098,-1.137304,4.159539,-0.223704,1.092090,0.317346
0,98285.00,-4.133800,-2.202179,5.597929,-0.179228,1.718741,0.469415
0,98308.00,-4.647382,-2.579285,6.616115,-0.237552,2.099046,0.521613
0,98331.00,-4.690480,-2.694811,7.589407,-0.317448,2.548595,0.563159
0,98354.00,-4.327740,-2.462562,8.198763,-0.379767,2.913986,0.596183
0,98377.00,-4.255312,-2.445802,8.884737,-0.380832,3.061261,0.656904
0,98400.00,-4.731782,-2.131547,9.513845,-0.359793,3.079371,0.726946
0,98423.00,-5.288463,-1.981901,10.238128,-0.271641,3.139026,0.750382
0,98446.00,-5.008327,-2.806147,11.200047,-0.049797,3.404015,0.809505
0,98469.00,-5.060403,-3.339483,11.520887,0.016517,3.315863,0.867830
0,98492.00,-5.685920,-4.421119,12.324183,0.026904,3.105204,0.896059
0,98515.00,-5.710462,-4.384007,12.570798,-0.109719,3.041820,0.935475
0,98538.00,-5.193288,-4.266685,12.607910,-0.160586,3.037026,1.050525
0,98561.00,-4.466012,-4.797028,12.647416,-0.125698,2.886555,1.131220
0,98584.00,-4.108659,-5.377651,12.800653,-0.140345,2.506783,1.105387
0,98607.00,-4.073343,-5.875072,12.948503,-0.288686,1.846042,0.908044
0,98630.00,-2.966567,-5.693702,12.660585,-0.329433,1.619404,0.777014
0,98653.00,-2.360205,-5.569197,12.391822,-0.282560,1.201281,0.615891
0,98676.00,-2.228517,-5.829580,12.414568,-0.174967,0.673168,0.399106
0,98699.00,-2.461365,-6.182144,12.301436,-0.079891,0.185003,0.186316
0,98722.00,-2.985722,-6.060033,12.229009,-0.040209,-0.240843,-0.006233
0,98745.00,-3.920106,-5.216633,12.088941,0.027436,-0.810235,-0.469897
0,98768.00,-3.862044,-4.774880,12.062603,0.081766,-1.019030,-0.658984
0,98791.00,-3.672294,-4.497737,12.003942,0.160330,-1.320238,-0.802531
0,98814.00,-3.799193,-4.387000,11.990174,0.244221,-1.744220,-0.882160
0,98837.00,-4.593510,-4.622840,12.291860,0.303610,-2.193502,-0.919978
0,98860.00,-5.391418,-4.661150,12.458863,0.288164,-2.489650,-0.960725
0,98883.00,-5.628457,-4.522279,12.358900,0.255406,-2.595645,-0.983895
0,98906.00,-5.088536,-4.199644,11.755530,0.231171,-2.878211,-0.959659
0,98929.00,-5.445889,-4.387598,11.534056,0.229840,-3.121361,-0.925304
0,98952.00,-5.919965,-4.067956,11.255715,0.194419,-3.255587,-0.903732
0,98975.00,-6.066019,-3.558564,10.675093,0.187228,-3.174892,-0.886954
0,98998.00,-5.432122,-3.349060,9.709581,0.229840,-2.985538,-0.888552
0,99021.00,-4.750937,-3.199415,8.723719,0.269255,-2.899783,-0.822771
0,99044.00,-5.268709,-3.386771,8.147285,0.149677,-2.913099,-0.689877
0,99067.00,-5.042446,-2.697804,7.299695,0.020778,-2.589520,-0.608117
0,99090.00,-4.276262,-2.278798,6.345556,-0.024762,-2.235581,-0.505584
0,99113.00,-3.838101,-1.708350,5.475818,-0.046068,-2.066201,-0.412105
0,99136.00,-3.951233,-1.169627,4.935300,-0.013311,-1.993762,-0.357776
0,99159.00,-4.475590,-1.294731,4.815584,0.079369,-1.811333,-0.295723
0,99182.00,-4.458231,-1.583845,4.616855,0.119050,-1.419043,-0.224616
0,99205.00,-3.452016,-1.151071,3.638773,0.047677,-0.648845,-0.066422
0,99228.00,-3.821341,-1.449164,3.632189,0.042617,-0.414483,0.016138
0,99251.00,-4.272072,-1.488671,3.724969,-0.033817,-0.048559,0.114676
0,99274.00,-4.364852,-1.081037,3.775250,-0.117442,0.483016,0.213215
0,99297.00,-3.847080,-0.885301,3.845882,-0.119572,1.034565,0.286719
0,99320.00,-3.466981,-1.266597,4.284044,-0.072167,1.444431,0.371941
0,99343.00,-3.798594,-1.913663,5.129838,-0.066575,1.696104,0.458495
0,99366.00,-5.013115,-2.647523,7.375714,-0.236487,2.435675,0.694189
0,99389.00,-4.493547,-2.611609,7.842009,-0.309725,2.939819,0.806842
0,99412.00,-4.224784,-2.821711,8.243058,-0.323307,3.130238,0.907511
0,99435.00,-5.053819,-2.982130,9.081071,-0.330764,3.071647,0.998060
0,99458.00,-6.095350,-3.358039,10.634389,-0.324373,3.073245,1.033214
0,99481.00,-6.347352,-3.578317,11.519690,-0.306795,3.321189,1.048395
0,99504.00,-4.302001,-3.897360,11.599899,-0.210121,3.431979,1.115241
0,99527.00,-4.738965,-4.133800,11.968027,-0.153661,2.948075,1.124296
0,99550.00,-5.678737,-4.270875,12.281085,-0.108920,2.610115,1.111779
0,99573.00,-5.668561,-4.612665,12.254148,-0.054590,2.591206,1.092870
0,99596.00,-5.077762,-5.371067,12.143412,-0.031154,2.607451,1.106186
0,99619.00,-4.785655,-5.889438,12.144608,-0.120371,2.409842,1.095001
0,99642.00,-4.920934,-5.616485,12.111687,-0.280163,2.156571,1.048927
0,99665.00,-3.974577,-5.296244,12.060208,-0.310524,1.867348,0.880080
0,99688.00,-3.411313,-5.515325,12.281085,-0.235688,1.599696,0.720821
0,99711.00,-2.886956,-5.543458,12.467842,-0.156857,1.213798,0.479535
0,99734.00,-2.401507,-5.223217,12.155383,-0.030355,0.782626,0.239847
0,99757.00,-1.895706,-5.329166,12.036265,0.156602,0.222821,0.005751
0,99780.00,-2.295558,-6.072604,12.434321,0.288164,-0.413951,-0.162297
0,99803.00,-3.098255,-6.652030,12.609107,0.245286,-0.897056,-0.280543
0,99826.00,-4.154151,-5.555429,12.148799,-0.132089,-1.494145,-0.441134
0,99849.00,-4.621644,-4.448653,11.818382,-0.167776,-1.811066,-0.554586
0,99872.00,-4.974806,-3.987746,11.681307,-0.045269,-2.110677,-0.694937
0,99895.00,-5.450678,-4.683896,12.093130,0.139557,-2.365545,-0.820907
0,99918.00,-5.699687,-5.100508,12.321190,0.202941,-2.554899,-0.928234
0,99941.00,-5.631449,-4.685093,12.056617,0.180304,-2.742921,-1.025973
0,99964.00,-5.973838,-4.212812,11.381417,0.247150,-3.303524,-1.090955
0,99987.00,-6.086969,-4.233763,10.925898,0.260733,-3.506460,-1.064856
0,100010.00,-5.967852,-3.730955,9.992710,0.215458,-3.583960,-0.965252
0,100033.00,-5.587753,-2.956391,8.873962,0.185098,-3.619647,-0.852865
0,100056.00,-5.958274,-3.018644,8.254431,0.202409,-3.627370,-0.689611
0,100079.00,-6.598157,-3.479551,7.976091,0.127306,-3.416178,-0.525824
0,100102.00,-6.288093,-2.860020,7.059663,-0.079358,-2.909371,-0.396659
0,100125.00,-4.701254,-1.507825,5.348919,-0.256195,-2.043830,-0.165226
0,100148.00,-4.649178,-1.385116,5.046636,-0.219975,-1.874983,-0.099712
0,100171.00,-4.937694,-1.201352,4.811393,-0.184288,-1.650475,-0.046181
0,100194.00,-4.927518,-1.193570,4.666537,-0.136617,-1.253392,0.029986
0,100217.00,-4.333127,-1.206739,4.348092,-0.096935,-0.800914,0.101360
0,100240.00,-4.027851,-1.201352,4.125420,-0.079624,-0.474139,0.163679
0,100263.00,-4.570764,-1.494058,4.465414,-0.029556,0.119489,0.239847
0,100286.00,-4.560588,-1.730497,4.670727,-0.042872,0.618306,0.315215
0,100309.00,-4.254115,-1.802926,4.984982,-0.090810,1.101677,0.378866
0,100332.00,-4.066160,-1.370750,5.181316,-0.130225,1.444698,0.369278
0,100355.00,-4.427703,-1.370152,5.706272,-0.052460,1.715013,0.372208
0,100378.00,-4.770690,-1.844826,6.531116,0.065520,2.042853,0.413221
0,100401.00,-4.741958,-2.290171,7.239238,0.132100,2.383743,0.463023
0,100424.00,-5.053220,-2.862414,8.622559,0.098277,2.818910,0.541055
0,100447.00,-5.481205,-3.258675,9.407298,0.078836,2.993349,0.585264
0,100470.00,-5.753560,-3.686061,9.996900,0.034627,3.213063,0.643854
0,100493.00,-5.639231,-3.610042,10.376999,-0.045003,3.381378,0.712032
0,100516.00,-5.580570,-3.699829,10.799597,-0.076162,3.410407,0.785537
0,100539.00,-5.520712,-4.179891,11.228780,-0.060716,3.357675,0.873689
0,100562.00,-5.474022,-4.654565,11.315574,-0.086549,3.218923,0.971162
0,100585.00,-6.030703,-5.552437,11.549619,-0.312388,2.787218,1.100327
0,100608.00,-6.033097,-5.229802,11.471205,-0.471381,2.660716,1.146400
0,100631.00,-5.602119,-5.074171,11.647786,-0.532369,2.577890,1.150662
0,100654.00,-4.527068,-4.964032,11.726799,-0.517455,2.416766,1.055585
0,100677.00,-3.472966,-4.724599,11.508916,-0.394947,2.083600,0.903250
0,100700.00,-2.934244,-4.769493,11.261103,-0.171505,1.560014,0.691792
0,100723.00,-3.581310,-6.201298,11.443670,0.183766,0.385542,0.219074
0,100746.00,-4.014682,-6.577806,11.612470,0.184565,0.071817,0.077924
0,100769.00,-4.039823,-7.000404,11.830952,0.108398,-0.076257,-0.024609
0,100792.00,-3.570535,-6.487420,11.629828,-0.045003,-0.246968,-0.165493
0,100815.00,-3.583105,-5.603316,11.406558,-0.122768,-0.601440,-0.348455
0,100838.00,-4.043414,-5.031671,11.429903,-0.067906,-1.048592,-0.563375
0,100861.00,-4.583933,-4.653967,11.515500,0.077771,-1.427033,-0.738347
0,100884.00,-5.001742,-5.344729,12.017111,0.402948,-2.030781,-1.105869
0,100907.00,-5.286068,-5.416559,12.272106,0.455413,-2.345571,-1.223849
0,100930.00,-5.526099,-5.284871,12.609706,0.491899,-2.672878,-1.323985
0,100953.00,-5.746975,-4.836534,12.761147,0.550489,-2.962368,-1.366330
0,100976.00,-6.007957,-4.804211,12.642029,0.661278,-3.219900,-1.404947
0,100999.00,-6.043273,-4.914948,12.311014,0.741973,-3.431624,-1.423323
0,101022.00,-6.173165,-4.981390,11.219202,0.699096,-3.652670,-1.290962
0,101045.00,-6.045667,-4.843717,10.338091,0.544364,-3.623375,-1.162862
0,101068.00,-5.931338,-4.422316,9.476134,0.333971,-3.545077,-1.004401
0,101091.00,-5.645815,-3.558564,8.395696,0.133698,-3.367441,-0.845408
0,101114.00,-5.337546,-2.928258,7.440959,0.015186,-3.161043,-0.697068
0,101137.00,-5.186704,-2.515836,6.665797,-0.045535,-2.967961,-0.590007
0,101160.00,-5.037657,-2.086653,5.949894,-0.064977,-2.722414,-0.509312
0,101183.00,-4.708437,-1.628140,5.022094,0.002935,-2.036639,-0.323421
0,101206.00,-4.200841,-1.385116,4.495343,0.021311,-1.655003,-0.301316
0,101229.00,-3.845882,-1.066671,3.994929,0.049008,-1.350599,-0.279478
0,101252.00,-3.750109,-0.981673,3.684266,0.103338,-1.061109,-0.223817
0,101275.00,-3.827925,-1.450362,3.713596,0.145682,-0.700511,-0.126876
0,101298.00,-3.657928,-1.498847,3.593281,0.075108,-0.277861,-0.035795
0,101321.00,-3.478354,-1.270787,3.452016,-0.011713,0.156507,0.060879
0,101344.00,-2.922871,-1.503037,3.431664,-0.076162,0.994883,0.283789
0,101367.00,-3.512473,-1.861587,4.122427,-0.131823,1.289167,0.371142
0,101390.00,-4.267283,-2.113589,5.181316,-0.217578,1.668673,0.437456
0,101413.00,-4.329536,-2.160279,6.085174,-0.282294,2.227146,0.542919
0,101436.00,-3.556169,-2.285382,6.661008,-0.272707,2.750998,0.654241
0,101459.00,-3.183852,-2.596045,6.968081,-0.229563,2.968582,0.757573
0,101482.00,-5.990598,-3.600464,9.660498,-0.251934,2.884691,0.865965
0,101505.00,-5.942113,-3.184451,10.293198,-0.276968,3.365665,0.934410
0,101528.00,-4.798225,-3.164697,10.161510,-0.182690,3.764346,1.014838
0,101551.00,-5.102304,-4.373232,10.999523,-0.095870,3.527854,1.038275
0,101574.00,-6.485624,-4.829351,12.197284,-0.179494,3.165126,1.013773
0,101597.00,-6.744810,-4.703050,12.752767,-0.269777,3.261534,1.048128
0,101620.00,-5.313603,-4.787450,12.541468,-0.274304,3.495363,1.143737
0,101643.00,-4.825759,-5.682329,13.572224,-0.393882,2.756591,1.177027
0,101666.00,-4.995757,-4.650375,13.636272,-0.490556,2.538208,1.057716
0,101689.00,-3.396947,-4.115244,12.980227,-0.346477,2.581086,0.940002
0,101712.00,-1.969930,-5.031073,12.612699,-0.101729,2.255376,0.861704
0,101735.00,-2.254854,-6.631678,13.093359,-0.008783,1.484113,0.751714
0,101758.00,-3.422087,-6.806464,13.290891,-0.146471,0.879300,0.615092
0,101781.00,-2.555342,-6.227636,12.572594,-0.274038,0.592207,0.349038
0,101804.00,-2.038767,-5.832572,12.016512,-0.246074,0.144523,0.168206
0,101827.00,-2.726536,-5.492579,11.739967,-0.143808,-0.536724,-0.038192
0,101850.00,-3.969190,-5.378848,11.719017,-0.004522,-1.114373,-0.246454
0,101873.00,-4.703649,-5.351314,11.702856,0.119849,-1.401200,-0.416100
0,101896.00,-4.708437,-5.377651,11.593315,0.216790,-1.526370,-0.559380
0,101919.00,-4.413936,-5.453072,11.478388,0.272185,-1.729040,-0.703992
0,101942.00,-5.222619,-5.801446,12.240980,0.228774,-2.435587,-0.864050
0,101965.00,-5.680533,-5.551838,12.283479,0.170717,-2.669683,-0.921309
0,101988.00,-5.730814,-5.135824,12.072180,0.134763,-2.873151,-1.006532
0,102011.00,-5.962465,-4.817978,12.008731,0.160064,-3.089403,-1.073378
0,102034.00,-5.958274,-4.494744,11.731587,0.216257,-3.249994,-1.126376
0,102057.00,-5.926550,-4.492350,11.468212,0.298550,-3.373833,-1.140491
0,102080.00,-5.791270,-4.824562,11.186879,0.327313,-3.489949,-1.169786
0,102103.00,-5.772715,-4.382211,9.714370,0.142487,-3.535756,-1.142888
0,102126.00,-5.522508,-3.398144,8.659072,0.031964,-3.388214,-1.062193
0,102149.00,-5.016707,-2.518230,7.539725,0.031964,-3.180751,-0.927967
0,102172.00,-4.355275,-2.136934,6.498793,0.108930,-2.942661,-0.798536
0,102195.00,-3.960810,-1.987289,5.671554,0.173646,-2.790059,-0.700530
0,102218.00,-4.164926,-1.986690,5.164556,0.191490,-2.627071,-0.603323
0,102241.00,-3.990140,-1.713737,4.121230,0.094549,-1.749813,-0.346324
0,102264.00,-3.444235,-1.380926,3.550782,0.019180,-1.253126,-0.216360
0,102287.00,-2.997095,-1.022975,3.024629,-0.027159,-0.862168,-0.117555
0,102310.00,-3.041988,-1.124135,2.824703,-0.031154,-0.542317,-0.011560
0,102333.00,-3.474762,-1.261809,2.848647,-0.069238,-0.180388,0.114676
0,102356.00,-3.882994,-1.352194,3.016848,-0.143808,0.276617,0.223867
0,102379.00,-4.117638,-1.379130,3.490924,-0.226367,0.836689,0.316547
0,102402.00,-3.540606,-1.753244,4.882026,-0.293746,1.973077,0.513357
0,102425.00,-3.481347,-2.057323,5.739194,-0.298806,2.330745,0.616423
0,102448.00,-3.698033,-2.274607,6.490413,-0.295077,2.557916,0.692591
0,102471.00,-4.364852,-2.457175,7.253603,-0.257260,2.721170,0.772487
0,102494.00,-5.236985,-2.917483,8.324465,-0.189881,2.934493,0.822022
0,102517.00,-5.573387,-3.027622,9.232512,-0.152330,3.238630,0.826284
0,102540.00,-5.426734,-3.119205,10.029223,-0.073499,3.527854,0.827349
0,102563.00,-5.241773,-3.962007,10.858258,0.148878,3.503352,0.830278
0,102586.00,-6.139046,-4.603087,11.641801,0.145150,3.295623,0.804445
0,102609.00,-6.527525,-5.150789,12.594741,0.030366,3.281241,0.749850
0,102632.00,-5.737398,-4.844914,12.449884,-0.124100,3.454882,0.745056
0,102655.00,-4.825759,-4.853893,12.123658,-0.186152,3.417864,0.830278
0,102678.00,-4.805408,-5.373461,12.001548,-0.234623,3.069517,0.905913
0,102701.00,-6.008555,-5.982816,12.091334,-0.467653,2.582684,1.112844
0,102724.00,-5.864297,-6.568827,12.230206,-0.597883,2.572830,1.253461
0,102747.00,-5.317194,-6.562841,12.554636,-0.760339,2.500923,1.310454
0,102770.00,-4.257108,-5.905600,12.631853,-0.851687,2.329413,1.160782
0,102793.00,-2.700797,-4.729388,12.287669,-0.700683,2.014889,0.881412
0,102816.00,-1.003820,-3.927289,11.575956,-0.245542,1.485977,0.547446
0,102839.00,-1.612577,-5.851129,11.648385,0.329976,0.642275,0.227862
0,102862.00,-4.243939,-8.494462,12.548052,0.410671,-0.854711,-0.312501
0,102885.00,-4.965229,-7.414023,12.366083,0.050872,-0.892528,-0.388669
0,102908.00,-4.075139,-6.323409,12.135630,-0.129959,-0.811034,-0.465103
0,102931.00,-3.278428,-5.356102,12.070384,-0.145139,-1.079485,-0.595067
0,102954.00,-3.425080,-4.674917,12.144010,0.006930,-1.703739,-0.796938
0,102977.00,-4.610869,-5.077163,12.845547,0.301480,-2.348500,-1.019315
0,103000.00,-6.012745,-5.725427,13.991231,0.691106,-2.979945,-1.408142
0,103023.00,-5.763736,-5.407580,13.910422,0.842376,-3.168500,-1.517067
0,103046.00,-5.576979,-5.335751,14.046300,1.020810,-3.529630,-1.588974
0,103069.00,-6.015738,-5.611696,14.075032,1.156634,-3.950682,-1.619867
0,103092.00,-6.431752,-5.863699,13.685954,1.175809,-4.194898,-1.559146
0,103115.00,-6.851956,-6.228833,13.150823,1.069547,-4.224193,-1.392696
0,103138.00,-6.440731,-5.989999,11.988977,0.803493,-4.088902,-1.231306
0,103161.00,-5.270505,-4.189468,8.863188,0.237297,-3.944025,-0.801465
0,103184.00,-5.562613,-3.426876,7.597189,0.046345,-3.937899,-0.625428
0,103207.00,-5.982816,-2.848647,6.561644,-0.080157,-3.771183,-0.522362
0,103230.00,-6.320416,-2.208764,5.778101,-0.148868,-3.374366,-0.425155
0,103253.00,-5.756553,-1.655675,4.932905,-0.135285,-2.749312,-0.356711
0,103276.00,-4.571961,-1.321667,4.124223,-0.060982,-2.177257,-0.291995
0,103299.00,-3.820742,-1.170226,3.592084,0.032496,-1.862466,-0.222751
0,103322.00,-4.387598,-1.577261,3.157514,0.079901,-1.473639,-0.133801
0,103345.00,-4.479181,-1.365363,2.804950,0.003467,-0.956978,-0.041920
0,103368.00,-3.908733,-1.217514,2.411084,-0.060449,-0.346039,0.051292
0,103391.00,-3.242513,-1.141494,2.123167,-0.102528,0.154110,0.141042
0,103414.00,-3.104241,-1.330645,2.113589,-0.125964,0.536013,0.248369
0,103437.00,-3.393355,-1.713737,2.437422,-0.174434,0.891551,0.332260
0,103460.00,-4.171511,-1.787961,4.207425,-0.345146,1.964288,0.484329
0,103483.00,-3.659125,-2.166264,5.344729,-0.335292,2.641274,0.573279
0,103506.00,-3.208992,-2.992306,6.608334,-0.316649,3.096948,0.672883
0,103529.00,-3.214978,-3.536416,7.718102,-0.377370,3.306542,0.748252
0,103552.00,-3.990140,-3.824333,8.711148,-0.450342,3.352349,0.843594
0,103575.00,-4.903575,-3.566944,9.604231,-0.496948,3.476188,0.966102
0,103598.00,-5.617682,-3.569937,10.829526,-0.422378,3.700163,1.048395
0,103621.00,-4.661150,-3.727363,12.123059,-0.101729,4.087659,0.945062
0,103644.00,-4.207425,-4.055984,11.859684,0.082298,3.874070,0.893130
0,103667.00,-5.192689,-5.247160,12.440906,0.165124,3.344892,0.841730
0,103690.00,-6.602347,-5.770919,13.070015,0.016517,3.071647,0.850519
0,103713.00,-6.869913,-5.790073,13.381276,-0.209855,3.267659,0.954117
0,103736.00,-5.834967,-5.884050,13.243603,-0.368848,3.565139,1.125361
0,103759.00,-4.728789,-5.586556,12.888644,-0.605074,2.997611,1.325368
0,103782.00,-4.999947,-5.538071,13.046071,-0.622651,2.544600,1.252130
0,103805.00,-4.383408,-5.384235,13.207089,-0.557935,2.294791,1.145069
0,103828.00,-3.137163,-5.264519,13.136457,-0.407465,2.053505,0.949323
0,103851.00,-1.433003,-4.849703,12.716253,-0.206659,1.574662,0.649181
0,103874.00,-0.759599,-4.503723,11.547823,0.075374,0.808192,0.402036
0,103897.00,-2.050738,-6.740021,12.178129,0.414400,-0.147631,0.171402
0,103920.00,-4.744352,-8.190383,12.670162,-0.047133,-0.757237,0.011078
0,103943.00,-3.899755,-6.908223,12.312810,-0.352336,-0.526072,-0.060829
0,103966.00,-2.569708,-5.532683,11.885423,-0.381631,-0.639524,-0.224616
0,103989.00,-2.514638,-4.945476,11.924331,-0.163782,-1.272034,-0.473359
0,104012.00,-3.834509,-5.296244,12.523510,0.124643,-2.070196,-0.724232
0,104035.00,-5.479410,-6.081582,13.245399,0.333172,-2.545577,-0.945278
0,104058.00,-5.952289,-6.617312,13.475254,0.401083,-2.610826,-1.120250
0,104081.00,-5.307617,-5.872677,13.380079,0.445559,-2.968227,-1.309338
0,104104.00,-5.858312,-5.565007,14.033132,0.550223,-3.383687,-1.416398
0,104127.00,-6.132462,-5.262125,13.933168,0.704156,-3.601803,-1.479250
0,104150.00,-5.930141,-5.674547,13.811656,0.884455,-3.744551,-1.491767
0,104173.00,-5.817608,-5.843946,13.412403,0.928397,-3.923784,-1.431845
0,104196.00,-5.760743,-5.456065,12.176931,0.860752,-4.016996,-1.346889
0,104219.00,-5.570992,-4.811393,9.424657,0.521993,-3.966928,-0.970046
0,104242.00,-5.418355,-3.942852,7.704335,0.256738,-3.765324,-0.811585
0,104265.00,-5.193887,-3.188641,6.279114,0.055666,-3.492079,-0.634483
0,104288.00,-5.137620,-2.791183,5.443495,-0.082021,-3.179686,-0.480283
0,104311.00,-5.201070,-2.303339,4.925124,-0.201599,-2.810033,-0.390267
0,104334.00,-4.934103,-1.407264,4.137990,-0.259391,-2.313879,-0.330079
0,104357.00,-4.085315,-1.068467,3.577718,-0.171505,-1.767923,-0.273352
0,104380.00,-3.046178,-1.513811,3.225154,0.013321,-1.146598,-0.164161
0,104403.00,-3.223957,-1.816693,3.411911,-0.023963,-0.928215,-0.118088
0,104426.00,-3.229943,-1.717329,3.395151,-0.121437,-0.523675,-0.011560
0,104449.00,-2.673861,-1.518600,3.070122,-0.197604,-0.040836,0.119204
0,104472.00,-2.430837,-1.633527,2.992905,-0.239949,0.298456,0.225199
0,104495.00,-2.650516,-1.551522,3.284414,-0.292681,0.533350,0.284588
0,104518.00,-2.821112,-1.643703,4.127814,-0.238351,1.403684,0.427070
0,104541.00,-2.561926,-2.060316,4.724000,-0.207724,1.833259,0.489389
0,104564.00,-2.760057,-2.600834,5.588950,-0.219709,2.104373,0.555702
0,104587.00,-3.111424,-2.731325,6.538300,-0.268179,2.337935,0.633468
0,104610.00,-3.501100,-2.661291,7.400855,-0.258059,2.647932,0.697118
0,104633.00,-3.411313,-3.009066,8.047322,-0.185354,2.969913,0.704842
0,104656.00,-3.310153,-3.188042,8.541151,-0.129160,3.136363,0.744523
0,104679.00,-4.686290,-3.597471,10.384781,-0.044736,3.114259,0.828947
0,104702.00,-5.016707,-3.710603,11.252723,-0.005854,3.287367,0.869960
0,104725.00,-4.342705,-3.859650,11.411945,0.048476,3.501755,0.922691
0,104748.00,-4.070350,-4.608475,11.534056,0.073243,3.441566,1.022562
0,104771.00,-4.982588,-6.302459,12.906602,-0.034084,3.095616,1.108050
0,104794.00,-5.699687,-6.437738,13.833804,-0.382164,2.956331,1.212182
0,104817.00,-5.339941,-5.378250,13.720672,-0.618390,3.139825,1.385822
0,104840.00,-3.312547,-4.959243,12.064399,-0.404002,2.810654,1.405264
0,104863.00,-4.485167,-5.679336,12.392421,-0.273505,2.132603,1.283023
0,104886.00,-5.673949,-5.910388,12.925158,-0.232758,1.830862,1.142672
0,104909.00,-4.756923,-5.673350,12.834772,-0.177630,1.962957,0.985010
0,104932.00,-2.769634,-5.328568,12.159573,-0.051128,1.937124,0.809239
0,104955.00,-1.784370,-5.593739,11.749545,0.125975,1.410342,0.590590
0,104978.00,-2.963574,-7.457720,12.467243,0.291626,0.169290,0.192175
0,105001.00,-3.021636,-7.825248,12.416963,0.166988,-0.031515,0.071000
0,105024.00,-2.633756,-7.107550,11.726200,-0.021833,-0.266409,-0.093586
0,105047.00,-3.015651,-6.367105,11.525077,-0.089478,-0.746851,-0.302914
0,105070.00,-4.051196,-5.754757,11.862079,-0.025828,-1.227026,-0.534080
0,105093.00,-4.507314,-4.994559,11.960844,0.145682,-1.474704,-0.775632
0,105116.00,-4.108061,-4.981390,12.007533,0.434640,-1.631833,-0.980166
0,105139.00,-4.098484,-5.256139,12.291261,0.778193,-2.450235,-1.241959
0,105162.00,-4.942482,-5.876867,12.943115,0.840778,-2.814028,-1.278711
0,105185.00,-5.548246,-6.380873,13.365713,0.751561,-2.944525,-1.270455
0,105208.00,-5.163359,-5.677540,12.989804,0.565936,-2.920023,-1.254742
0,105231.00,-4.589320,-4.836534,12.594143,0.479648,-2.978348,-1.218256
0,105254.00,-4.327740,-4.273868,12.133834,0.490567,-3.195399,-1.225713
0,105277.00,-4.294219,-3.858453,11.508916,0.533445,-3.403394,-1.220653
0,105300.00,-4.729987,-4.644390,10.651748,0.483376,-3.352794,-0.947142
0,105323.00,-4.217601,-4.104469,9.449199,0.234900,-3.109111,-0.787084
0,105346.00,-3.693244,-3.381982,8.422632,0.011990,-2.915230,-0.593203
0,105369.00,-3.597471,-2.931251,7.582224,-0.140345,-2.822550,-0.433411
0,105392.00,-3.517262,-2.209362,6.680762,-0.261521,-2.729604,-0.345259
0,105415.00,-3.998521,-1.735286,6.034893,-0.280430,-2.583927,-0.258705
0,105438.00,-4.030844,-1.178606,4.634812,-0.190147,-1.903479,-0.233138
0,105461.00,-3.805778,-0.998433,3.994929,-0.104392,-1.501602,-0.188663
0,105484.00,-3.414306,-0.948152,3.478952,-0.016240,-1.148728,-0.162297
0,105507.00,-3.253886,-1.095403,3.146740,0.055400,-0.856042,-0.144453
0,105530.00,-3.395750,-0.968504,3.015651,0.062857,-0.582798,-0.110631
0,105553.00,-3.596873,-0.887097,3.021038,0.069515,-0.183317,-0.050176
0,105576.00,-3.356842,-1.214521,3.119804,0.083364,0.348258,0.037177
0,105599.00,-2.690023,-1.616168,3.551381,-0.042073,1.162665,0.262217
0,105622.00,-3.116212,-1.775391,4.164328,-0.124899,1.448692,0.386589
0,105645.00,-3.255083,-2.044154,4.856885,-0.187750,1.855630,0.526407
0,105668.00,-3.481945,-2.441013,5.728419,-0.236487,2.248985,0.677144
0,105691.00,-3.736941,-2.904913,6.645445,-0.297208,2.568036,0.777014
0,105714.00,-3.899156,-3.037798,7.396066,-0.364054,2.881228,0.885407
0,105737.00,-4.625834,-3.098853,9.202583,-0.327036,3.238098,1.077956
0,105760.00,-4.975405,-3.364025,10.102250,-0.208257,3.380579,1.134949
0,105783.00,-4.974207,-3.920705,10.372808,-0.067906,3.568335,1.200996
0,105806.00,-5.049629,-4.672523,10.623015,-0.041008,3.529984,1.229759
0,105829.00,-6.177954,-5.776306,11.857888,-0.145672,3.283905,1.263049
0,105852.00,-7.232055,-6.441329,13.414797,-0.368315,3.277247,1.327232
0,105875.00,-6.921391,-6.350944,14.007392,-0.575513,3.626659,1.373305
0,105898.00,-3.802186,-4.888610,11.704652,-0.597883,3.381111,1.348804
0,105921.00,-4.806605,-5.312406,12.018308,-0.451407,2.487607,1.235085
0,105944.00,-6.402421,-5.433918,12.737803,-0.360326,1.934460,1.071298
0,105967.00,-5.900811,-5.402792,13.019135,-0.229030,2.049511,0.951188
0,105990.00,-3.323920,-5.457263,12.424745,-0.056721,2.182671,0.832143
0,106013.00,-1.605394,-5.809228,11.797431,0.084961,1.682788,0.669421
0,106036.00,-1.950177,-6.933961,12.229009,0.147813,0.724834,0.462757
0,106059.00,-3.932677,-7.869544,12.839561,-0.111317,-0.165208,0.219074
0,106082.00,-3.283815,-6.942940,12.223621,-0.268712,-0.209417,0.123731
0,106105.00,-2.833682,-6.024118,11.658561,-0.279365,-0.569748,-0.090657
0,106128.00,-3.671695,-5.464445,11.746552,-0.132622,-1.196399,-0.362836
0,106151.00,-4.517490,-4.956250,11.780671,0.108664,-1.659796,-0.625161
0,106174.00,-4.876639,-5.366877,12.122461,0.404812,-1.927448,-0.810520
0,106197.00,-5.128043,-5.830178,12.322986,0.604552,-2.516016,-1.114125
0,106220.00,-5.725427,-5.557824,12.278092,0.556614,-2.809234,-1.178308
0,106243.00,-6.231227,-5.446488,12.203269,0.511606,-2.955977,-1.181238
0,106266.00,-6.532912,-5.457263,12.273902,0.441298,-3.007909,-1.158334
0,106289.00,-6.945933,-5.121459,12.206861,0.358739,-2.981544,-1.152209
0,106312.00,-6.513758,-4.178693,11.450853,0.334237,-2.840394,-1.196951
0,106335.00,-5.298040,-3.493318,10.332704,0.451152,-2.769819,-1.231839
0,106358.00,-5.050826,-4.127215,8.821287,0.704955,-3.333619,-1.165259
0,106381.00,-5.864896,-4.298409,7.992252,0.570729,-3.346668,-1.063524
0,106404.00,-5.706871,-4.155349,6.919596,0.309736,-2.950917,-0.871507
0,106427.00,-5.155578,-3.463988,5.885248,-0.001593,-2.501901,-0.644070
0,106450.00,-4.528265,-2.381753,4.838928,-0.250868,-2.176724,-0.514106
0,106473.00,-4.268481,-1.592824,4.266086,-0.345678,-1.967130,-0.456847
0,106496.00,-4.743754,-0.987060,3.766870,-0.182158,-1.332755,-0.309039
0,106519.00,-4.389993,-1.211528,3.586697,-0.071102,-0.833671,-0.226746
0,106542.00,-3.771060,-1.452756,3.363426,-0.029290,-0.388384,-0.119419
0,106565.00,-3.176070,-1.542543,2.966567,-0.065776,-0.067735,-0.010494
0,106588.00,-3.231140,-1.662858,2.816922,-0.147003,0.125880,0.122666
0,106611.00,-3.893769,-1.849615,3.121599,-0.265516,0.298456,0.246771
0,106634.00,-4.667136,-1.714336,3.473565,-0.392817,0.664912,0.375670
0,106657.00,-4.713825,-1.747258,4.591115,-0.460729,1.915019,0.653708
0,106680.00,-4.096688,-2.008838,5.061002,-0.430901,2.401053,0.752779
0,106703.00,-3.975176,-2.311121,5.658385,-0.387757,2.637546,0.850252
0,106726.00,-4.888012,-2.932448,6.863329,-0.345412,2.671102,0.930415
0,106749.00,-6.069611,-3.309554,8.102990,-0.351537,2.774700,0.999125
0,106772.00,-6.560447,-3.543000,9.146915,-0.353402,3.174713,1.106452
0,106795.00,-5.624266,-3.496910,9.462367,-0.337422,3.578721,1.165309
0,106818.00,-5.732610,-3.637576,10.263268,-0.170173,3.095883,1.120035
0,106841.00,-6.556257,-4.175701,10.810970,-0.041274,2.818910,1.018567
0,106864.00,-6.835196,-5.262125,11.469409,0.035426,2.646068,0.943731
0,106887.00,-7.486452,-6.533511,12.193093,-0.019436,2.581618,0.981016
0,106910.00,-6.999805,-6.660410,12.649811,-0.252732,2.623431,0.929616
0,106933.00,-5.550641,-5.340539,11.964436,-0.449543,2.687614,0.904049
0,106956.00,-3.367018,-5.388425,10.385978,-0.227432,2.127276,0.946660
0,106979.00,-4.491751,-8.192777,11.316771,-0.185354,1.442833,0.994864
0,107002.00,-5.726025,-9.283392,12.393618,-0.557403,1.075844,1.065972
0,107025.00,-5.320786,-7.497825,12.397808,-1.004022,1.229511,1.125894
0,107048.00,-3.237126,-5.431523,11.583139,-1.077792,1.412739,1.008979
0,107071.00,-1.228887,-4.555799,10.335697,-0.741164,1.028439,0.677411
0,107094.00,-2.314114,-5.639830,11.356277,-0.186951,0.060099,0.349304
0,107117.00,-5.255540,-6.907025,12.931144,0.373653,-1.331956,-0.412105
0,107140.00,-4.998151,-6.095948,12.540271,0.430112,-1.292008,-0.782823
0,107163.00,-3.479551,-5.881058,11.985386,0.633847,-1.334620,-1.066720
0,107186.00,-3.277829,-6.297670,12.025491,0.816809,-1.870988,-1.240627
0,107209.00,-4.460625,-6.737028,12.571397,0.856491,-2.551436,-1.396424
0,107232.00,-6.041477,-6.951320,13.285503,0.793373,-2.928812,-1.474989
0,107255.00,-5.729018,-4.937694,12.551044,0.738777,-2.864362,-1.602290
0,107278.00,-4.996355,-4.607876,11.936901,0.931327,-3.058776,-1.628389
0,107301.00,-5.019700,-5.153183,11.907570,1.101239,-3.461452,-1.576457
0,107324.00,-5.638034,-5.515923,11.606484,1.094315,-3.717652,-1.441965
0,107347.00,-5.703877,-5.514127,10.609847,0.936920,-3.641485,-1.248350
0,107370.00,-5.193288,-5.525500,9.406699,0.659947,-3.456925,-0.997743
0,107393.00,-4.901181,-4.963433,8.146687,0.266592,-3.336815,-0.705856
0,107416.00,-5.391418,-3.296385,6.395238,-0.418117,-3.084609,-0.303979
0,107439.00,-5.756553,-2.624777,5.732011,-0.578975,-2.745584,-0.181472
0,107462.00,-5.515325,-2.157286,5.106494,-0.624249,-2.230520,-0.078939
0,107485.00,-4.820372,-1.435996,4.331332,-0.613330,-1.745285,-0.016087
0,107508.00,-4.100878,-0.631503,3.511874,-0.498812,-1.430761,-0.029137
0,107531.00,-3.999119,-0.775162,3.255083,-0.260722,-1.309053,-0.083466
0,107554.00,-4.658755,-1.279766,3.381982,-0.078293,-1.145266,-0.100777
0,107577.00,-4.753930,-1.608387,3.285611,-0.027159,-0.083980,-0.009695
0,107600.00,-4.005703,-1.583247,3.147338,-0.067107,0.489141,0.088310
0,107623.00,-3.647154,-1.717329,3.314941,-0.111317,0.849738,0.183387
0,107646.00,-4.079329,-1.854404,3.730955,-0.149667,1.101677,0.281126
0,107669.00,-4.580940,-1.758032,4.314571,-0.170972,1.464139,0.374338
0,107692.00,-4.537842,-1.495255,4.685691,-0.128627,1.968549,0.450240
0,107715.00,-4.389394,-2.514638,5.938521,0.054068,2.660449,0.622282
0,107738.00,-5.256738,-3.128184,7.161422,0.037290,2.788283,0.725082
0,107761.00,-6.032498,-3.348462,8.407668,-0.017572,3.045548,0.846258
0,107784.00,-6.125278,-3.532825,9.252864,-0.051927,3.419728,0.967167
0,107807.00,-5.779897,-3.781834,9.802959,-0.070303,3.681521,1.097664
0,107830.00,-6.092955,-4.615059,10.941461,-0.094538,3.616539,1.236417
0,107853.00,-6.808858,-5.402792,12.200276,-0.192278,3.459410,1.321639
0,107876.00,-6.240206,-5.681730,12.554636,-0.441287,3.496162,1.431629
0,107899.00,-5.418953,-5.515923,12.169749,-0.491089,3.282573,1.480632
0,107922.00,-5.255540,-5.606309,12.217036,-0.478572,2.821573,1.455598
0,107945.00,-5.476417,-5.752363,12.384640,-0.415720,2.431414,1.378898
0,107968.00,-5.094522,-5.927148,12.368478,-0.290017,2.255642,1.249733
0,107991.00,-3.906339,-5.220823,11.817783,-0.141943,2.027673,1.017768
0,108014.00,-3.549585,-5.963063,11.764509,0.477784,1.007666,0.452104
0,108037.00,-3.861446,-7.678596,12.344535,0.600557,0.678761,0.269142
0,108059.00,-3.711202,-8.590235,12.631255,0.429313,0.552525,0.189512
0,108082.00,-3.116811,-8.020386,12.465447,0.078570,0.387140,0.106953
0,108105.00,-2.547560,-6.386858,11.868663,-0.205061,0.010297,-0.047779
0,108128.00,-2.822908,-5.186105,11.712433,-0.220508,-0.588124,-0.211566
0,108151.00,-3.924297,-5.211246,12.175136,-0.058319,-1.190540,-0.401186
0,108174.00,-4.442667,-5.174133,12.006336,0.214127,-1.792424,-0.735950
0,108197.00,-4.579144,-5.331560,12.142813,0.330242,-2.187643,-0.899205
0,108220.00,-5.243569,-5.319589,12.471434,0.397089,-2.603102,-1.059263
0,108243.00,-5.885846,-5.588352,12.791675,0.473523,-2.839595,-1.178042
0,108266.00,-6.024118,-5.737398,12.959876,0.504682,-2.925084,-1.248883
0,108289.00,-5.730814,-5.118465,12.446293,0.507079,-3.005246,-1.314131
0,108312.00,-5.511135,-4.872449,12.220628,0.596829,-3.208182,-1.366597
0,108335.00,-5.959472,-4.853893,11.352087,0.662876,-3.513917,-1.309870
0,108358.00,-5.474022,-4.904173,10.402738,0.596030,-3.434554,-1.193755
0,108381.00,-4.946074,-4.644988,9.285786,0.422123,-3.393541,-1.019581
0,108404.00,-5.044840,-4.227777,8.513617,0.203740,-3.428695,-0.843544
0,108427.00,-5.406981,-3.548388,7.677399,-0.014909,-3.321901,-0.701595
0,108450.00,-5.339941,-2.765444,6.725057,-0.176032,-3.017497,-0.573495
0,108473.00,-5.031671,-2.226721,5.950493,-0.243411,-2.655834,-0.429949
0,108496.00,-4.579742,-1.579057,5.029876,-0.205594,-1.993762,-0.290929
0,108519.00,-4.182285,-1.419235,4.576151,-0.124899,-1.648611,-0.252047
0,108542.00,-3.812960,-1.286350,3.953028,-0.049797,-1.367111,-0.215028
0,108565.00,-3.739335,-1.338427,3.590288,0.012789,-1.154055,-0.191326
0,108588.00,-3.948240,-1.348004,3.324518,0.031431,-0.910372,-0.149247
0,108611.00,-4.217601,-1.419235,3.238921,0.030100,-0.537790,-0.077074
0,108634.00,-3.953627,-1.474305,3.247302,-0.013843,0.542139,0.107752
0,108657.00,-3.554972,-1.786764,3.361630,-0.030355,1.038293,0.198034
0,108680.00,-3.504093,-2.289572,3.918311,-0.082021,1.409810,0.282192
0,108703.00,-3.956620,-2.417668,4.688684,-0.175766,1.729394,0.347706
0,108726.00,-4.299607,-2.145913,5.438706,-0.233025,2.112628,0.394046
0,108749.00,-4.333127,-2.241087,6.283304,-0.187750,2.534746,0.471545
0,108772.00,-4.303198,-2.536187,7.207513,-0.089745,2.889484,0.578606
0,108795.00,-5.052023,-3.067727,9.131950,0.008794,3.216792,0.628674
0,108818.00,-5.228604,-3.055756,9.749087,0.060460,3.402950,0.676878
0,108841.00,-5.708666,-3.866234,10.793013,0.131035,3.465801,0.733072
0,108864.00,-6.214467,-4.102075,11.735778,0.061525,3.526522,0.736800
0,108887.00,-5.758947,-3.578317,11.805213,-0.017572,3.677792,0.742925
0,108910.00,-4.960440,-3.795602,11.453846,0.011723,3.709751,0.838534
0,108933.00,-5.372862,-4.871252,11.951266,-0.015974,3.402417,0.964770
0,108956.00,-7.269765,-6.018731,13.951724,-0.561664,3.104938,1.080353
0,108979.00,-6.201897,-5.307018,13.793100,-0.800819,3.380046,1.263049
0,109002.00,-4.288234,-5.111282,13.411205,-0.814934,3.319858,1.323237
0,109025.00,-3.556768,-5.122655,13.390854,-0.741696,2.716909,1.204991
0,109048.00,-3.629795,-4.673720,13.421980,-0.573648,2.063626,0.916300
0,109071.00,-2.370979,-3.754898,12.474426,-0.222638,1.663347,0.557034
0,109094.00,-1.665851,-6.886075,11.918344,0.594166,0.092058,0.118405
0,109117.00,-3.804580,-8.911075,13.037092,0.381109,-0.691456,-0.021413
0,109140.00,-4.961637,-8.262811,13.116704,-0.139813,-0.787332,0.003621
0,109163.00,-4.410943,-6.002570,12.079962,-0.478306,-0.550040,0.072864
0,109186.00,-3.109628,-4.442667,11.328743,-0.461527,-0.682934,-0.082401
0,109209.00,-3.347265,-4.022464,11.254519,-0.213850,-1.349800,-0.324219
0,109232.00,-4.757521,-4.635411,11.934506,0.078570,-2.051287,-0.591605
0,109255.00,-5.848135,-4.970616,12.258339,0.353679,-2.439848,-0.844343
0,109278.00,-5.502156,-5.169345,12.200875,0.389632,-2.565019,-0.913053
0,109301.00,-5.559021,-5.052621,12.063201,0.349151,-2.839062,-0.966317
0,109324.00,-6.042076,-5.073572,12.382844,0.322253,-3.148793,-0.978568
0,109347.00,-6.387457,-4.647382,12.036265,0.282571,-3.304590,-0.941550
0,109370.00,-6.403619,-4.476787,11.736376,0.290561,-3.355457,-0.911988
0,109393.00,-6.168975,-4.085913,10.269255,0.261798,-3.399400,-0.900536
0,109416.00,-6.149820,-4.418126,9.415678,0.191490,-3.345603,-0.886421
0,109439.00,-6.262952,-4.303198,8.550729,0.018115,-3.194600,-0.809987
0,109462.00,-6.054646,-3.291596,7.371524,-0.172037,-2.907240,-0.729559
0,109485.00,-5.227407,-2.358409,6.081582,-0.227965,-2.567948,-0.684551
0,109508.00,-4.610271,-1.739476,5.004735,-0.150199,-2.335451,-0.608649
0,109531.00,-4.582736,-1.847819,4.563581,-0.007185,-2.186311,-0.528753
0,109554.00,-4.968222,-2.405098,4.344501,0.030632,-1.487221,-0.338334
0,109577.00,-4.429499,-2.120174,4.068554,-0.047133,-1.013970,-0.285070
0,109600.00,-3.599267,-1.807116,3.645358,-0.088679,-0.625942,-0.227279
0,109623.00,-3.185049,-1.662858,3.310751,-0.068705,-0.386520,-0.117289
0,109646.00,-3.330504,-1.726906,3.160507,-0.041807,-0.259485,-0.019816
0,109669.00,-4.129610,-1.927431,3.494515,-0.041008,-0.101824,0.062744
0,109692.00,-4.779070,-2.048344,3.824932,-0.071368,0.301918,0.127992
0,109715.00,-3.566345,-2.225524,4.127814,-0.127562,1.448959,0.306427
0,109738.00,-3.464586,-2.559532,4.682100,-0.143541,1.677728,0.397242
0,109761.00,-4.307987,-2.972553,5.596732,-0.178429,1.787718,0.468882
0,109784.00,-4.981390,-3.119804,6.527525,-0.222106,2.064691,0.546914
0,109807.00,-4.620446,-2.866604,6.832801,-0.227432,2.550992,0.669954
0,109830.00,-4.010492,-2.964771,6.872906,-0.161917,2.869510,0.785004
0,109853.00,-6.924983,-3.973380,9.745496,-0.182424,2.628757,0.844926
0,109876.00,-7.313462,-3.280822,10.913926,-0.234889,3.096149,0.844127
0,109899.00,-5.944507,-2.716959,10.908539,-0.104126,3.700962,0.857177
0,109922.00,-5.184908,-3.712997,11.418530,0.092685,3.690309,0.828680
0,109945.00,-5.814615,-4.292424,12.360696,0.109463,3.239163,0.755442
0,109968.00,-6.297071,-3.935071,12.588157,0.069249,3.073512,0.750915
0,109991.00,-5.716448,-4.564778,12.668366,0.111593,3.124645,0.828414
0,110014.00,-4.455836,-6.039681,12.708471,-0.206126,2.609049,1.014838
0,110037.00,-4.470801,-6.339571,12.789280,-0.482567,2.211966,1.095267
0,110060.00,-4.081125,-6.028907,12.626466,-0.720391,1.959494,1.203926
0,110083.00,-3.135367,-5.383637,11.933310,-0.838637,1.666276,1.194338
0,110106.00,-2.769035,-5.427932,11.356876,-0.776851,1.135500,1.087277
0,110129.00,-3.133571,-6.142039,10.945052,-0.647952,0.525360,0.917898
0,110152.00,-4.758120,-6.545483,10.733753,-0.546217,-0.303428,0.562094
0,110175.00,-5.268709,-6.097145,10.687064,-0.506802,-0.387319,0.286719
0,110198.00,-4.827555,-5.498564,10.448829,-0.369114,-0.374269,-0.025408
0,110221.00,-4.090104,-4.854491,10.345873,-0.139813,-0.547111,-0.339400
0,110244.00,-3.850073,-4.610869,10.500905,0.139557,-0.953782,-0.631819
0,110267.00,-4.252917,-5.442896,11.239554,0.407742,-1.435821,-0.880562
0,110290.00,-4.751535,-5.936726,11.606484,0.515601,-1.775379,-1.030501
0,110313.00,-5.110085,-5.912184,12.116475,0.432776,-2.323200,-1.234502
0,110336.00,-5.359694,-5.199274,12.198481,0.432509,-2.624142,-1.292293
0,110359.00,-5.586556,-4.897589,12.221227,0.557946,-2.902446,-1.377516
0,110382.00,-5.744581,-4.752733,12.210452,0.747033,-3.129617,-1.476587
0,110405.00,-5.735602,-4.752134,11.815389,0.910021,-3.297399,-1.536509
0,110428.00,-5.693103,-4.795830,11.290434,1.020544,-3.371436,-1.510942
0,110451.00,-5.411770,-5.137620,10.734950,1.026137,-3.382089,-1.445960
0,110474.00,-5.023291,-4.532455,8.723120,0.655952,-3.206850,-1.164193
0,110497.00,-4.482772,-3.894367,7.423002,0.438635,-3.041199,-0.972709
0,110520.00,-4.569567,-3.370609,6.469463,0.241558,-2.958906,-0.747669
0,110543.00,-5.205858,-2.951602,6.109715,0.047677,-2.813229,-0.571897
0,110566.00,-5.563810,-2.314114,5.670357,-0.124366,-2.398036,-0.453118
0,110589.00,-4.741958,-1.443777,4.789845,-0.194941,-1.794022,-0.378282
0,110612.00,-3.513670,-1.349201,3.759088,0.011191,-1.252060,-0.262966
0,110635.00,-4.149363,-1.480291,3.798594,0.058063,-1.159647,-0.214496
0,110658.00,-4.860477,-1.580254,4.027253,0.047144,-0.836601,-0.162563
0,110681.00,-4.682699,-1.434798,4.005105,-0.004788,-0.240576,-0.098380
0,110704.00,-3.821341,-1.296526,3.863840,-0.038611,0.373025,-0.002505
0,110727.00,-3.128184,-1.347406,3.768067,-0.059118,0.758657,0.084049
0,110750.00,-3.405327,-1.692787,4.193059,-0.090011,0.934428,0.180457
0,110773.00,-4.568369,-2.032182,5.758348,-0.237552,1.576526,0.367947
0,110796.00,-4.320557,-1.904685,6.420379,-0.268712,2.106770,0.464621
0,110819.00,-3.529233,-1.864580,6.679564,-0.229829,2.534213,0.528005
0,110842.00,-3.217372,-2.389535,7.024946,-0.154993,2.687880,0.593253
0,110865.00,-4.247530,-3.302969,8.233480,-0.152862,2.589608,0.664361
0,110888.00,-5.517719,-3.740532,9.568914,-0.258858,2.677227,0.734669
0,110911.00,-4.423513,-3.744722,9.925669,-0.399209,3.576857,1.009246
0,110934.00,-4.428900,-4.531258,10.444040,-0.418650,3.433044,1.101925
0,110957.00,-5.745778,-4.941884,11.618456,-0.524113,3.034363,1.109915
0,110980.00,-6.498195,-4.500132,12.012322,-0.608270,3.069517,1.135215
0,111003.00,-5.591344,-4.533652,11.529267,-0.541956,3.316928,1.231357
0,111026.00,-4.686889,-5.311209,11.258110,-0.470849,3.193888,1.339216
0,111049.00,-4.836534,-5.650604,11.441875,-0.554740,2.626893,1.306459
0,111072.00,-5.161563,-5.915177,12.654599,-0.735038,2.160566,1.248667
0,111095.00,-3.618422,-5.382440,12.422949,-0.721722,2.100644,1.193007
0,111118.00,-2.255453,-4.871252,11.908768,-0.598416,1.644171,0.941068
0,111141.00,-2.268622,-4.674318,11.520288,-0.329433,0.905932,0.631870
0,111164.00,-3.048573,-5.153782,11.619055,0.000538,0.244126,0.350902
0,111187.00,-3.722575,-6.336578,12.088342,0.241558,-0.106884,0.145569
0,111210.00,-3.623210,-7.078219,12.303831,0.259135,-0.208884,-0.021946
0,111233.00,-2.952201,-5.691906,11.643596,0.063922,-0.667754,-0.351118
0,111256.00,-3.334096,-5.062798,11.513704,0.135562,-1.135412,-0.515171
0,111279.00,-4.076935,-5.349518,11.713032,0.280707,-1.572443,-0.669104
0,111302.00,-4.675516,-5.693103,11.759721,0.356075,-1.885370,-0.803329
0,111325.00,-5.114275,-5.821199,11.729792,0.344624,-2.089637,-0.883758
0,111348.00,-5.150190,-5.532683,11.620851,0.284169,-2.254489,-0.970845
0,111371.00,-5.268111,-5.283674,11.374833,0.325981,-2.583927,-1.084563
0,111394.00,-5.266315,-5.371067,11.608878,0.373653,-2.759965,-1.091754
0,111417.00,-5.478213,-5.140014,11.314975,0.375250,-2.904577,-1.102673
0,111440.00,-5.742785,-4.859879,11.132408,0.380577,-3.011105,-1.135697
0,111463.00,-5.748771,-4.591115,10.762486,0.393360,-3.017763,-1.146083
0,111486.00,-5.447685,-4.304994,10.019646,0.418394,-2.942661,-1.127974
0,111509.00,-4.915546,-3.966796,9.187618,0.436770,-2.890995,-1.089624
0,111532.00,-4.779669,-3.502896,7.515782,0.390164,-2.888331,-0.928766
0,111555.00,-5.005334,-3.316737,6.791499,0.292691,-2.754372,-0.814249
0,111578.00,-5.110684,-2.999489,6.074399,0.155004,-2.481394,-0.686415
0,111601.00,-4.788049,-2.590060,5.443495,0.021045,-2.105350,-0.555119
0,111624.00,-4.528863,-1.917255,4.802415,-0.075363,-1.757536,-0.427019
0,111647.00,-4.252319,-1.398884,4.225383,-0.085750,-1.449936,-0.338334
0,111670.00,-4.064963,-1.294731,3.891973,-0.029823,-1.142336,-0.257373
0,111693.00,-4.151159,-1.540149,3.590887,-0.000261,-0.508494,-0.109033
0,111716.00,-4.135596,-1.502438,3.520853,-0.060183,-0.107683,-0.013690
0,111739.00,-3.823735,-1.458742,3.497508,-0.112648,0.331746,0.107219
0,111762.00,-3.664512,-1.663456,3.641766,-0.145672,0.691012,0.236384
0,111785.00,-3.866234,-1.881938,4.138588,-0.198670,1.006335,0.353033
0,111808.00,-4.147567,-1.807116,4.732979,-0.254330,1.362937,0.445978
0,111831.00,-3.875213,-2.576891,6.479639,-0.242879,2.230608,0.643322
0,111854.00,-3.435854,-2.468548,7.034523,-0.252200,2.506250,0.716293
0,111877.00,-3.898558,-2.778014,7.864755,-0.190147,2.550193,0.758905
0,111900.00,-4.703050,-3.216774,8.893716,-0.132089,2.609316,0.762100
0,111923.00,-4.777274,-3.049770,9.292969,-0.110518,2.866847,0.776215
0,111946.00,-4.649178,-3.500501,9.756270,-0.035149,3.083366,0.853981
0,111969.00,-4.935898,-4.172109,10.566749,-0.024230,3.052206,0.894195
0,111992.00,-5.385433,-4.521680,11.395783,-0.187484,3.149147,0.946660
0,112015.00,-5.152585,-4.977799,11.555605,-0.249270,3.146483,1.057982
0,112038.00,-5.286667,-5.319589,11.850705,-0.356065,2.959793,1.159716
0,112061.00,-5.657188,-5.386630,12.145207,-0.480703,2.764847,1.223900
0,112084.00,-5.544056,-5.456065,12.306225,-0.555805,2.665776,1.251863
0,112107.00,-4.761711,-5.386031,12.111088,-0.587497,2.589342,1.264913
0,112130.00,-3.455608,-5.785285,12.459462,-0.521450,1.836987,1.048395
0,112153.00,-2.810338,-5.910986,12.697099,-0.429569,1.427387,0.863036
0,112176.00,-1.711343,-6.580799,12.871285,-0.265250,1.006867,0.662497
0,112199.00,-0.969701,-7.041108,12.455272,-0.167776,0.419631,0.463023
0,112222.00,-1.720920,-8.016794,12.406188,-0.154460,-0.381726,0.293111
0,112245.00,-3.578915,-8.434604,12.616290,-0.301203,-0.993730,0.155157
0,112268.00,-4.630023,-7.459516,12.296049,-0.511063,-1.112775,-0.004902
0,112291.00,-3.775250,-4.989172,11.156950,-0.321177,-1.089339,-0.597198
0,112314.00,-3.522649,-4.813189,11.097092,0.020512,-1.509858,-0.974840
0,112337.00,-4.319360,-5.285470,11.388600,0.345689,-2.058211,-1.242491
0,112360.00,-5.418953,-5.726624,11.657962,0.516666,-2.421738,-1.388701
0,112383.00,-5.979225,-5.981619,11.689088,0.532912,-2.520543,-1.428117
0,112406.00,-5.772715,-5.578774,11.319165,0.449820,-2.509358,-1.419328
0,112429.00,-5.402193,-5.135824,10.804386,0.365397,-2.610027,-1.407344
0,112452.00,-5.637435,-3.884192,9.763453,0.349151,-2.976483,-1.322121
0,112475.00,-6.161792,-4.024858,9.474937,0.425851,-3.036139,-1.261134
0,112498.00,-6.236016,-4.027851,8.977517,0.428248,-2.867558,-1.204940
0,112521.00,-5.705673,-3.742927,8.287951,0.382175,-2.596977,-1.138094
0,112544.00,-4.971813,-3.292195,7.649266,0.332639,-2.383655,-1.051007
0,112567.00,-4.418126,-2.903716,7.168605,0.308670,-2.291774,-0.962323
0,112590.00,-4.369042,-2.707381,6.517349,0.276179,-2.162076,-0.745272
0,112613.00,-4.755725,-2.782204,6.575411,0.192022,-1.982843,-0.608117
0,112636.00,-4.117638,-2.384746,5.886445,0.073510,-1.555133,-0.459244
0,112659.00,-2.995299,-1.872361,4.986778,-0.007185,-1.188410,-0.291462
0,112682.00,-2.425450,-1.440186,4.145772,-0.032752,-1.123161,-0.162031
0,112705.00,-2.779810,-1.377335,3.708209,-0.012512,-1.188942,-0.052573
0,112728.00,-3.686660,-1.620957,3.669900,-0.002125,-1.057380,0.091506
0,112751.00,-4.035633,-2.569708,3.622612,-0.210121,0.068621,0.488856
0,112774.00,-3.452016,-2.590060,3.595676,-0.437292,0.660651,0.665693
0,112797.00,-3.510677,-2.403901,4.014682,-0.612797,1.063061,0.814299
0,112820.00,-4.072146,-2.274607,4.965229,-0.660735,1.401554,0.924289
0,112843.00,-4.316966,-2.259044,5.829580,-0.588030,1.885458,1.003120
0,112866.00,-3.635182,-2.476329,6.331789,-0.425308,2.359241,1.010311
0,112889.00,-3.884790,-3.217971,7.370925,-0.086016,2.392797,1.021763
0,112912.00,-5.075367,-3.743525,8.696184,0.038355,2.310504,0.981282
0,112935.00,-5.413566,-3.887185,9.485712,0.131035,2.604788,0.974890
0,112958.00,-4.380415,-3.982957,9.338461,0.223981,2.982963,1.003386
0,112981.00,-4.039224,-4.783260,9.643139,0.270853,2.895610,1.013240
0,113004.00,-5.058608,-5.169345,10.523052,0.187495,2.536610,1.003120
0,113027.00,-5.879262,-5.097515,11.188076,0.083364,2.522229,1.000723
0,113050.00,-4.928715,-4.672523,10.732556,0.064987,2.872174,1.038275
0,113073.00,-4.794034,-4.518089,10.728965,0.124111,2.596799,0.992201
0,113096.00,-5.698491,-4.935898,11.503529,0.201610,2.260703,0.911240
0,113119.00,-5.820601,-5.107691,11.966231,0.220785,2.207438,0.809239
0,113142.00,-4.820372,-5.249555,12.127250,0.238096,2.289465,0.719223
0,113165.00,-3.323920,-5.331560,12.199677,0.238096,2.156571,0.592987
0,113188.00,-2.418865,-5.314201,12.247564,0.227443,1.710219,0.422809
0,113211.00,-2.106406,-6.302459,12.694704,0.276179,0.596468,0.167408
0,113234.00,-2.055527,-6.793295,12.648015,0.192022,0.154376,0.060347
0,113257.00,-2.143518,-6.677769,12.430132,0.060194,-0.287449,-0.025408
0,113280.00,-2.693016,-6.595165,12.491187,-0.030621,-0.737530,-0.130871
0,113303.00,-3.232936,-6.057040,12.426540,-0.085217,-1.102655,-0.277081
0,113326.00,-3.664512,-5.657787,12.351119,-0.035948,-1.391878,-0.440868
0,113349.00,-4.173306,-5.365081,12.205664,0.172847,-2.006812,-0.875502
0,113372.00,-4.722205,-5.129838,12.164362,0.304409,-2.339712,-1.044882
0,113395.00,-5.054417,-5.181915,12.197284,0.449021,-2.579134,-1.185765
0,113418.00,-5.398602,-5.617084,12.282282,0.547027,-2.771950,-1.274716
0,113441.00,-5.531487,-5.930740,12.239782,0.545429,-2.911767,-1.327980
0,113464.00,-5.425538,-5.629055,11.681906,0.449554,-3.006045,-1.301881
0,113487.00,-5.329166,-5.160366,11.040227,0.350749,-3.098458,-1.200146
0,113510.00,-5.378250,-4.854491,9.798770,0.149677,-3.221498,-0.984960
0,113533.00,-5.338743,-4.279255,8.932025,0.001071,-3.145597,-0.851267
0,113556.00,-5.120860,-3.434657,7.836621,-0.103860,-3.009241,-0.734086
0,113579.00,-4.773084,-2.803753,6.810654,-0.129160,-2.877679,-0.657652
0,113602.00,-4.893998,-2.755268,6.253973,-0.101196,-2.787929,-0.581751
0,113625.00,-5.260329,-2.760655,5.807432,-0.105191,-2.585259,-0.512508
0,113648.00,-4.698860,-1.695780,4.421119,-0.142476,-1.785233,-0.326084
0,113671.00,-4.255910,-1.207338,3.729159,-0.095870,-1.484025,-0.307175
0,113694.00,-4.324747,-0.907449,3.302371,-0.012245,-1.260849,-0.297321
0,113717.00,-4.624636,-0.810479,3.077305,0.076706,-0.935139,-0.266961
0,113740.00,-4.780267,-1.009207,3.126987,0.139823,-0.455497,-0.198516
0,113763.00,-4.431893,-1.084030,3.213182,0.132100,0.126147,-0.111962
0,113786.00,-4.022464,-1.249837,3.395750,0.091886,0.656656,0.010545
0,113809.00,-4.397774,-1.773595,4.603087,-0.093473,1.460677,0.296839
0,113832.00,-4.673720,-1.810109,5.708068,-0.204262,1.956831,0.441185
0,113855.00,-4.352282,-2.036971,6.634072,-0.244477,2.525691,0.602575
0,113878.00,-3.729159,-2.446999,7.445748,-0.246607,2.969114,0.784738
0,113901.00,-3.669900,-2.852238,8.287353,-0.252999,3.089225,0.924289
0,113924.00,-4.387598,-3.094663,9.304940,-0.261521,3.018117,1.011110
0,113947.00,-5.093924,-3.365821,10.316543,-0.241547,3.101209,1.088609
0,113970.00,-4.325346,-4.182285,11.419128,-0.161917,3.560878,1.206323
0,113993.00,-3.545993,-4.312177,10.896567,-0.157390,3.454350,1.225231
0,114016.00,-4.258305,-4.908364,11.231772,-0.176032,2.927036,1.219106
0,114039.00,-5.820601,-5.651801,12.236192,-0.249004,2.558449,1.232688
0,114062.00,-6.086371,-5.985211,12.674353,-0.366984,2.700397,1.293942
0,114085.00,-4.808999,-5.837960,12.194889,-0.459397,2.957662,1.411922
0,114108.00,-3.824333,-5.826587,11.555605,-0.533168,2.184535,1.366115
0,114131.00,-4.756324,-5.909790,12.161967,-0.508400,1.659352,1.234020
0,114154.00,-4.631221,-5.700286,12.316401,-0.421313,1.542171,1.079820
0,114177.00,-2.983327,-5.743384,12.045244,-0.247406,1.500092,0.848921
0,114200.00,-1.653280,-5.917571,11.470606,-0.051927,1.065458,0.550642
0,114223.00,-1.608986,-6.383865,11.339517,0.116387,0.254779,0.231058
0,114246.00,-2.886357,-6.997411,11.563985,0.194952,-0.487455,-0.016087
0,114269.00,-4.297811,-6.868117,11.634618,0.016783,-0.783070,-0.280809
0,114292.00,-3.809369,-5.852326,11.355679,-0.065776,-0.833938,-0.456048
0,114315.00,-3.531627,-5.044241,11.283849,0.000804,-1.130618,-0.684817
0,114338.00,-3.892572,-4.828753,11.540640,0.191223,-1.560459,-0.902401
0,114361.00,-4.364254,-5.150190,11.796234,0.401083,-1.931177,-1.077106
0,114384.00,-4.821569,-5.562613,11.990773,0.516134,-2.198296,-1.206272
0,114407.00,-5.051425,-5.710462,12.108095,0.516134,-2.398036,-1.286168
0,114430.00,-4.800020,-5.214837,11.810001,0.438368,-2.755171,-1.310936
0,114453.00,-4.907765,-5.260928,11.584935,0.389898,-3.050787,-1.286434
0,114476.00,-5.291455,-4.772486,11.120437,0.315861,-3.281154,-1.197217
0,114499.00,-5.715849,-4.850301,10.770865,0.280440,-3.358919,-1.090423
0,114522.00,-5.861304,-4.877836,10.318936,0.186962,-3.287545,-0.992683
0,114545.00,-5.239977,-4.169715,9.134944,0.049541,-3.068364,-0.897607
0,114568.00,-4.419323,-3.201211,7.020157,-0.010381,-2.934671,-0.707987
0,114591.00,-4.837132,-2.814528,6.248586,-0.017305,-2.879277,-0.654723
0,114614.00,-5.117867,-2.560131,5.579373,-0.010914,-2.602836,-0.600926
0,114637.00,-4.864667,-2.345839,4.917342,-0.007452,-2.167136,-0.520497
0,114660.00,-4.357070,-2.178835,4.468407,-0.004788,-1.739426,-0.426753
0,114683.00,-3.966796,-1.941198,4.055984,-0.020768,-1.416912,-0.340998
0,114706.00,-4.131405,-1.571874,3.805179,-0.046601,-1.165773,-0.250449
0,114729.00,-4.845512,-1.498847,3.887185,-0.042606,-0.347637,-0.125278
0,114752.00,-4.350486,-1.440186,3.902748,-0.051394,0.252382,-0.049377
0,114775.00,-3.809369,-1.573071,3.973979,-0.048465,0.722704,0.025992
0,114798.00,-3.753102,-1.665851,4.237354,-0.059917,1.012460,0.105355
0,114821.00,-4.177496,-2.168060,4.959243,-0.069238,1.272388,0.184718
0,114844.00,-4.480378,-2.457175,5.764933,-0.128894,1.638046,0.280061
0,114867.00,-4.326543,-2.321297,6.939349,-0.162184,2.389868,0.439853
0,114890.00,-4.381612,-2.385345,7.545113,-0.095337,2.610381,0.463023
0,114913.00,-4.397175,-2.481717,7.969506,-0.004788,2.773369,0.485127
0,114936.00,-4.565377,-2.811535,8.594425,0.093217,2.880163,0.530136
0,114959.00,-4.960440,-3.106635,9.385749,0.158998,2.937156,0.559164
0,114982.00,-5.199872,-3.450819,9.962781,0.185364,3.102008,0.567953
0,115005.00,-5.064593,-3.707610,10.499708,0.150476,3.279111,0.622016
0,115028.00,-5.233393,-4.619848,11.989576,-0.017305,3.319325,0.832675
0,115051.00,-5.472227,-5.178922,12.961672,-0.150998,3.271388,0.954117
0,115074.00,-5.229203,-5.001143,13.148429,-0.316916,3.275382,1.048661
0,115097.00,-4.466611,-4.363056,12.678542,-0.380300,3.188296,1.105654
0,115120.00,-4.003908,-4.275065,12.488792,-0.298007,2.839683,1.091539
0,115143.00,-4.287036,-4.843717,13.066423,-0.176299,2.348322,0.982347
0,115166.00,-4.064364,-4.817978,13.352545,-0.100397,2.050576,0.815897
0,115189.00,-1.517403,-6.084575,13.317228,0.178440,1.531252,0.493916
0,115212.00,-0.863154,-7.010580,13.206491,0.229573,0.732558,0.410558
0,115235.00,-1.517403,-8.241860,13.960703,0.066319,0.009232,0.260886
0,115258.00,-2.087850,-8.472913,14.461715,-0.196539,-0.286117,0.156222
0,115281.00,-1.292336,-7.150049,13.332791,-0.439423,-0.564422,0.022263
0,115304.00,-1.902290,-6.209080,13.060437,-0.422911,-1.212112,-0.197451
0,115327.00,-4.734177,-5.536275,13.249589,0.002402,-2.176458,-0.808390
0,115350.00,-4.619848,-5.717046,13.066423,0.239427,-2.185246,-1.063258
0,115373.00,-4.102075,-6.090561,13.073008,0.397888,-2.320537,-1.228909
0,115396.00,-4.047604,-5.847537,12.879665,0.435439,-2.668351,-1.344758
0,115419.00,-4.791042,-5.888240,13.032903,0.456744,-3.081680,-1.420393
0,115442.00,-5.570394,-5.836762,12.868892,0.430645,-3.284616,-1.426785
0,115465.00,-5.752363,-5.682927,12.510342,0.380311,-3.258516,-1.358341
0,115488.00,-5.321983,-4.817978,11.010896,0.167521,-3.283551,-1.168188
0,115511.00,-5.624266,-4.430696,10.419498,0.065254,-3.351995,-1.063791
0,115534.00,-5.709265,-3.882994,9.499479,-0.023165,-3.262511,-0.944213
0,115557.00,-5.378848,-3.339483,8.481892,-0.084152,-3.091800,-0.810786
0,115580.00,-5.079558,-2.973151,7.622928,-0.132089,-2.972755,-0.684284
0,115603.00,-5.078361,-2.546962,6.786112,-0.170972,-2.861966,-0.582816
0,115626.00,-5.074769,-1.687400,5.365081,-0.164581,-2.353827,-0.407311
0,115649.00,-4.622242,-1.264203,4.566574,-0.106256,-1.998023,-0.347656
0,115672.00,-4.293023,-1.279766,4.139187,-0.006919,-1.716256,-0.287734
0,115695.00,-4.308586,-1.640710,4.019471,0.060726,-1.470709,-0.225681
0,115718.00,-4.450449,-1.841235,3.784827,0.034094,-1.151125,-0.135399
0,115741.00,-4.407351,-1.642506,3.484938,-0.046334,-0.727410,-0.017152
0,115764.00,-4.020668,-1.365962,3.106036,-0.094805,-0.294906,0.091506
0,115787.00,-4.367845,-1.400679,3.062340,-0.020768,0.324555,0.249700
0,115810.00,-4.914350,-1.875354,3.619020,0.014919,0.725367,0.273669
0,115833.00,-4.749740,-2.126758,4.133201,0.000804,1.309673,0.355430
0,115856.00,-4.071548,-2.329078,4.543828,-0.006653,1.836188,0.471811
0,115879.00,-4.149961,-2.895336,5.437509,-0.005854,2.116623,0.561295
0,115902.00,-4.807802,-3.067727,6.529321,-0.061781,2.362970,0.609499
0,115925.00,-5.046636,-2.941427,7.433776,-0.078026,2.764048,0.663828
0,115948.00,-4.512702,-3.523247,9.339658,0.088690,3.425853,0.779944
0,115971.00,-4.236157,-3.234731,9.514443,0.157134,3.490835,0.789531
0,115994.00,-4.962834,-4.038027,10.684071,0.282305,3.352082,0.811902
0,116017.00,-5.789474,-5.141212,12.246965,0.275114,3.301748,0.802847
0,116040.00,-5.870882,-5.274096,12.835969,0.094549,3.557948,0.842795
0,116063.00,-4.872449,-5.340539,12.965861,-0.076429,3.778461,0.933344
0,116086.00,-4.384605,-6.499990,13.868522,-0.404269,3.364333,1.221769
0,116109.00,-4.658157,-5.888839,13.913415,-0.606139,3.116123,1.337618
0,116132.00,-4.257706,-5.208851,13.636870,-0.634369,2.929699,1.340282
0,116155.00,-3.516064,-5.107092,13.344165,-0.490290,2.656721,1.247336
0,116178.00,-2.294959,-4.927518,14.304887,-0.316916,2.237000,1.103523
0,116201.00,-2.175842,-4.442667,13.888873,-0.113980,1.768809,0.913637
0,116224.00,-2.210559,-4.952659,12.752168,0.113990,1.372791,0.605238
0,116247.00,-1.859791,-6.379077,13.036494,0.363000,0.381814,0.061945
0,116270.00,-1.937606,-6.044470,13.084979,0.293756,-0.019264,-0.150046
0,116293.00,-2.029189,-6.532912,13.179555,0.169119,-0.264012,-0.180407
0,116316.00,-1.781377,-6.632277,13.543492,-0.022632,-0.568416,-0.246188
0,116339.00,-1.863981,-6.058836,13.399833,-0.219709,-0.982811,-0.319426
0,116362.00,-2.035175,-5.143007,13.825423,-0.270310,-1.448072,-0.401452
0,116385.00,-0.421401,-4.721008,14.919031,0.234101,-2.422005,-0.540205
0,116408.00,-0.572243,-6.183939,15.977322,0.508411,-3.293671,-0.522095
0,116431.00,-3.474164,-8.434604,17.184061,0.516933,-4.182913,-0.546331
0,116454.00,-6.924384,-9.189414,17.424091,0.087625,-4.475866,-0.716243
0,116477.00,-9.368390,-8.020386,16.182037,-0.516656,-3.990364,-0.845941
0,116500.00,-8.365767,-4.763507,13.359728,-0.804015,-3.254522,-1.407344
0,116523.00,-7.193746,-2.051935,10.649353,-0.389621,-3.326961,-2.303245
0,116546.00,-7.812079,-4.056583,9.633561,1.075939,-3.243336,-2.806856
1,116569.00,-8.584847,-5.978626,7.669019,1.315094,-2.663557,-2.333339
1,116592.00,-8.366964,-7.208710,7.267371,0.970742,-2.135711,-1.802296
1,116615.00,-8.484884,-5.809826,4.819774,0.120648,-1.564986,-1.340497
0,116638.00,-7.900670,-4.136793,3.599267,-0.636500,-0.798783,-0.907993
0,116661.00,-7.542120,-2.241686,1.869368,-1.195506,0.013227,-0.593736
0,116684.00,-6.528722,-0.985863,0.034718,-1.274869,0.445997,-0.390533
0,116707.00,-2.555342,-0.577032,1.219309,-0.340618,0.248654,-0.355645
0,116730.00,-3.760884,-0.848189,1.468319,-0.299871,-0.251229,-0.087727
0,116753.00,-3.684266,-0.305875,2.928258,-0.185620,-0.457894,-0.099978
0,116776.00,-3.646555,-0.604567,3.629795,0.058596,-0.329527,0.061945
0,116799.00,-3.923099,-1.656872,4.038027,0.458609,-0.266143,0.418547
0,116822.00,-4.841322,-3.577120,5.206457,0.372321,-0.028585,0.515754
0,116845.00,-3.956620,-3.390362,5.757750,-0.302002,1.304347,0.595118
0,116868.00,-3.036601,-3.208394,6.034893,-0.345146,1.861222,0.679541
0,116891.00,-2.499674,-3.212584,6.237213,-0.193876,2.073479,0.681672
0,116914.00,-2.542173,-3.562754,6.756782,0.023974,2.072680,0.707238
0,116937.00,-2.865407,-3.872819,7.648667,0.173912,2.036195,0.756241
0,116960.00,-3.223957,-3.741729,8.249043,0.255406,1.976006,0.742925
0,116983.00,-3.651344,-3.959014,8.544144,0.361934,1.908627,0.679009
0,117006.00,-5.131634,-5.943909,9.898134,0.347553,1.987991,0.706439
0,117029.00,-4.613263,-5.829580,9.910705,-0.115578,2.128341,0.696319
0,117052.00,-4.099082,-5.244167,9.422861,-0.489757,2.120618,0.798320
0,117075.00,-3.535219,-4.769493,9.134944,-0.648751,1.926737,0.992734
0,117098.00,-3.744722,-4.443266,9.489902,-0.668192,1.509946,1.202061
0,117121.00,-5.177725,-4.095490,8.955968,-0.618390,1.007666,1.198599
0,117144.00,-5.481804,-4.358866,9.828100,-0.491355,0.912590,1.166374
0,117167.00,-6.543088,-3.881797,10.293198,-0.321443,1.025243,1.311519
0,117190.00,-6.161193,-4.500132,10.918715,-0.138481,1.372525,1.151461
0,117213.00,-5.198675,-5.104100,11.628632,-0.154993,1.572265,1.055053
0,117236.00,-4.130208,-4.662945,10.599671,-0.255129,1.559482,0.871292
0,117259.00,-2.730726,-4.625235,10.238128,-0.206925,1.397026,0.699515
0,117282.00,-2.092040,-4.210418,10.536820,-0.123834,0.833493,0.649980
0,117305.00,-4.525272,-4.085315,11.091106,0.115588,-0.154555,0.177261
0,117328.00,-4.804809,-4.603087,10.928292,0.210132,0.083802,0.108284
0,117351.00,-3.841692,-4.794633,10.135172,0.220518,0.361307,0.084582
0,117374.00,-2.723543,-4.791042,9.811938,0.158998,0.309375,0.064874
0,117397.00,-2.620587,-4.564179,9.541979,0.079102,-0.076523,0.069402
0,117420.00,-3.319730,-4.433090,9.734123,0.042617,-0.485857,0.052357
0,117443.00,-4.295417,-4.265488,9.677258,-0.034883,-0.770553,0.032916
0,117466.00,-4.821569,-3.969190,9.127162,-0.123567,-0.783070,-0.027805
0,117489.00,-4.337916,-3.745919,8.750056,-0.118507,-0.845123,-0.045116
0,117512.00,-4.396577,-3.732152,8.628544,-0.067374,-1.096529,-0.075743
0,117535.00,-5.146000,-3.401735,8.274184,-0.104925,-1.395873,-0.101043
0,117558.00,-6.265347,-3.596873,8.206545,-0.144873,-1.465649,-0.078406
0,117581.00,-6.532314,-3.629795,7.803699,-0.198670,-1.251794,-0.073879
0,117604.00,-5.879262,-2.919878,7.008185,-0.255662,-0.965500,-0.110631
0,117627.00,-5.757151,-2.662488,6.869913,-0.201066,-0.974821,-0.141258
0,117650.00,-5.972042,-2.827696,6.803471,-0.108121,-0.978283,-0.153242
0,117673.00,-5.620675,-2.653509,6.557454,-0.035948,-0.904246,-0.166824
0,117696.00,-5.837960,-2.988116,6.529321,-0.014110,-0.883473,-0.100244
0,117719.00,-6.096547,-3.165296,6.617312,-0.080423,-0.791326,-0.054437
0,117742.00,-6.164785,-3.210190,6.572419,-0.174168,-0.561758,0.030253
0,117765.00,-5.138219,-2.822908,6.569426,-0.294012,-0.179589,-0.002238
0,117788.00,-4.978397,-2.497878,6.613720,-0.253531,-0.179323,-0.003037
0,117811.00,-5.022693,-2.398514,6.706501,-0.174168,-0.179056,0.033715
0,117834.00,-5.144205,-2.582278,6.752592,-0.078026,-0.129521,0.076859
0,117857.00,-5.143606,-2.886357,6.853153,-0.012778,-0.045896,0.080321
0,117880.00,-5.135226,-3.067129,6.940546,0.019447,0.045185,0.064075
0,117903.00,-5.154380,-3.395750,7.214097,0.005864,0.141859,0.060347
0,117926.00,-4.674318,-3.086283,7.424199,-0.062580,0.377020,0.148765
0,117949.00,-4.289431,-2.862414,7.427791,-0.058585,0.407913,0.165011
0,117972.00,-4.281650,-3.030615,7.551697,-0.003989,0.375689,0.187648
0,117995.00,-4.506716,-3.399940,7.745039,0.053269,0.330414,0.184718
0,118018.00,-4.734775,-3.692047,7.985070,0.063123,0.334409,0.162347
0,118041.00,-4.521680,-3.575922,7.966514,0.027703,0.383412,0.145303
0,118064.00,-4.526469,-3.636978,8.070068,0.034094,0.381281,0.135715
0,118087.00,-4.352880,-3.550782,8.076653,0.029301,0.388738,0.112279
0,118110.00,-4.398373,-3.789017,8.155665,0.037024,0.378618,0.126128
0,118133.00,-4.308586,-3.680674,8.081441,0.024240,0.352519,0.112546
0,118156.00,-4.331930,-3.560958,8.079047,0.045013,0.291798,0.071799
0,118179.00,-4.464815,-3.613034,8.112567,0.075108,0.228147,0.049428
0,118202.00,-4.695269,-3.828524,8.167038,0.091619,0.207374,0.050227
0,118225.00,-4.436083,-3.827327,8.135912,0.033295,0.220424,0.012409
0,118248.00,-4.471399,-3.568739,8.022780,0.023708,0.149849,-0.018218
0,118271.00,-4.534251,-3.420890,8.065279,0.058329,0.077676,-0.048312
0,118294.00,-4.667136,-3.647154,8.031759,0.084961,0.052908,-0.036594
0,118317.00,-4.716818,-3.683667,7.929401,0.070846,0.062230,-0.028604
0,118340.00,-4.688086,-3.633386,7.916233,0.041818,0.062762,-0.044850
0,118363.00,-4.649776,-3.446629,7.918028,-0.000261,0.026276,-0.038458
0,118386.00,-4.733578,-3.297582,7.792326,-0.007452,-0.017400,-0.052307
0,118409.00,-4.989770,-3.343075,7.907853,0.002935,-0.046429,-0.059231
0,118432.00,-4.917342,-3.274238,7.807889,-0.000527,-0.008079,-0.049910
0,118455.00,-4.827555,-3.271843,7.750426,-0.001859,0.028673,-0.018218
0,118478.00,-4.627030,-3.130578,7.613351,0.007729,0.004172,-0.041387
0,118501.00,-4.837132,-3.270048,7.754017,0.023974,-0.067202,-0.036860
0,118524.00,-4.943680,-3.299378,7.745637,0.011723,-0.054419,-0.020881
0,118547.00,-4.847308,-3.293392,7.733067,-0.005587,-0.037108,-0.008630
0,118570.00,-4.692276,-3.207795,7.575640,-0.016507,-0.052821,0.009480
0,118593.00,-4.977201,-3.325117,7.566063,-0.025295,-0.104487,0.039041
0,118616.00,-5.037058,-3.052763,7.499022,-0.041541,-0.114873,0.023595
0,118639.00,-5.181316,-3.088678,7.541521,-0.007984,-0.078654,0.051558
0,118662.00,-5.091529,-3.233534,7.515782,0.022643,-0.026189,0.037710
