0,108539.00,-7.747433,-2.022006,5.321983,0.237021,0.216113,0.059652
0,108561.00,-7.864755,-1.939402,5.604513,0.158723,0.156458,0.135819
0,108583.00,-7.892290,-1.905283,6.144433,0.108921,0.164181,0.189083
0,108605.00,-7.632505,-1.642506,6.357528,0.080691,0.223038,0.184822
0,108627.00,-7.269765,-1.740673,6.716677,0.161652,0.269378,0.143276
0,108649.00,-6.850160,-2.167462,7.598386,0.305732,0.232892,0.057255
0,108671.00,-6.402421,-2.515836,8.474709,0.404803,0.128760,-0.035691
0,108693.00,-5.737398,-2.997095,9.457579,0.492422,0.006253,-0.096146
0,108715.00,-4.787450,-3.174873,10.363232,0.543555,-0.122379,-0.172313
0,108737.00,-3.951831,-3.013855,10.917518,0.593890,-0.484309,-0.302011
0,108759.00,-4.328937,-2.259643,12.225417,0.878320,-1.453980,-0.550754
0,108781.00,-4.412739,-2.402105,12.123059,1.048765,-1.918975,-0.709215
0,108803.00,-4.970616,-3.040791,12.385238,1.189914,-2.333636,-0.667136
0,108825.00,-5.575781,-3.158711,12.749175,1.161685,-2.599956,-0.531046
0,108847.00,-6.391647,-3.037798,12.500166,1.026927,-2.778390,-0.317990
0,108869.00,-7.151845,-2.621186,12.838963,0.863939,-2.889978,-0.107331
0,108891.00,-8.405273,-2.362000,12.539073,0.695358,-2.879326,0.014910
0,108913.00,-8.952376,-2.098026,12.054223,0.562731,-2.679319,0.012779
0,108935.00,-8.612382,-1.786165,11.213217,0.436761,-2.374915,-0.000270
0,108957.00,-7.819861,-1.824475,10.211192,0.366985,-2.180768,0.019704
0,108979.00,-7.376911,-1.260611,8.046124,0.245543,-2.612206,0.075365
0,109001.00,-8.887730,-1.707751,7.656449,0.396014,-2.921937,0.199203
0,109023.00,-10.455413,-2.326086,7.342194,0.426375,-2.789310,0.290285
0,109045.00,-11.027058,-2.752275,5.793066,0.172039,-2.364529,0.232760
0,109067.00,-11.474197,-3.250893,4.015880,-0.203206,-2.039885,0.171240
0,109089.00,-12.051828,-3.356842,1.553916,-0.603219,-1.825763,0.265517
0,109111.00,-13.071811,-2.629566,-0.109540,-0.938250,-1.497923,0.523049
0,109133.00,-14.093588,0.119716,-3.347265,-1.263427,-1.315760,0.661269
0,109155.00,-16.253267,2.208764,-4.874843,-0.995775,-1.198846,0.789635
0,109177.00,-18.762520,2.338057,-3.845284,-0.430377,-0.542100,0.909213
0,109199.00,-16.388548,2.709177,-1.162444,0.463926,1.607636,0.683374
0,109221.00,-15.373354,1.021778,1.578458,0.731311,2.219640,0.591759
0,109243.00,-14.500623,0.646467,5.063994,0.716664,2.666525,0.594955
0,109265.00,-15.348213,-1.242055,8.423829,0.513461,3.225531,0.826920
0,109287.00,-16.593262,-0.785937,11.856092,0.182159,3.917431,0.940639
0,109309.00,-13.889472,-0.546504,13.107126,-0.097743,4.924654,0.874325
0,109331.00,-11.966231,-0.606961,14.199536,0.155793,5.632267,0.953422
0,109353.00,-9.338461,-0.618334,14.253409,0.575780,5.435722,0.846362
0,109375.00,-9.557542,-2.323691,15.475113,1.238651,4.812799,0.764335
0,109397.00,-9.165471,-4.586926,17.832924,1.665030,4.288149,0.562464
0,109419.00,-6.796886,-3.241316,17.832924,0.792831,4.218107,-0.024772
0,109441.00,-1.430010,-0.451330,17.828733,1.136118,4.236483,-0.416529
0,109463.00,0.994243,-2.460168,18.733189,1.611233,3.532066,-0.397620
0,109485.00,2.306931,-3.248499,17.563562,1.171006,2.150929,-0.279906
0,109507.00,1.072657,-3.271245,17.261877,0.793097,0.843031,-0.006396
0,109529.00,1.352194,-3.741131,19.131245,0.598950,0.068306,0.139015
0,109551.00,0.726079,-6.343760,16.108412,0.109187,-0.148212,0.517456
0,109573.00,2.529004,-4.455836,16.346048,-0.022641,-0.548758,0.860476
0,109595.00,1.432404,-4.525272,14.230064,0.054592,-1.306439,0.972864
0,109617.00,-5.223217,-0.202919,7.865354,-0.235697,-2.110992,0.168843
0,109639.00,-5.131036,-0.644073,17.096668,0.839970,-2.322184,-1.144648
0,109661.00,-3.267055,-1.741871,18.509319,0.833578,-2.537104,-1.221082
0,109683.00,-3.969789,-3.423284,19.165363,0.947563,-3.365893,-0.980062
0,109705.00,-4.671326,-1.967535,19.180328,0.640230,-4.450348,-0.538237
0,109727.00,-9.029593,-1.317477,19.614300,0.393884,-5.321482,0.103861
0,109749.00,-11.252723,-1.892114,18.706253,0.261256,-5.696993,0.195475
0,109771.00,-13.648842,-2.599038,17.336102,0.426907,-5.718298,0.356599
0,109793.00,-14.028342,-2.596045,17.324129,0.562997,-5.549451,0.342217
0,109815.00,-14.032533,-1.819087,14.933995,0.455403,-5.303905,0.226102
0,109837.00,-14.491046,-0.665622,13.083782,0.486297,-5.096441,0.219976
0,109859.00,-15.083641,-2.614003,11.127021,0.600015,-4.023171,0.073500
0,109881.00,-14.051687,-3.146141,7.886304,-0.024505,-3.328608,0.078294
0,109903.00,-12.682134,-3.109628,4.080526,-0.465532,-2.855091,0.177099
0,109925.00,-12.020702,-2.609813,1.294132,-0.697496,-2.557078,0.535832
0,109947.00,-12.795864,-0.741642,-0.788930,-0.973937,-2.384237,0.871928
0,109969.00,-14.024153,0.916427,-3.383778,-0.967013,-2.201275,0.860743
0,109991.00,-15.230293,0.763191,-2.065104,-0.554216,-1.694734,0.747290
0,110013.00,-14.925016,1.177409,-1.720322,-0.328110,-0.747699,0.669259
0,110035.00,-14.711324,0.259186,0.114928,-0.168318,0.243544,0.728648
0,110057.00,-14.037920,0.007183,1.473706,-0.257536,0.965272,0.606940
0,110079.00,-14.288725,0.824246,5.564408,-0.483375,2.467584,0.639963
0,110101.00,-13.002375,1.859791,6.345556,-0.460205,3.338185,0.552877
0,110123.00,-11.370045,2.007042,6.986038,-0.038887,3.868695,0.514793
0,110145.00,-12.545657,0.310663,9.498282,0.595222,4.051656,0.678047
0,110167.00,-12.303831,-0.529146,14.188763,0.920931,4.139276,0.764069
0,110189.00,-14.774773,-0.838013,15.893520,0.676715,4.549409,0.919866
0,110211.00,-14.106756,0.591997,18.329147,0.440756,5.310818,1.040775
0,110233.00,-12.212248,0.984067,19.614300,0.686569,6.059977,1.186186
0,110255.00,-9.692223,0.151441,19.614300,1.025062,6.224030,1.389122
0,110277.00,-8.969136,-1.344413,19.614300,1.091642,6.168635,1.639995
0,110299.00,-7.638491,-4.809598,19.614300,1.625614,5.933208,0.856748
0,110321.00,-4.214010,-5.723032,19.614300,1.804049,5.711364,0.231428
0,110343.00,1.468319,-6.605939,19.614300,1.240515,5.369409,0.779515
0,110365.00,0.808683,-2.930652,16.985332,0.019171,4.194404,0.930519
0,110387.00,3.361032,-2.590658,15.754051,0.509733,2.633502,0.288953
0,110409.00,1.529973,-5.223217,19.614300,1.692461,1.187916,-0.050871
0,110431.00,3.958416,-7.422403,17.298988,0.904419,0.074697,-0.241024
0,110453.00,-1.438989,-8.494462,17.564159,0.679112,-0.755955,0.266582
0,110475.00,-0.966110,-6.209679,18.442877,0.119041,-1.325614,-0.386967
0,110497.00,-2.518230,-5.016108,15.092021,-0.258068,-1.379677,-0.585109
0,110519.00,-3.030017,-6.142637,16.259851,0.180028,-2.573324,-0.429046
0,110541.00,-3.009665,-4.248727,16.251472,0.289752,-3.586139,-0.484973
0,110563.00,-8.758436,-5.760743,19.614300,-0.113723,-4.148608,0.058586
0,110585.00,-10.623015,2.769634,16.624388,-1.520159,-4.184827,-0.232235
0,110607.00,-10.683473,1.290540,12.772520,-0.625057,-4.200007,-0.963018
0,110629.00,-8.885335,-2.439816,16.626781,0.823458,-4.504678,-1.301777
0,110651.00,-10.902553,-3.645358,15.834261,0.802685,-4.800559,-0.824265
0,110673.00,-11.188675,-3.246703,14.719105,0.483101,-5.025067,-0.540900
0,110695.00,-12.564214,-3.335891,14.500025,0.264186,-5.058890,-0.140621
0,110717.00,-14.163622,-1.903487,13.597364,-0.173911,-4.827191,0.245277
0,110739.00,-14.239641,1.081037,8.843434,-0.740640,-3.354441,0.120639
0,110761.00,-12.692908,1.096600,5.817608,-0.827993,-2.793837,0.125166
0,110783.00,-12.038061,0.534533,2.792979,-0.779789,-2.732051,0.185355
0,110805.00,-12.325978,0.426190,1.845425,-0.539569,-2.898767,0.319847
0,110827.00,-13.714686,1.843031,1.804721,-0.431709,-2.832453,0.516124
0,110849.00,-15.016001,2.994700,1.253428,-0.358205,-2.312064,0.566992
0,110871.00,-15.399093,2.930652,1.155261,-0.202407,-1.490200,0.492156
0,110893.00,-14.795723,2.469146,2.187215,-0.008526,-0.536241,0.483900
0,110915.00,-14.422209,1.585641,2.661291,0.023432,0.364720,0.494020
0,110937.00,-11.081529,-0.032323,3.651942,-0.188559,1.763966,0.708940
0,110959.00,-11.680708,-0.472280,2.027394,-0.370189,1.967968,0.901756
0,110981.00,-9.730532,1.585641,4.452245,-0.103070,2.013508,0.797092
0,111003.00,-12.213446,-0.132885,4.067956,0.298807,2.290748,0.951292
0,111025.00,-13.403424,-0.295699,6.423372,0.738235,2.560530,0.691097
0,111047.00,-14.971107,-0.684777,8.690797,1.114280,3.202095,0.225836
0,111069.00,-14.352774,-1.246844,12.235593,1.308960,4.171501,-0.095080
0,111091.00,-13.362122,-1.052904,13.305856,1.300171,5.228792,-0.248214
0,111113.00,-10.699036,-1.303111,16.096439,1.478872,5.884738,-0.199744
0,111135.00,-9.399516,-2.807943,17.722784,1.609635,5.988869,0.136618
0,111157.00,-8.296930,-3.928487,19.614300,0.894033,5.507629,1.382464
0,111179.00,-8.084434,-3.788419,19.614300,0.458599,5.193903,1.921762
0,111201.00,-7.037516,-3.308955,19.614300,0.415722,5.153423,1.968102
0,111223.00,-4.295417,-3.271245,19.614300,0.555806,5.177125,1.499378
0,111245.00,2.399112,-2.700797,19.614300,0.913474,4.887369,0.923062
0,111267.00,-2.712769,-8.855406,13.845776,0.531837,3.960841,1.194708
0,111289.00,6.018731,-0.781747,13.178956,0.690032,2.240413,-0.039153
0,111311.00,3.125790,-2.698403,16.465765,1.865835,0.402005,-0.249546
0,111333.00,1.482086,-6.867519,17.209202,1.751051,-1.157832,-0.508143
0,111355.00,-4.177496,-9.364799,17.482754,1.218677,-1.869173,-0.505480
0,111377.00,-4.100878,-5.572788,15.865986,-0.289494,-1.247849,-0.670332
0,111399.00,-0.250207,-4.519286,16.302351,-0.452482,-1.392194,-0.564336
0,111421.00,-2.530800,-5.100508,11.098887,-0.511072,-2.386101,-0.295087
0,111443.00,-4.249326,-5.229203,18.396187,-0.341160,-3.644730,0.237820
0,111465.00,-11.018079,0.326825,16.514250,-1.474352,-4.570459,0.306797
0,111487.00,-11.957851,1.651485,12.840758,-1.085525,-4.971004,-1.001101
0,111509.00,-11.483775,-2.472139,16.548967,0.330233,-4.803489,-1.378211
0,111531.00,-11.047410,-2.634953,15.998871,0.581373,-4.454077,-1.118016
0,111553.00,-9.764650,-2.105808,14.243832,0.506537,-4.539832,-0.908422
0,111575.00,-9.853839,-2.256650,15.101000,0.569655,-5.020806,-0.539835
0,111597.00,-15.746868,-0.176581,12.162566,0.068973,-5.110290,-0.034892
0,111619.00,-15.345221,-0.503407,10.280627,-0.001868,-4.230368,-0.121979
0,111641.00,-13.473458,-0.725480,6.751394,-0.329975,-3.484671,-0.114522
0,111663.00,-13.234624,-1.289343,3.917712,-0.402414,-3.283866,0.189083
0,111685.00,-13.906831,-0.912836,3.168887,-0.346220,-3.159494,0.550746
0,111707.00,-14.562876,0.381296,2.682241,-0.461004,-2.722463,0.819996
0,111729.00,-15.206948,1.694583,1.011003,-0.669533,-2.062788,0.901756
0,111751.00,-14.918432,2.467949,-0.533336,-0.605882,-1.457176,0.759807
0,111773.00,-15.098006,1.587437,-0.231052,-0.206935,-0.889648,0.687635
0,111795.00,-14.886707,0.325628,1.609584,0.116112,-0.241425,0.700684
0,111817.00,-14.476081,0.731466,4.190066,-0.098276,1.342115,0.596287
0,111839.00,-14.582030,0.900266,4.693473,-0.138224,2.231625,0.535566
0,111861.00,-14.218691,0.225066,5.778101,0.000795,3.003687,0.529707
0,111883.00,-12.615093,0.362141,6.890863,0.290019,3.576275,0.599749
0,111906.00,-12.289465,0.512984,9.390537,0.642893,3.966168,0.717729
0,111928.00,-13.803276,0.791324,11.555605,0.836241,4.284420,0.711071
0,111950.00,-14.675408,0.230454,14.126510,1.033851,4.790429,0.598151
0,111972.00,-13.916408,0.056865,16.724949,1.329200,5.575274,0.600814
0,111994.00,-11.653173,-1.801130,18.150770,1.475676,6.428298,0.754481
0,112016.00,-9.049945,-4.161335,18.541643,1.569421,6.706336,0.995501
0,112038.00,-8.029365,-9.931056,19.614300,0.983516,5.684998,2.124698
0,112060.00,-7.374517,-6.843576,19.614300,-0.382706,5.143836,2.638164
0,112082.00,-6.162989,-3.204802,19.544266,-0.970741,4.870591,2.698352
0,112104.00,-3.572331,-1.294731,18.383617,-0.452748,4.668454,1.987810
0,112126.00,5.903804,0.314255,19.614300,0.735306,4.271104,0.642360
0,112148.00,1.329448,-4.828753,10.973784,1.678878,2.889169,-0.198679
0,112170.00,5.674547,-2.156687,16.681852,3.062412,0.429702,-1.603784
0,112192.00,3.325117,-5.377651,16.462173,3.211817,-1.399651,-1.787545
0,112214.00,0.278939,-7.883909,18.038836,2.879982,-2.384769,-1.196048
0,112236.00,-4.331930,-8.767415,19.614300,1.981418,-2.451349,-0.880458
0,112258.00,-2.001056,-4.122427,17.253496,-0.295353,-1.329342,-0.679919
0,112280.00,-0.187356,-2.315311,15.726517,-0.378978,-2.012720,-0.236496
0,112302.00,-3.276033,-1.884931,16.584284,-0.463135,-3.636740,-0.129169
0,112324.00,-5.348919,-0.199926,18.341118,-0.401881,-5.226938,-0.372852
0,112346.00,-10.443441,-0.747029,18.068764,-0.230105,-6.137753,-0.364330
0,112368.00,-13.758981,-1.746659,17.873627,0.054858,-6.263190,-0.360335
0,112390.00,-14.794526,-2.144716,16.650726,0.271909,-5.774226,-0.342758
0,112412.00,-14.200135,-2.464358,15.390114,0.389356,-5.147841,-0.200277
0,112434.00,-14.373125,-2.954596,13.325608,0.366985,-4.696694,0.033286
0,112456.00,-15.271595,-1.337230,10.949243,-0.112125,-4.337429,0.327570
0,112478.00,-15.303320,-0.964314,10.048378,-0.315593,-3.949667,0.338755
0,112500.00,-15.447577,-0.797310,5.778700,-0.659146,-3.442859,0.497482
0,112522.00,-15.419445,-1.042129,2.567314,-0.604817,-2.985854,0.678580
0,112544.00,-14.887905,-0.748226,2.359606,-0.475119,-2.648692,0.722789
0,112566.00,-15.590040,1.457545,0.152638,-0.719867,-2.362931,0.638898
0,112588.00,-17.614441,2.539180,-0.949948,-0.538237,-1.814578,0.588830
0,112610.00,-17.322931,2.353620,-1.624549,-0.099874,-0.837715,0.373377
0,112632.00,-16.197001,0.947554,0.187954,0.356066,0.111450,0.368050
0,112654.00,-16.561537,-0.265171,1.584444,0.335826,0.799887,0.473247
0,112676.00,-17.665918,2.321895,3.176070,-0.129702,2.110715,0.684971
0,112698.00,-16.914700,2.743895,5.206457,0.199470,2.921926,0.510532
0,112720.00,-16.179642,1.559303,8.970932,0.754215,3.783206,0.383231
0,112742.00,-12.919172,0.050281,11.690286,0.821327,4.197334,0.211188
0,112764.00,-14.251015,-0.171793,14.623332,1.030921,4.451936,0.231162
0,112786.00,-13.369305,-1.282160,17.587505,0.954487,5.041302,0.328635
0,112808.00,-11.167725,-0.293305,18.435694,0.727849,5.596313,0.436761
0,112830.00,-9.492296,0.011373,19.351522,0.756345,5.766492,0.668460
0,112852.00,-6.276720,0.656643,19.614300,0.945166,5.662095,0.774721
0,112874.00,-4.551011,-3.125790,19.614300,1.464224,5.539854,1.156891
0,112896.00,-0.703931,-7.141070,19.614300,1.339320,4.853813,1.387790
0,112918.00,-0.004789,-4.115244,18.078939,0.881516,3.876684,0.763270
0,112940.00,1.219309,-0.609355,15.626554,0.702282,2.582901,0.183757
0,112962.00,1.407862,-0.011373,13.563844,1.127063,1.424408,-0.055132
0,112984.00,-0.896076,-4.992165,16.648331,2.058384,0.336224,-0.324915
0,113006.00,-3.466981,-14.688578,13.545288,1.837605,-0.513604,-0.084427
0,113028.00,-1.613774,-4.697663,18.517700,1.193377,-0.889115,-0.778724
0,113050.00,0.672206,-4.375028,19.228214,1.147037,-0.106667,-0.744635
0,113072.00,-0.722487,-6.988432,18.553017,1.013078,0.071502,-0.549156
0,113094.00,3.125191,-3.911726,16.973360,0.273773,-0.847569,-1.250643
0,113116.00,-1.163641,-4.394781,19.614300,0.484965,-3.765905,-0.891910
0,113138.00,-5.607506,-4.282846,17.932287,0.114247,-4.799760,-0.580582
0,113160.00,-10.418900,-4.831745,17.603666,0.019437,-5.474882,-0.219186
0,113182.00,-11.313180,-1.091213,19.614300,0.267115,-5.707379,-0.800829
0,113204.00,-12.826991,-1.602401,19.007339,0.174169,-5.351309,-1.000569
0,113226.00,-12.709669,-2.132744,16.520834,0.187485,-4.894038,-0.903096
0,113248.00,-11.516697,-2.127955,15.046529,0.372844,-4.807750,-0.806421
0,113270.00,-11.716623,-2.207566,14.080420,0.560600,-5.049302,-0.525454
0,113292.00,-13.134662,-1.641907,13.360326,0.611733,-5.067412,-0.183232
0,113314.00,-13.897253,-1.645499,12.752767,0.396014,-4.597889,0.062315
0,113336.00,-13.046071,-2.209362,6.143835,-0.906025,-2.988517,0.403737
0,113358.00,-11.945281,-1.212126,3.128184,-1.211228,-2.512070,0.527310
0,113380.00,-11.619653,0.160420,1.318674,-1.278074,-2.243087,0.764868
0,113402.00,-12.152988,2.475731,-0.947554,-1.278341,-1.978098,0.925192
0,113424.00,-13.080191,4.410344,-2.709776,-0.833852,-1.667303,0.825056
0,113446.00,-13.135859,4.179292,-2.634355,0.006388,-1.269953,0.483101
0,113468.00,-12.764738,2.675657,-1.343216,0.712136,-0.762080,0.285491
0,113490.00,-13.195118,1.266597,0.107146,0.899359,-0.164192,0.341685
0,113512.00,-13.711095,0.356156,1.608986,0.740366,0.416919,0.307862
0,113534.00,-14.051088,0.452527,3.046777,0.473780,1.186051,0.370980
0,113556.00,-13.104733,1.316878,6.550869,0.354468,3.323803,0.852221
0,113578.00,-12.731816,0.766782,8.307705,0.558203,4.017301,0.960879
0,113600.00,-12.573791,-0.143659,10.864244,0.736904,4.347272,1.007485
0,113638.00,-12.541468,-1.199556,15.205751,0.850623,5.017600,1.339054
0,113660.00,-10.440449,-1.689195,17.667715,0.981652,5.317476,1.485263
0,113682.00,-9.667681,-4.239748,19.614300,1.226667,5.350234,1.706309
0,113704.00,-8.476504,-6.939349,19.614300,1.446114,5.253293,1.894864
0,113726.00,-7.356560,-7.046494,19.614300,1.016274,5.255157,1.893532
0,113748.00,-5.834967,-4.612665,19.614300,0.637833,5.162744,1.324140
0,113770.00,-2.813330,-0.362141,19.614300,1.042639,5.148629,0.414656
0,113792.00,-0.141265,-4.578546,19.614300,2.430167,5.095365,-0.779257
0,113814.00,3.816552,-6.494004,19.614300,3.494117,4.422374,-1.434937
0,113836.00,16.015631,-5.998379,19.614300,1.211486,1.572482,-0.391228
0,113858.00,1.936409,-10.355450,19.614300,0.549148,-0.813747,0.704946
0,113880.00,3.724370,-4.743155,19.614300,-0.137159,-2.813545,-0.327578
0,113902.00,-2.736113,-4.155349,19.614300,-0.021310,-3.270816,-0.257269
0,113924.00,-3.050368,-2.811535,19.100718,-0.780855,-2.845769,-0.161660
0,113946.00,-4.558194,-2.701396,19.614300,-0.421322,-2.859085,-0.316392
0,113968.00,-3.234133,-1.285752,19.614300,-0.397886,-3.233531,-0.943310
0,113990.00,-2.350627,0.506998,19.614300,-0.714541,-3.660709,-0.904960
0,114012.00,-6.447914,-0.099364,16.996706,-0.357938,-4.363794,-0.573125
0,114034.00,-7.069839,-1.276773,19.614300,0.434631,-5.218948,-0.762479
0,114056.00,-11.335327,-1.143290,17.221771,0.492422,-5.992075,-0.485506
0,114078.00,-13.392051,-1.699371,17.009275,0.626115,-5.845333,-0.427448
0,114100.00,-13.445924,-1.164838,14.470096,0.501211,-5.506042,-0.506279
0,114122.00,-13.910422,-1.618563,13.103535,0.365654,-4.887113,-0.217055
0,114144.00,-13.647645,-2.924666,10.277036,-0.108130,-4.190154,-0.012787
0,114166.00,-13.157408,-3.295188,6.717275,-0.663141,-3.529680,0.165115
0,114188.00,-12.404392,-1.981901,3.891375,-1.038653,-2.825263,0.488427
0,114210.00,-11.793840,-0.785338,1.714336,-1.188058,-2.183964,0.833844
0,114232.00,-11.484972,0.609954,-0.301685,-1.175807,-1.666504,1.133987
0,114254.00,-12.057216,2.223130,-1.783173,-0.954495,-1.284601,1.250902
0,114276.00,-12.532489,3.745919,-1.093009,0.047135,-0.616403,0.727316
0,114298.00,-13.305856,3.053361,-0.389078,0.264985,-0.213195,0.412526
0,114320.00,-13.688947,3.305963,0.141864,0.270045,0.215048,0.148603
0,114342.00,-14.691570,3.797397,0.873330,0.410662,0.664863,0.076430
0,114364.00,-15.967745,3.418496,3.317336,0.733175,1.349838,0.089480
0,114386.00,-16.654915,2.889350,6.285100,0.960613,2.414587,0.096404
0,114408.00,-15.815106,2.212355,9.795178,1.116144,3.709435,0.235423
0,114430.00,-14.856180,1.245048,13.525535,1.193643,4.848220,0.499613
0,114452.00,-13.959506,0.444147,16.388548,1.090843,5.657034,0.792298
0,114474.00,-12.949699,-0.505202,19.539476,1.043172,6.215241,1.176865
0,114496.00,-9.154696,-5.947500,19.614300,1.111883,7.048291,1.901522
0,114518.00,-5.402193,-6.107321,19.614300,0.813604,7.149759,2.217644
0,114540.00,-2.795373,-3.839897,19.614300,0.252468,6.730305,2.482100
0,114562.00,-2.175842,-2.284783,19.614300,0.788304,5.686330,1.898592
0,114584.00,-3.896762,-4.411541,19.614300,2.322308,4.424505,0.826920
0,114606.00,-3.790813,-7.689371,19.614300,3.250433,3.685466,-0.014119
0,114628.00,6.731042,-6.551468,19.614300,2.560132,3.512625,-0.297484
0,114650.00,-4.424112,-14.766393,19.614300,1.993935,2.890501,0.678580
0,114672.00,4.936497,-7.001601,19.614300,1.281262,1.394047,-0.919075
0,114694.00,2.302741,-8.646502,19.614300,1.519086,0.294412,-1.046110
0,114716.00,2.584672,-4.950863,19.614300,-0.056997,-0.934390,-0.530247
0,114738.00,0.982870,-5.117867,19.614300,-0.158464,-2.672129,-0.726259
0,114760.00,-1.286350,-2.514040,19.614300,-0.783252,-4.172044,-1.116951
0,114782.00,-5.298638,-0.590799,19.469442,-0.977665,-5.099637,-0.789377
0,114804.00,-6.702909,1.747258,19.614300,0.208258,-5.842404,-0.846103
0,114826.00,-8.796146,-0.158025,19.614300,1.041041,-6.404073,-1.111891
0,114848.00,-11.209625,-0.981673,19.614300,0.940372,-6.719662,-1.227207
0,114870.00,-13.128077,-0.729670,19.614300,0.853286,-6.695960,-1.115619
0,114892.00,-14.135489,-0.504604,18.885229,1.064211,-6.446152,-0.943576
0,114914.00,-15.619969,-1.310294,17.536026,1.178995,-5.971036,-0.607214
0,114936.00,-15.819896,-3.322723,11.147971,-0.099608,-4.117714,0.267381
0,114958.00,-14.740055,-3.614830,5.642224,-0.865012,-3.388530,0.695358
0,114980.00,-13.535710,-2.968363,4.476188,-1.113222,-2.869738,1.278865
0,115002.00,-13.301665,0.517772,1.924438,-1.606447,-2.314993,1.678612
0,115024.00,-14.183973,3.623210,-0.644073,-1.889545,-1.904328,1.528141
0,115046.00,-13.351946,5.657188,-4.920934,-1.406441,-1.612441,0.974195
0,115068.00,-13.015544,3.420890,-2.746888,-0.182966,-1.285932,0.726517
0,115090.00,-12.652205,1.650288,-1.833453,0.357664,-0.931194,0.635436
0,115112.00,-13.615920,0.503407,-0.478266,0.293481,-0.528251,0.614663
0,115134.00,-14.476081,1.567683,-0.319044,-0.152073,0.032885,0.486297
0,115156.00,-14.927411,3.761482,1.060087,0.135819,2.035080,0.699885
0,115178.00,-14.006195,3.405926,3.792010,0.894565,3.033248,0.861542
0,115200.00,-14.085208,1.401278,8.845230,1.290583,3.668155,0.787238
0,115222.00,-13.763770,1.012200,9.682645,0.797092,4.140607,0.437826
0,115244.00,-13.402825,0.442950,12.297247,0.656209,4.713462,0.599483
0,115266.00,-13.615322,-0.493829,16.243092,0.770460,5.202426,1.056222
0,115288.00,-13.702715,-0.770972,18.802624,0.584302,5.658899,1.382464
0,115310.00,-11.986583,-1.506628,19.614300,0.602146,6.073293,1.701782
0,115332.00,-10.464392,-3.053960,19.614300,1.091642,6.177158,2.219242
0,115354.00,-9.985527,-5.566803,19.614300,1.270077,5.203491,2.579573
0,115376.00,-9.446804,-3.939860,19.614300,1.326803,4.772053,1.785406
0,115398.00,-7.372123,-3.769863,19.614300,1.751051,4.611195,0.964075
0,115420.00,-4.998749,-4.520483,19.614300,2.229096,4.424238,0.525446
0,115442.00,2.825901,-5.145401,19.614300,2.217111,3.921959,-0.001602
0,115464.00,-6.028308,-14.458123,16.478334,1.727082,2.860406,0.608538
0,115486.00,0.284925,-4.787450,18.001722,1.590460,1.374606,-0.760348
0,115508.00,2.220735,-4.761113,19.614300,2.052526,0.839835,-1.469292
0,115530.00,0.922413,-6.792696,17.573139,1.177131,0.913073,-1.274612
0,115552.00,1.874756,-5.844544,19.614300,1.064478,0.458465,-1.194983
0,115574.00,4.406154,-4.702452,19.614300,0.188018,-1.636942,-0.914547
0,115596.00,0.687769,-1.621556,16.331083,-0.588838,-3.092382,-0.503349
0,115618.00,-0.174187,-1.377933,18.045420,0.105459,-4.509737,0.330766
0,115640.00,-10.727767,-1.947782,19.614300,0.782178,-5.632011,0.573383
0,115662.00,-11.446663,-0.174786,19.614300,-0.448221,-5.633609,-0.737178
0,115684.00,-11.927922,2.053133,18.936108,-0.401615,-4.627451,-1.391527
0,115706.00,-8.426224,0.970300,17.572540,-0.077769,-3.852459,-1.328675
0,115728.00,-8.404675,-0.581821,14.441962,0.242880,-4.062852,-0.992845
0,115750.00,-7.926409,-0.239432,15.059099,0.459398,-4.931056,-0.808552
0,115772.00,-10.656536,-0.753015,14.444356,0.472981,-5.695662,-0.531046
0,115794.00,-14.799913,-2.204574,13.093359,0.156060,-5.246113,0.089746
0,115816.00,-14.933397,-2.575694,10.602065,-0.235165,-4.175772,0.413059
0,115838.00,-13.515359,-2.089047,7.238639,-0.547558,-2.944840,0.628245
0,115860.00,-10.862448,-1.061284,6.528722,-0.679120,-2.093148,0.761672
0,115882.00,-9.762257,0.023345,3.828524,-0.866610,-1.855325,0.891103
0,115904.00,-9.812537,0.506399,1.789158,-0.823732,-1.951999,1.017339
0,115926.00,-11.201843,-0.004789,1.734688,-0.591767,-1.978631,1.099366
0,115948.00,-11.805812,1.048714,0.661432,-0.663674,-1.755987,0.957417
0,115970.00,-12.800653,2.025598,-0.647066,-0.582446,-1.243055,0.720392
0,115992.00,-12.682134,1.994472,-0.588405,-0.196016,-0.640372,0.419983
0,116014.00,-12.652205,2.302741,0.105350,0.580840,0.771924,0.365920
0,116036.00,-12.378055,1.986690,1.774194,1.107622,1.426272,0.376306
0,116058.00,-12.903010,0.302283,6.298268,1.312155,2.003921,0.294812
0,116080.00,-13.093958,-0.130491,7.496627,0.733708,2.726980,0.056190
0,116102.00,-11.886022,0.284925,8.696782,0.399476,3.659101,0.216248
0,116124.00,-11.216808,-0.542314,11.131211,0.429837,4.411189,0.744627
0,116146.00,-11.120437,-0.938575,13.508176,0.226368,4.708402,1.070337
0,116168.00,-11.442473,-0.380697,15.153675,-0.040485,4.778977,1.271408
0,116190.00,-11.470008,-0.442351,16.802765,0.074299,4.944095,1.613364
0,116212.00,-10.558369,-1.058291,17.594688,0.562997,5.302562,1.926023
0,116234.00,-8.186193,-5.403988,18.888819,1.389388,4.894560,1.831480
0,116256.00,-7.895282,-4.586327,18.791849,1.198703,4.486557,1.561431
0,116278.00,-6.871709,-3.407123,17.685673,1.070070,4.309454,1.182724
0,116300.00,-5.548845,-4.254115,18.618860,1.461561,4.059912,0.888440
0,116322.00,-4.186475,-5.880459,19.370678,1.562763,3.861504,0.719327
0,116344.00,4.889808,-4.720409,19.614300,1.184854,3.606902,0.437560
0,116366.00,-5.058608,-10.150735,14.446751,0.747024,3.000491,0.837040
0,116388.00,1.555113,-3.614232,17.143957,1.227199,2.047863,-0.185895
0,116410.00,2.202778,-3.532825,19.614300,1.728680,1.460628,-0.677256
0,116432.00,2.391331,-5.296843,14.923820,0.919067,0.683239,-1.022940
0,116454.00,1.011003,-5.687118,16.471750,0.368317,-1.281937,-1.094846
0,116476.00,-0.884703,-4.755725,16.982340,-0.015983,-1.976500,-0.555814
0,116498.00,1.264802,-2.152497,16.083870,-0.235964,-2.610342,-0.129169
0,116520.00,-5.852326,-2.597243,15.802536,-0.173378,-3.478546,0.205861
0,116542.00,-9.024206,-2.921075,13.608139,-0.355541,-4.074038,-0.225577
0,116564.00,-8.716536,1.082833,19.614300,0.620788,-4.121177,-0.772599
0,116586.00,-8.328655,0.070633,17.755707,0.281763,-3.762710,-0.949169
0,116608.00,-8.960756,-1.100790,14.862764,-0.056198,-3.774694,-0.855158
0,116630.00,-8.405872,-0.389078,13.993027,0.050863,-4.255935,-0.827727
0,116652.00,-9.856833,-1.249837,15.575076,0.209057,-4.791504,-0.626655
0,116674.00,-12.771921,-0.374712,13.130471,0.120106,-4.695629,-0.320920
0,116696.00,-12.249360,-0.928399,12.120067,0.162451,-4.269517,-0.278309
0,116718.00,-11.649582,-1.324061,10.510483,0.059652,-3.852459,-0.063921
0,116740.00,-11.133007,-1.312688,8.592629,-0.092417,-3.583476,0.100132
0,116762.00,-10.842096,-0.908646,6.423971,-0.150475,-3.400514,0.290019
0,116784.00,-11.397579,-0.835020,4.742557,-0.087357,-3.125406,0.520918
0,116806.00,-12.359499,-0.911639,3.158711,-0.021310,-2.625789,0.681509
0,116828.00,-12.151792,-0.814070,1.213922,-0.026370,-2.037754,0.700418
0,116850.00,-12.957481,-1.318674,1.009207,-0.123044,-1.481145,0.786439
0,116872.00,-12.722239,0.077816,-0.988257,-0.482044,-0.916546,0.775254
0,116894.00,-13.650638,0.746430,-1.085826,-0.299880,0.396679,0.650350
0,116916.00,-13.317827,0.862555,0.149645,-0.078036,1.277932,0.720658
0,116938.00,-13.092162,0.584215,1.643105,0.114247,2.107253,0.840236
0,116960.00,-12.683929,0.852379,4.137392,0.289486,2.711001,0.888174
0,116982.00,-13.172372,1.462932,6.881286,0.426108,3.238315,0.988843
0,117004.00,-13.508775,1.996866,9.541979,0.543023,3.815697,0.967803
0,117026.00,-13.069416,1.731096,11.594513,0.714000,4.414917,0.853552
0,117048.00,-12.224818,0.301086,14.242635,0.958482,4.868993,0.935046
0,117070.00,-11.713630,-0.073625,15.675637,0.962743,5.047960,1.122003
0,117092.00,-11.402966,-0.256193,16.813540,0.879918,5.058613,1.286855
0,117114.00,-8.884138,-0.884703,16.852448,0.941438,4.920393,1.505770
0,117136.00,-8.963151,-1.579057,17.337297,1.191512,4.479367,1.474611
0,117158.00,-9.136739,-2.051935,17.850283,1.477807,4.182153,1.051961
0,117180.00,-8.096406,-2.679248,18.534460,1.717761,4.125693,0.563529
0,117202.00,-5.985809,-3.376595,19.427542,1.872759,4.278561,0.188018
0,117224.00,-0.318445,-3.692646,19.614300,1.920963,4.305459,-0.341160
0,117246.00,-1.106776,-14.585622,16.816532,1.329200,3.749383,0.639697
0,117268.00,2.860618,-6.494603,18.934910,0.908947,2.209254,0.480970
0,117290.00,1.934015,-4.681501,19.614300,0.654345,0.924259,0.019437
0,117312.00,0.266369,-7.210506,17.923309,0.321178,0.199602,-0.226110
0,117334.00,-1.622154,-5.030474,18.907974,0.205595,-1.011356,-0.770734
0,117356.00,-0.518371,-4.627030,17.243320,-0.175243,-1.682217,-1.424018
0,117378.00,-0.963715,-4.559989,16.337667,-0.102804,-2.456676,-1.161426
0,117400.00,-3.218570,-3.860248,18.930721,-0.104401,-3.565899,-0.684180
0,117422.00,-5.036460,-3.197619,17.966406,-0.650358,-4.583242,-0.598159
0,117444.00,-9.129557,0.906850,16.018026,-0.579517,-5.165152,-0.747298
0,117466.00,-11.274870,0.244820,19.344339,-0.136893,-5.128666,-0.816275
0,117488.00,-13.088571,-0.548300,16.280802,-0.135295,-4.818935,-0.894840
0,117510.00,-11.850705,-0.686572,14.846004,-0.015717,-4.486568,-0.867675
0,117532.00,-11.659160,-0.922413,13.536309,0.235689,-4.422118,-0.746233
0,117554.00,-13.188534,-0.922413,11.123429,0.105725,-4.431706,-0.441563
0,117576.00,-13.964294,-1.841235,9.930457,-0.104668,-4.088952,-0.241823
0,117598.00,-14.065454,-2.458372,7.509198,-0.439699,-3.498786,0.075897
0,117620.00,-13.266349,-1.602401,5.829580,-0.711878,-2.783983,0.455137
0,117642.00,-12.277493,-0.320839,3.641766,-0.967279,-2.220450,0.683906
0,117664.00,-11.777678,0.465696,1.696378,-1.051969,-1.917111,0.827186
0,117686.00,-11.700461,1.385715,0.284326,-0.979796,-1.778891,0.895364
0,117708.00,-12.062004,2.924068,-0.774564,-0.739841,-1.549856,0.903620
0,117730.00,-12.695902,3.046178,-1.563493,-0.296685,-1.185796,0.768330
0,117752.00,-12.431928,1.817292,-0.742839,0.188284,-0.843308,0.462061
0,117774.00,-13.592576,1.237865,0.715304,0.259392,0.353002,0.345946
0,117796.00,-13.413001,2.091442,1.204943,0.293214,1.182057,0.270311
0,117818.00,-12.731217,1.553916,2.763050,0.626381,1.956249,0.255663
0,117840.00,-11.580745,1.158254,5.700885,0.998430,2.616990,0.395215
0,117862.00,-12.659388,-0.063450,8.562101,1.077794,3.149097,0.619190
0,117884.00,-12.598332,0.217883,10.433864,0.781113,3.684135,0.574449
0,117906.00,-12.002745,0.557877,11.807608,0.677248,4.347272,0.739034
0,117928.00,-11.709440,-0.193342,13.994224,0.839171,4.824251,1.180061
0,117950.00,-11.274272,-1.245048,15.470324,0.909746,5.065005,1.517755
0,117972.00,-10.454216,-2.240488,16.732731,0.865004,5.155021,1.820028
0,117994.00,-9.783805,-5.540465,18.991776,0.817599,4.944362,2.402204
0,118016.00,-9.276209,-5.367475,19.614300,0.727849,4.873787,2.154260
0,118038.00,-7.671413,-3.699829,18.603895,0.740899,4.857541,1.533467
0,118060.00,-4.573757,-3.054559,19.559830,1.285257,4.863933,0.837839
0,118082.00,-0.753015,-4.206228,18.864279,1.993669,4.662861,0.140080
0,118104.00,2.494287,-5.992393,18.126825,2.547615,3.822088,-0.488435
0,118126.00,2.578088,-18.187283,15.258427,1.953454,2.025493,0.271909
0,118148.00,1.881938,-9.660498,17.732960,0.980587,-0.560742,-0.041017
0,118170.00,0.429781,-5.642224,19.614300,0.318781,-1.991681,-0.222648
0,118192.00,-5.242372,-5.855917,16.180840,-1.131066,-0.945575,0.177898
0,118214.00,-3.724370,-3.644759,15.585850,-0.913482,-0.929862,-0.562738
0,118236.00,-2.380556,-3.155719,15.736094,-0.841842,-1.708849,-1.164356
0,118258.00,-3.996725,-2.020809,13.979259,-0.843174,-2.790108,-1.201907
0,118280.00,-5.299237,-1.281562,14.049293,-0.474054,-4.032226,-1.315093
0,118302.00,-7.978485,0.390873,13.512365,0.242347,-4.932920,-1.711644
0,118324.00,-9.812537,-1.591627,17.102057,0.991240,-5.180864,-1.960387
0,118346.00,-10.669705,-2.147708,15.663067,1.077527,-5.094577,-2.100737
0,118368.00,-9.668878,-2.736712,15.393107,1.073000,-4.998435,-1.976632
0,118390.00,-9.817326,-3.337687,14.707732,1.069804,-5.125470,-1.817639
0,118412.00,-11.123429,-1.617366,13.027515,1.013078,-5.488997,-1.100705
0,118434.00,-12.780900,-2.534990,12.800055,0.932383,-5.000566,-0.602953
0,118456.00,-12.886250,-3.938663,10.179467,0.349142,-4.049004,-0.179770
0,118478.00,-12.069786,-4.539638,7.306279,-0.272982,-3.034590,0.229298
0,118500.00,-10.207601,-3.545993,5.709265,-0.851430,-2.268387,0.656742
0,118522.00,-9.901127,-1.473706,3.130578,-1.376613,-1.867842,1.189648
0,118544.00,-10.589495,0.331614,1.066671,-1.462634,-1.640937,1.540125
0,118566.00,-11.147971,1.733490,0.386085,-1.131865,-1.408706,1.541457
0,118588.00,-11.641202,2.774423,-0.126899,-0.614937,-1.041983,1.316949
0,118610.00,-12.018907,2.366789,0.626116,0.015176,-0.561275,0.925192
0,118632.00,-11.006706,0.422000,3.338286,0.615995,0.479770,0.432766
0,118654.00,-11.380819,0.528547,3.783031,0.433832,1.024928,0.407200
0,118676.00,-10.914525,1.232478,4.893399,0.356599,1.587929,0.337157
0,118698.00,-11.563386,1.142691,6.151018,0.517722,2.171969,0.321977
0,118720.00,-9.661097,1.026566,8.192777,0.684173,2.719523,0.266582
0,118742.00,-10.339289,-0.519568,10.244713,0.759275,3.110481,0.400808
0,118764.00,-9.586872,-0.537526,11.079733,0.583503,3.386389,0.387758
0,118786.00,-9.946021,-1.592225,13.348354,0.643426,3.762965,0.742230
0,118808.00,-10.002886,-1.447369,13.464479,0.503341,4.128623,1.091110
0,118830.00,-9.423459,-1.233077,14.017569,0.602945,4.327298,1.311889
0,118852.00,-8.170630,-5.086740,16.996107,1.059151,4.462588,2.039476
0,118874.00,-8.934419,-7.343391,18.465025,0.845030,4.415184,2.542288
0,118896.00,-9.525218,-7.379904,19.614300,0.463926,4.496677,2.706608
0,118918.00,-8.729106,-4.899385,19.139027,0.128096,4.854878,2.384094
0,118940.00,-5.995985,-2.746888,18.006512,0.406401,5.229590,1.647719
0,118962.00,-3.894966,-3.050967,17.776657,1.270077,5.270071,0.803218
0,118984.00,8.030561,-1.167831,19.084557,2.093006,4.816794,-0.160861
0,119006.00,-1.486875,-12.512735,13.238814,2.463191,3.456964,0.540892
0,119028.00,5.661977,-8.146088,16.865616,2.433363,1.411358,-0.631449
0,119050.00,2.318304,-8.875758,19.614300,2.018170,-0.186296,-0.935587
0,119072.00,-0.055668,-7.744440,17.768875,0.222906,-1.000171,-0.477516
0,119094.00,-0.987060,-6.074399,18.366259,-0.124908,-1.280073,-0.597360
0,119116.00,-0.665023,-4.894596,16.544777,-0.629052,-1.816975,-0.974203
0,119138.00,-1.172620,-3.779440,16.058729,-0.479647,-2.616468,-0.679120
0,119160.00,-3.918311,-2.974349,16.801567,-0.333437,-3.629017,-0.488169
0,119182.00,-8.003626,-3.791412,14.226473,-0.617334,-4.600553,-0.543563
0,119204.00,-7.300293,0.933786,18.387209,0.144075,-5.277272,-1.017347
0,119226.00,-9.200788,-0.813471,19.614300,0.555806,-5.371816,-1.131066
0,119248.00,-9.252265,-2.500871,18.838539,0.663133,-5.253304,-1.250111
0,119270.00,-8.742274,-2.457175,18.714033,0.803484,-5.310563,-1.181400
0,119292.00,-11.234765,-0.383690,15.962358,0.617592,-5.947600,-0.945441
0,119314.00,-12.938327,-2.224925,14.608368,0.618125,-5.714570,-0.765142
0,119336.00,-13.498000,-4.571961,12.766534,0.209856,-5.062885,-0.404278
0,119358.00,-13.384270,-4.128413,10.052568,-0.570462,-4.071908,0.355533
0,119380.00,-12.883856,-1.162444,7.038713,-1.236529,-2.952031,1.019736
0,119402.00,-11.675321,0.680587,3.495114,-1.538536,-2.205269,1.236787
0,119424.00,-11.194062,0.849985,2.581081,-1.348916,-1.853194,1.310291
0,119446.00,-11.912359,1.685604,1.322864,-1.093248,-1.574091,1.301503
0,119468.00,-12.114080,3.504691,0.154434,-0.751559,-1.185530,1.084718
0,119490.00,-12.261332,3.618422,0.089787,-0.100673,-0.645432,0.784842
0,119512.00,-11.427508,-0.879315,2.631362,0.671389,0.231826,0.318781
0,119534.00,-11.793242,-0.971497,3.489128,0.344881,0.694957,0.363257
0,119556.00,-12.224219,0.988257,3.077305,0.033020,1.393515,0.521717
0,119578.00,-12.385837,2.666678,2.869597,0.262854,2.113645,0.605342
0,119600.00,-12.263127,2.536786,5.219027,1.006420,2.671852,0.549148
0,119622.00,-12.755161,0.615341,8.982903,1.536397,3.122732,0.426907
0,119644.00,-13.038290,-1.099593,11.805812,1.398177,3.762433,0.313721
0,119666.00,-12.224818,-1.802327,14.081616,1.103360,4.660731,0.517456
0,119688.00,-10.980369,-1.913065,16.063519,0.890571,5.442647,0.996300
0,119710.00,-9.942430,-1.680217,17.013466,0.672188,5.754508,1.482334
0,119732.00,-9.465361,-2.704987,18.594917,0.670324,5.272202,2.434429
0,119754.00,-10.633790,-3.174275,19.427542,0.770460,4.853280,2.833909
0,119776.00,-11.935703,-2.994102,19.614300,0.975527,4.632767,2.625647
0,119798.00,-10.222565,-2.690023,19.614300,1.399508,4.876983,1.688998
0,119820.00,-6.926180,-3.267653,19.614300,2.026692,5.429863,0.659937
0,119842.00,-1.640112,-3.162303,19.614300,2.379567,5.598711,-0.263927
0,119864.00,4.901779,-4.203834,18.119045,2.384627,4.637827,-0.665804
0,119886.00,17.494125,-6.841780,19.614300,2.028290,2.605272,0.025030
0,119908.00,-2.877977,-13.523140,16.213163,0.773390,-0.160730,1.246907
0,119930.00,-1.493459,-4.038626,16.792589,0.331565,-1.802061,-0.369390
0,119952.00,-4.555201,-9.885564,19.614300,0.875390,1.288585,-0.271118
0,119974.00,3.595077,-6.456892,19.026493,-0.152339,1.826019,-1.325213
0,119996.00,4.700656,-5.425538,14.420413,-0.396555,0.619855,-1.398718
0,120018.00,5.746377,-4.622840,16.417278,-0.174710,-1.990349,-1.081797
0,120040.00,2.718156,-3.632788,18.043623,0.041276,-4.967808,-0.518796
0,120062.00,-4.188869,-2.470942,19.614300,0.279898,-7.158025,-0.026902
0,120084.00,-12.774316,-2.204574,19.614300,-0.034892,-7.837941,-0.555548
0,120106.00,-15.245856,2.877378,19.614300,0.525446,-6.898630,-1.986220
0,120128.00,-13.789509,-0.955335,19.614300,1.364887,-5.031725,-2.358269
0,120150.00,-11.914155,-3.477157,19.142618,1.533468,-4.161391,-2.234430
0,120172.00,-9.834684,-4.115842,14.808892,0.470584,-5.159825,-1.105765
0,120194.00,-12.416364,-3.851270,12.982622,-0.025837,-5.803787,-0.195217
0,120216.00,-15.444585,-3.693843,11.291631,-0.464999,-5.675954,0.593890
0,120238.00,-17.291805,-2.824703,8.935018,-0.912949,-4.645028,1.206160
0,120260.00,-17.117020,-0.298692,5.419552,-1.422953,-3.046575,1.454370
0,120282.00,-14.637698,2.126159,0.839809,-1.632280,-1.696332,1.267414
0,120304.00,-12.993995,2.107005,-0.479463,-1.188591,-1.043315,1.041308
0,120327.00,-12.161368,2.023802,-0.591997,-0.710014,-0.863282,0.855416
0,120349.00,-12.596537,2.937835,-0.800303,-0.521725,-0.748764,0.653812
0,120371.00,-13.860142,2.423056,0.371120,0.097736,0.028890,0.147537
0,120393.00,-13.607540,1.841235,1.770602,0.264452,0.746890,-0.035957
0,120415.00,-12.840159,2.225524,2.005845,0.354468,1.660634,0.069772
0,120437.00,-11.363461,3.380785,2.270417,0.792032,2.418848,0.336092
0,120459.00,-12.433125,1.894509,4.994559,1.536397,2.685434,0.553409
0,120481.00,-13.926584,-0.308868,11.244942,1.492454,2.831111,0.300671
0,120503.00,-14.390484,-0.323832,11.020473,0.652214,3.597314,0.116911
0,120526.00,-12.839561,-0.283129,13.158605,0.541957,4.799483,0.606141
0,120548.00,-11.347299,-1.919050,14.777167,0.705744,5.562491,1.096702
0,120570.00,-10.973186,-3.264660,15.902499,0.535832,5.631734,1.397112
0,120592.00,-11.853100,-4.354078,16.976952,0.313987,5.620815,2.500742
0,120614.00,-13.125084,-6.270734,18.597311,0.543555,5.508162,2.770525
0,120636.00,-14.016371,-5.824791,19.614300,0.669259,5.321205,2.510596
0,120659.00,-12.419955,-2.927659,19.614300,0.804816,5.645849,1.824555
0,120681.00,-8.795548,-1.154064,19.614300,1.501509,6.287414,0.674851
0,120704.00,-1.500044,-0.165208,19.614300,2.681307,6.286349,-0.775795
0,120726.00,7.283533,-2.075879,19.614300,3.508231,4.965135,-1.398185
0,120748.00,15.930035,-7.986267,19.614300,3.277598,2.312320,-0.562472
0,120770.00,-2.760057,-10.737944,14.699950,1.894331,-0.914149,-0.039419
0,120793.00,-3.195824,-6.227037,19.614300,1.397112,-1.184997,-0.362199
0,120815.00,-3.474164,-5.017305,19.614300,-0.050072,0.003324,-0.079900
0,120838.00,2.677453,-0.609355,18.276472,-1.047175,0.043538,-0.878328
0,120860.00,3.615429,0.316051,16.529812,-0.824798,-1.187926,-0.413333
0,120882.00,1.427616,0.491435,17.282228,-0.493495,-3.320884,0.052727
0,120904.00,0.662629,2.999489,13.532718,0.129161,-5.444521,-0.109728
0,120926.00,-8.105384,-1.308498,19.614300,1.974494,-6.970536,0.337690
0,120948.00,-12.281683,-2.537983,19.614300,1.590194,-7.605710,-0.375782
0,120970.00,-15.380537,-1.884931,18.942692,0.734241,-5.397383,-1.055164
0,120992.00,-12.686923,-2.978539,16.544777,1.027992,-4.455409,-0.622128
0,121015.00,-10.600868,-4.309783,16.381962,0.889772,-4.374447,-0.148877
0,121037.00,-10.618227,-4.263093,14.523369,0.232227,-4.739572,0.383763
0,121059.00,-12.357104,-3.225154,12.567206,-0.515866,-5.008289,1.158489
0,121081.00,-14.453335,-2.149504,9.338461,-1.165155,-4.800559,1.723354
0,121103.00,-15.228498,-2.042957,6.305451,-1.435470,-4.090550,1.910044
0,121125.00,-15.111774,-1.096002,4.817379,-1.547324,-2.981593,2.026959
0,121147.00,-14.844209,1.978310,1.364764,-1.752124,-1.868641,1.898592
0,121170.00,-14.025949,6.701114,-3.979964,-0.972073,-1.225211,0.827453
0,121192.00,-14.288725,5.322582,-2.853435,-0.033827,-1.292590,0.314520
0,121214.00,-16.020420,3.312547,-0.770972,0.546751,-0.967147,0.086816
0,121236.00,-17.755108,2.303339,1.458742,0.588031,-0.047543,-0.070845
0,121258.00,-16.786604,2.447598,3.519057,0.428771,1.455035,-0.140621
0,121280.00,-13.630286,2.743296,4.355275,0.526777,3.074794,0.254332
0,121302.00,-11.014487,2.280593,6.321014,1.014410,4.008246,0.920132
0,121324.00,-12.090736,1.330047,10.854068,1.320411,4.025823,1.134520
0,121346.00,-12.988607,1.027763,12.915581,0.771792,4.004251,0.696157
0,121368.00,-12.847941,1.079241,13.211878,0.544621,4.542485,0.691363
0,121390.00,-10.368619,-0.375310,16.598051,1.198703,5.239977,1.242646
0,121412.00,-9.636555,-0.511188,17.185858,1.282061,4.850883,1.277534
0,121434.00,-10.526046,-1.833453,17.698242,1.522282,4.358724,1.496982
0,121456.00,-12.542665,-3.394552,19.614300,1.869564,4.063108,1.571285
0,121478.00,-12.636642,-2.006443,19.614300,1.773422,4.487090,0.803484
0,121500.00,-9.620393,0.934983,19.614300,1.700450,5.514287,-0.326246
0,121522.00,-3.116212,-1.713737,19.614300,3.033649,5.980347,-1.651455
0,121544.00,0.439957,-3.881797,19.614300,3.560963,5.794722,-1.756385
0,121566.00,5.145401,-3.806376,19.614300,2.665861,4.796288,-1.104434
0,121588.00,19.613701,-5.916973,19.614300,1.334793,3.099296,-0.151274
0,121610.00,2.480519,0.521963,19.614300,-0.685512,-1.759982,-0.170715
0,121632.00,-1.419834,-2.998890,19.253355,0.141945,-1.561574,-0.259666
0,121654.00,-5.706272,-4.857484,17.515675,0.528642,-0.531980,0.077229
0,121676.00,-0.137674,-2.971954,19.614300,0.239418,-0.043815,-0.742505
0,121698.00,1.255224,-3.762680,14.156439,0.126498,-0.702158,-1.273547
0,121720.00,2.282988,-4.768296,16.526220,0.435696,-2.357072,-0.849299
0,121742.00,-0.132885,-4.035034,17.328918,0.260723,-4.364327,-0.221316
0,121764.00,-2.343444,-1.882537,19.614300,-0.123310,-5.908185,0.073767
0,121786.00,-13.210082,-1.801729,19.534090,-0.743304,-6.442689,-0.020244
0,121808.00,-14.840018,0.027535,19.614300,-0.595496,-5.915908,-0.551287
0,121830.00,-12.142214,0.751219,14.677803,-0.320920,-3.925698,-1.025337
0,121852.00,-10.677486,0.435767,13.081388,0.043140,-3.944872,-1.269819
0,121874.00,-10.192636,-0.293903,11.927323,0.215715,-4.362463,-1.213891
0,121896.00,-11.236561,-1.087023,10.735549,0.206927,-4.693765,-0.858088
0,121918.00,-12.754562,-1.707153,9.129557,0.126498,-4.680982,-0.420257
0,121940.00,-13.237019,-1.498248,7.151845,0.002127,-4.199208,0.212786
0,121962.00,-13.343566,-0.547103,5.693702,-0.226110,-3.458838,0.904153
0,121984.00,-12.999981,1.265400,3.896163,-0.705220,-2.782918,1.182191
0,122006.00,-12.825793,3.622612,0.496822,-1.013352,-2.324314,1.182191
0,122028.00,-13.343566,3.632788,-0.693755,-0.543830,-1.859053,1.205627
0,122050.00,-12.817413,1.321068,1.872361,0.089213,-0.227310,1.026128
0,122072.00,-12.873081,2.189010,1.600605,-0.039686,0.535165,0.923062
0,122094.00,-12.711465,1.785567,1.371948,0.043939,0.954886,0.699086
0,122116.00,-12.279289,1.846622,3.370609,0.382432,1.274203,0.521185
0,122138.00,-12.399005,1.978909,3.781236,0.592026,1.739997,0.479372
0,122160.00,-12.819209,1.789158,5.523106,1.022666,2.256925,0.398145
0,122182.00,-12.680937,0.274749,7.979682,1.403770,2.795158,0.225037
0,122204.00,-13.024523,-1.019383,10.514074,1.447180,3.329663,0.144075
0,122226.00,-12.606114,-1.508424,12.497172,1.272207,3.976022,0.215183
0,122248.00,-12.108693,-1.816095,14.663437,1.160087,4.623979,0.457534
0,122270.00,-8.888329,-2.730128,17.194836,0.915072,5.345706,0.999229
0,122292.00,-8.327457,-3.200612,17.859859,0.835176,5.102556,1.376339
0,122314.00,-9.533598,-3.279026,19.055225,0.837573,4.700945,1.598716
0,122336.00,-9.653913,-2.575694,19.614300,0.888174,4.590689,1.270343
0,122358.00,-7.831833,-1.591627,19.614300,1.058885,4.939301,0.598417
0,122380.00,-4.479181,-1.212126,19.614300,1.351038,5.260750,-0.076438
0,122402.00,2.636150,-0.128695,19.614300,1.654111,5.161146,-0.696431
0,122425.00,4.488759,-6.698719,19.528702,1.812038,4.312384,0.366719
0,122447.00,6.040879,-3.249696,17.993940,1.761970,2.429500,0.144608
0,122469.00,3.404728,-5.890036,19.614300,0.657807,-0.326647,-0.633313
0,122491.00,2.441013,-4.831147,18.560198,0.310792,-0.632915,-0.072443
0,122513.00,0.599778,-4.576151,19.614300,0.378703,-1.124542,-0.001602
0,122535.00,0.519568,-3.110226,19.614300,-0.189624,-1.837748,-0.712410
0,122557.00,-0.043098,-1.494058,19.614300,-0.083362,-2.408205,-0.620264
0,122579.00,-2.263234,-1.104980,18.235168,0.009850,-3.152837,-0.264726
0,122601.00,-1.722716,-2.239890,19.043253,0.209057,-4.228770,-0.209598
0,122623.00,-7.405643,-1.543740,19.614300,0.264985,-5.200306,-0.080433
0,122645.00,-10.853469,-1.063080,19.614300,-0.206668,-5.528945,-0.091085
0,122667.00,-12.493581,0.351367,18.861883,-0.597094,-5.252505,-0.046077
0,122689.00,-12.434920,0.929596,14.994452,-0.323050,-4.455409,0.294280
0,122711.00,-12.193093,1.073854,12.787484,-0.123310,-4.404008,0.281763
0,122733.00,-12.403794,1.051707,12.583967,-0.011988,-4.434369,0.340886
0,122755.00,-10.111229,5.176528,8.226896,-0.127571,-3.993609,0.666329
0,122777.00,-15.712749,-1.185190,11.862677,0.553143,-3.676955,1.278599
0,122799.00,-13.329200,-0.769775,8.554320,-0.115054,-3.438864,0.595222
0,122821.00,-12.467842,-0.628510,5.557225,-0.760348,-2.957624,0.729980
0,122843.00,-12.213446,-0.671009,3.383778,-1.152105,-2.529381,1.042373
0,122865.00,-11.732186,1.236070,1.399482,-1.488734,-2.212993,1.076995
0,122887.00,-12.189502,4.618650,-1.304308,-1.502316,-1.951999,1.001360
0,122909.00,-12.913186,4.470801,-1.003820,0.120106,-1.162626,0.490025
0,122931.00,-13.555464,1.929825,0.779951,0.670058,-0.584179,0.431701
0,122953.00,-14.045701,1.622753,1.662858,0.545420,0.137815,0.336092
0,122975.00,-14.054680,2.955194,1.303111,0.346479,0.901355,0.214916
0,122997.00,-13.727855,3.095262,2.792380,0.666329,1.670222,0.269512
0,123019.00,-12.915581,2.652911,5.111282,1.165413,2.462790,0.446349
0,123041.00,-13.326207,1.523987,9.039170,1.499379,3.140309,0.636235
0,123063.00,-13.497401,1.016989,12.187706,1.290317,3.756574,0.525978
0,123085.00,-12.554636,1.361173,14.152847,1.004822,4.444745,0.465790
0,123107.00,-11.444867,0.900266,16.311331,1.043438,5.128389,0.778983
0,123129.00,-8.260417,-0.623123,18.806215,1.183257,5.307889,1.180327
0,123151.00,-8.366365,-1.693385,19.614300,1.315351,4.806141,1.528940
0,123173.00,-9.187020,-2.750479,19.614300,1.390720,4.498808,1.836007
0,123195.00,-9.675462,-1.726906,19.614300,1.285523,4.552072,1.414689
0,123217.00,-7.460114,0.500414,18.523685,1.453838,4.691358,0.131026
0,123239.00,-5.871480,0.016162,17.433670,2.479703,4.598678,-0.940647
0,123261.00,-3.294590,1.641907,18.629036,3.398508,4.540886,-1.327876
0,123283.00,-1.163043,0.843999,19.614300,3.782275,4.494547,-1.204836
0,123305.00,16.660902,1.966338,19.614300,3.617689,3.735534,-1.223479
0,123327.00,-0.711713,-16.296965,17.341488,2.309258,2.007915,0.609070
0,123349.00,5.447086,2.751078,19.614300,-0.208533,-1.034792,-2.194482
0,123371.00,0.207109,-0.876921,18.161545,0.150733,-0.012389,-0.469260
0,123393.00,4.365451,-0.056865,19.614300,0.355533,0.383363,-0.279108
0,123415.00,11.357474,1.229485,19.614300,0.136618,-0.758086,-0.821069
0,123437.00,10.246509,0.706924,19.614300,0.156592,-2.919274,-0.172579
0,123459.00,11.078536,3.528635,19.614300,-0.065519,-5.749458,0.626381
0,123481.00,6.131863,7.068044,19.614300,0.179762,-8.654745,1.410960
0,123503.00,-2.784000,8.933821,19.614300,1.017872,-8.654745,1.943867
0,123525.00,-17.212194,5.335751,19.614300,2.175565,-8.654745,1.500177
0,123547.00,-19.614300,1.544937,19.614300,1.005621,-8.399344,0.050597
1,123569.00,-19.614300,-3.273639,18.086123,0.003192,-2.488634,1.864237
1,123591.00,-19.288073,-1.053502,14.107355,-1.584875,-1.467296,0.516391
1,123613.00,-11.627435,-0.484851,5.619478,-3.634742,-0.735448,-0.185629
0,123635.00,-11.748348,-2.004647,0.007183,-4.163653,-0.890713,0.516657
0,123657.00,-9.741306,2.126159,-0.146054,-3.874696,-1.665971,0.893766
0,123679.00,-9.647328,4.226580,0.286720,-3.744199,-2.482242,1.382464
0,123701.00,-12.967058,4.686290,-1.529973,-3.494923,-3.180534,2.017105
0,123723.00,-13.028114,5.711659,-0.427387,-2.684777,-3.078267,2.613129
0,123745.00,-15.728911,5.769722,0.117322,-1.376613,-2.369056,3.151096
0,123767.00,-15.492472,5.857114,2.427844,-0.483375,-1.578884,2.879716
0,123789.00,-14.471292,3.195824,5.229802,0.713468,0.221973,1.368615
0,123811.00,-10.895370,1.342617,8.784175,0.771259,1.437724,1.494585
0,123833.00,-7.971901,2.195595,5.572190,0.488960,2.367714,2.061847
0,123855.00,-6.234221,3.047375,3.458601,1.074065,2.424440,2.664796
0,123877.00,-5.764334,2.953997,10.637980,2.038411,1.715230,2.815799
0,123899.00,-7.403249,1.319871,12.656994,1.557969,1.039043,2.477572
0,123921.00,-7.617541,1.441383,11.052198,1.129460,1.058218,2.303133
0,123943.00,-6.704705,0.067041,14.073834,1.542256,1.488591,2.734039
0,123965.00,-7.816868,-2.543969,14.913045,1.640528,1.885408,2.967069
0,123987.00,-6.719071,-1.987289,15.160858,1.440788,2.221504,2.725783
0,124009.00,-4.837132,-3.164697,16.541185,1.941470,3.097964,3.240314
0,124031.00,-4.743155,-4.837132,17.412720,2.210453,3.308890,3.419813
0,124053.00,-6.029506,-4.875442,17.609055,1.940138,3.149896,2.828583
0,124075.00,-2.347634,-2.858823,16.224537,1.664763,3.128591,2.083951
0,124097.00,-5.424340,-6.026513,15.351805,2.056520,3.236184,1.984347
0,124119.00,-1.464129,-6.187531,16.705795,2.251733,3.276398,0.987511
0,124141.00,-1.622154,-8.171228,16.018026,2.245874,2.881978,-0.009858
0,124163.00,1.172620,-7.799510,15.237476,2.089278,1.955983,-1.203505
0,124185.00,3.656731,-6.401225,14.642487,1.936144,0.799088,-1.835749
0,124207.00,4.547419,-5.727222,12.083553,1.794195,-0.359671,-1.766772
0,124229.00,-1.713737,-8.115561,12.401999,1.205361,-1.899534,-1.095379
0,124251.00,-3.625605,-7.364341,11.496346,0.601347,-1.781021,-0.568864
0,124273.00,-4.060174,-6.450308,11.639406,0.055923,-1.428414,0.015709
0,124295.00,-7.881515,-4.567771,8.647100,-0.572859,-1.339995,0.511064
0,124317.00,-18.511713,-2.711572,-0.422000,-1.245583,-1.651590,0.472714
0,124339.00,-16.911707,-0.104153,5.358497,-1.294054,-1.509109,0.402672
0,124361.00,-16.395731,0.230454,8.712944,-1.337198,0.188949,1.534533
0,124383.00,-9.191809,2.090843,9.064910,-1.494593,2.451339,2.069304
0,124405.00,-2.203376,3.330504,8.071864,-1.376613,3.185317,1.900989
0,124427.00,-0.193940,3.553775,5.750567,-0.963817,2.096600,1.546517
0,124449.00,-4.673720,3.613034,6.529321,0.135287,-1.516832,0.874059
0,124471.00,-7.884508,1.457545,8.706958,0.658339,-1.933623,0.594955
0,124493.00,-9.403707,-0.884104,10.642170,0.782445,-1.134130,0.176833
0,124515.00,-8.195171,-1.620359,9.987922,0.371246,0.201466,-0.109195
0,124537.00,-5.876269,-0.861957,8.589038,-0.120647,1.131722,0.052994
0,124559.00,-4.974806,-0.235841,6.349148,-0.412534,1.234522,0.511863
0,124581.00,-5.239977,-0.568652,6.464076,-0.362466,0.827851,0.841834
0,124603.00,-5.439305,-1.582049,7.387087,-0.230105,0.406532,0.707875
0,124625.00,-6.481434,-2.452985,8.045527,-0.148344,0.152729,0.573383
0,124647.00,-7.244625,-3.180859,8.635727,-0.252209,0.115977,0.645822
0,124669.00,-7.862959,-0.966110,8.250241,-1.218685,0.587097,1.429869
0,124691.00,-7.229661,0.455520,8.625551,-1.464765,0.990839,1.733208
0,124713.00,-5.943310,1.987289,7.358954,-1.500718,1.088046,1.441321
0,124735.00,-5.247759,2.982729,6.480836,-1.215755,0.724519,0.860476
0,124757.00,-5.339342,3.192831,7.139874,-0.839711,0.174035,0.333429
0,124779.00,-5.612295,4.231967,5.800249,-0.555548,-0.242490,0.034618
0,124801.00,-5.888839,3.841692,6.243798,-0.097477,-0.404679,0.127563
0,124823.00,-7.283533,2.605623,9.236702,0.111052,-0.263263,0.469785
0,124845.00,-6.658016,3.101248,6.411400,-0.124109,0.106123,0.557937
0,124867.00,-7.729475,0.337001,7.701342,0.104127,0.360459,0.665796
0,124889.00,-5.719441,0.587806,7.161422,-0.194684,0.425707,0.083887
0,124911.00,-5.625463,0.838013,6.422773,-0.159530,0.213983,0.232760
0,124933.00,-6.899244,-0.422000,6.938750,-0.082563,-0.100009,0.540626
0,124955.00,-8.550729,-1.989084,6.816041,-0.041816,-0.249947,0.753416
0,124977.00,-9.556344,-3.705216,8.120948,-0.091618,-0.151408,0.791233
0,124999.00,-9.908310,-4.823964,9.082269,-0.398153,0.133022,0.640496
0,125021.00,-8.997270,-4.808999,9.146317,-0.877263,0.500277,0.467654
0,125043.00,-7.587013,-6.190524,10.649952,-1.349715,0.945831,0.700684
0,125065.00,-6.204890,-6.710691,11.898592,-2.252274,1.345577,1.453305
0,125087.00,-5.726624,-5.557225,11.561590,-3.427278,1.518419,2.266381
1,125109.00,-7.179379,-1.207338,11.411945,-4.879522,0.890969,2.296209
1,125131.00,-9.726341,0.471682,10.444638,-4.976196,0.678712,2.207524
1,125153.00,-12.042251,-1.542543,9.804157,-4.653150,0.938906,1.975825
1,125175.00,-12.633649,-2.986919,10.423688,-4.587369,1.641992,2.008050
1,125197.00,-13.185540,-2.345839,10.461399,-4.788707,2.708604,2.188349
1,125219.00,-11.219202,-3.824333,9.804755,-4.926661,3.673216,1.855182
1,125241.00,-8.747063,-6.088765,11.380819,-5.183660,4.450604,2.158521
1,125263.00,-7.545711,-5.249555,11.926126,-6.182094,5.084180,3.130323
1,125285.00,-7.075226,-1.667048,11.132408,-7.317683,5.439983,3.726081
1,125307.00,-7.503810,7.389482,6.026513,-7.570953,5.856508,3.057085
1,125329.00,-9.183429,9.977147,0.738649,-6.249473,5.885537,2.061580
1,125351.00,-8.779985,8.798541,-0.420802,-4.254735,5.868759,0.895631
1,125373.00,-5.781693,7.432580,-1.958557,-2.637905,5.867427,-0.333437
0,125395.00,-2.148906,5.588352,-3.836305,-1.399516,5.136112,-1.268221
0,125417.00,-1.087023,2.638545,-5.136423,-0.485772,3.525408,-1.709780
0,125439.00,-2.687030,0.565060,-5.517719,-0.350215,1.565025,-1.715372
0,125461.00,-6.048660,-1.028362,-4.065562,-0.690040,0.198536,-1.546792
0,125483.00,-8.274184,0.047288,-3.674688,-1.399250,-0.004932,-1.292722
0,125505.00,-10.048977,1.572472,-3.803383,-1.825895,0.732508,-0.906558
0,125527.00,-8.638720,3.483741,-4.905371,-1.802992,2.305928,-0.526785
0,125549.00,-6.520342,3.917114,-5.482403,-1.593930,2.860140,-0.488169
0,125571.00,-4.141582,3.421489,-6.674177,-1.288994,2.843362,-0.478315
0,125593.00,-3.078502,2.778613,-6.501786,-1.026402,2.313385,-0.350748
0,125615.00,-3.544198,3.271245,-7.172795,-0.941179,1.560498,-0.347019
0,125637.00,-4.906568,3.309554,-7.045896,-0.749429,0.759673,-0.539835
0,125659.00,-5.255540,3.642365,-6.294677,-0.565668,0.395613,-0.645031
0,125681.00,-5.647012,3.859051,-5.899613,-0.411735,0.594821,-0.476451
0,125703.00,-5.195084,3.254484,-6.282107,-0.301745,0.928520,-0.306538
0,125725.00,-4.773683,3.013855,-6.778330,-0.282570,1.055288,-0.149676
0,125747.00,-4.320557,3.216774,-7.194943,-0.214125,0.737302,-0.267389
0,125769.00,-2.718156,6.206087,-6.978256,0.017573,0.572450,-0.165655
0,125791.00,-9.084662,4.927518,-2.732522,1.113747,1.439588,0.394682
0,125813.00,1.811904,1.885530,-7.862360,0.684971,1.782875,-0.478049
0,125835.00,-3.150930,1.188183,-7.111740,0.629577,0.533035,-0.108130
0,125857.00,-4.331930,0.708720,-6.396436,0.285758,0.020901,0.140347
0,125879.00,-3.611837,2.059118,-7.723490,-0.288162,-0.100808,0.190149
0,125901.00,-4.070949,2.528406,-7.263181,-0.406409,-0.305608,0.349408
0,125923.00,-4.793436,3.392757,-8.056301,-0.538237,-0.297618,0.401607
0,125945.00,-4.822168,3.053361,-7.708525,-0.397886,-0.150609,0.237554
0,125967.00,-5.902008,0.770972,-7.521169,-0.370988,0.225701,0.478307
0,125989.00,-4.609672,1.317477,-8.446575,-0.823200,0.529306,0.514793
0,126011.00,-2.605623,3.287406,-9.969365,-1.009890,0.439822,0.366719
