-0.056865,2.764845,-5.538669,0.634862,-0.145007,-0.017168
-0.286122,1.793348,-5.247160,0.272933,-0.097869,0.247421
-0.449534,2.124962,-4.994559,0.241773,-0.126232,0.468466
-0.395662,3.104839,-4.922131,0.160279,-0.141811,0.500691
-0.037711,3.106036,-5.346525,-0.613913,0.009458,0.257275
0.029929,2.354219,-6.028907,-0.955735,0.248614,0.216794
0.075421,2.297353,-7.041706,-1.122452,0.472989,0.186433
0.797908,2.245277,-9.240294,-1.524062,0.585109,0.011727
0.590799,2.218940,-9.906515,-1.841649,0.680319,0.127577
0.744036,2.390134,-10.724176,-2.132737,0.657415,0.339834
1.131916,2.444006,-12.148200,-2.363770,0.577519,0.416800
0.895477,0.984067,-13.702116,-2.524228,0.651024,0.325053
0.914632,2.297353,-13.991231,-2.411175,0.551819,0.615608
0.392669,3.101846,-14.115736,-2.535546,0.364330,1.022945
-0.278340,3.653738,-14.429991,-2.734354,0.338097,1.278746
-0.767979,3.387968,-14.944171,-2.683620,0.334236,0.933328
-1.074453,3.223957,-15.320679,-2.598664,0.386967,0.566339
-1.152867,2.965370,-15.458951,-2.563377,0.311066,-0.232754
-1.202549,2.438020,-15.696588,-2.616108,0.141021,-0.488422
-0.708720,2.314713,-15.408072,-2.599596,-0.140613,-0.494947
-0.593792,2.370380,-15.279975,-2.458047,-0.297875,-0.602540
-0.010176,1.559303,-15.099802,-2.274286,-0.276836,-0.860338
0.903259,1.518001,-14.001407,-1.995183,-0.338356,-0.846756
1.700568,2.484111,-11.332933,-1.655758,-0.310792,-0.157652
1.728702,2.454182,-9.565922,-1.568671,-0.304400,0.082036
1.251633,2.329677,-8.585447,-1.500094,-0.158989,0.122650
1.194767,1.255224,-7.326032,-1.360941,-0.062315,0.003605
0.959525,0.550096,-6.100737,-0.781295,0.286032,-0.389484
0.869139,0.082604,-6.139046,-0.633221,0.385369,-0.404664
0.404042,-0.525554,-6.301261,-0.542406,0.423453,-0.179357
0.260981,-0.422598,-7.210506,-0.149451,0.452216,0.143556
0.915230,-0.583018,-7.903064,0.148561,0.436902,0.067788
1.076847,0.153237,-8.626151,0.437386,0.567399,0.113329
1.322265,0.594989,-11.114451,0.794787,0.742105,0.396294
0.741642,0.319642,-12.834773,0.973621,0.829458,0.605089
0.134082,0.408232,-14.179784,1.275362,0.652755,0.765280
0.274150,1.370152,-15.603209,1.821185,-0.162851,1.092455
0.927202,1.260013,-15.874965,2.018661,-0.564328,1.341064
1.017588,1.851411,-15.643913,2.345703,-0.814137,1.510977
0.075421,4.250523,-15.497261,2.788593,-0.877388,1.250915
0.395063,4.343303,-16.401117,2.916294,-0.906017,-0.075359
0.147849,3.597471,-16.534601,2.960103,-1.008550,-0.186015
-0.112533,4.869456,-15.997674,3.106313,-0.947030,-0.142871
0.879315,4.473794,-15.346418,3.042663,-0.809077,-0.861803
1.008010,4.700656,-14.896286,3.141600,-0.723588,-0.979516
0.570448,5.194485,-14.495236,3.135741,-0.686702,-0.958876
0.037112,4.862273,-13.404622,2.778207,-0.658073,-0.885505
-0.152040,4.591115,-12.746183,2.596576,-0.620522,-0.683102
0.241228,4.650974,-11.553810,2.494043,-0.652347,-0.555801
0.607560,4.535448,-9.079276,2.145430,-0.488960,-0.461124
0.761395,4.323550,-7.873135,1.830373,-0.330366,-0.315713
0.541117,4.155349,-7.243428,1.470042,-0.147005,-0.143937
-0.086794,4.058977,-5.661977,1.101721,-0.121571,-0.149663
0.390275,4.017675,-4.830548,0.919159,-0.173637,-0.272170
0.686572,3.884790,-4.303198,0.591585,-0.118908,-0.253927
1.167233,3.723173,-3.763278,0.222998,0.059127,-0.150595
0.325029,3.796799,-4.413337,-0.478489,0.415863,-0.129023
0.668615,3.221563,-4.765303,-0.798207,0.382706,-0.148997
1.159451,3.143148,-4.888610,-1.033634,0.421988,-0.048727
1.702364,3.999119,-6.725057,-1.605956,0.547691,0.033566
1.779581,3.885987,-7.840812,-1.923809,0.742238,0.053673
1.309695,4.181686,-9.038573,-2.160035,0.877662,0.106138
1.638915,4.018274,-11.958450,-2.525426,0.922803,-0.062043
1.312688,4.036830,-13.302265,-2.682289,0.989250,-0.058048
0.857766,3.793806,-14.403055,-2.833292,1.094846,-0.012508
0.189152,3.528036,-15.543950,-2.848473,0.651423,0.166060
0.343585,3.368813,-15.498457,-2.776832,0.402946,0.204810
0.539321,3.194028,-15.542753,-2.633419,0.233300,0.153410
0.363339,3.595676,-15.112373,-2.408378,0.111060,0.102143
0.579426,4.623439,-14.504215,-2.131805,-0.106657,-0.356194
0.689565,4.205629,-14.995650,-2.107836,-0.105858,-0.694287
0.432175,3.446030,-15.692996,-2.040457,-0.129827,-0.977918
-0.654249,1.886128,-16.805757,-1.433913,-0.499213,-1.373936
0.207109,2.147708,-15.987499,-1.042422,-0.883646,-1.368876
1.107375,2.063308,-14.948961,-0.882630,-1.110418,-1.136512
1.602401,1.822679,-12.094926,-0.786622,-1.236521,-0.344609
1.652682,1.708948,-10.375204,-0.685154,-1.180327,-0.144869
1.623351,1.610781,-9.034981,-0.580756,-0.937043,-0.111179
1.628140,0.721889,-7.338004,-0.712318,-0.542490,0.063926
1.231880,0.193342,-7.014770,-0.651731,-0.289087,0.016388
1.383321,-0.658439,-6.758577,-0.510448,-0.029824,-0.168438
1.028362,-0.840408,-6.302459,-0.241331,0.469260,-0.150728
0.898470,-0.899069,-6.505377,-0.281279,0.552885,0.004004
0.247813,-1.264203,-7.113536,-0.249987,0.558477,0.155540
0.441154,-1.267794,-7.485254,-0.071419,0.460472,0.306677
0.182567,0.603968,-7.919824,0.411952,0.606948,0.486310
-0.068837,0.894280,-8.577665,0.471075,0.712544,0.349155
-0.137674,0.544110,-9.527613,0.528600,0.735980,0.247953
1.861587,1.134311,-10.322528,0.979480,0.553817,0.200948
1.646696,1.406066,-11.015686,1.046859,0.782985,0.090691
0.961321,0.551293,-12.412774,0.971224,1.021075,0.002140
1.559303,0.641080,-14.874138,1.388681,0.439432,0.157005
1.263006,0.568652,-16.145523,1.634228,0.395889,-0.067370
0.659636,-0.684178,-17.609054,1.813062,0.508542,-0.198532
0.963715,-0.782345,-17.422296,2.152088,0.174843,0.271789
-0.150842,3.492121,-16.498685,3.008707,-0.682708,0.416268
-0.087393,2.788789,-16.475940,3.038401,-0.563263,-0.167240
0.489041,1.983697,-16.059328,2.990064,-0.385228,-0.145401
-0.028732,4.833541,-14.099575,3.012568,-0.484299,0.242893
0.360346,4.823365,-13.258568,2.964897,-0.348875,-0.404797
0.383690,4.008098,-12.834174,2.895787,-0.174835,-1.021195
0.505801,3.100051,-12.051230,2.511620,-0.294679,-0.632368
0.613545,3.177268,-11.232970,2.304689,-0.293348,-0.336486
0.645869,3.120402,-10.323726,2.157547,-0.201600,-0.405729
0.684777,2.177039,-8.920652,1.680568,0.021176,-0.435424
0.544709,2.541575,-8.334043,1.428762,0.100939,-0.121699
0.235841,2.788789,-7.622330,1.224495,0.188159,0.037694
0.298692,2.629566,-6.243199,0.839929,0.230904,-0.071764
0.222672,2.868400,-5.648808,0.664557,0.226776,-0.116106
0.140068,3.143148,-5.245963,0.422205,0.231037,-0.134616
-0.207708,3.180859,-5.096318,0.106616,0.208799,-0.133550
0.818260,3.076107,-5.229802,-0.569970,0.088023,0.043952
0.917625,3.296385,-5.730215,-0.884095,0.170848,0.123182
0.613545,3.362229,-6.455695,-1.162133,0.325580,0.092822
1.327054,3.658527,-7.853382,-1.691178,0.427048,0.072848
1.484481,3.352053,-8.989489,-2.032468,0.486704,0.150880
1.490466,3.177268,-10.082497,-2.287602,0.582846,0.290964
1.463530,3.205401,-12.221826,-2.459645,0.646763,0.450623
2.117779,2.818119,-12.674952,-2.519967,0.586041,0.358210
2.022006,2.347036,-13.411206,-2.570434,0.721732,0.164462
1.886727,1.779581,-14.469497,-2.496397,0.753424,-0.089874
2.442210,2.250066,-14.389886,-2.412240,0.601754,-0.087211
1.936409,2.994700,-14.424604,-2.406914,0.455411,-0.030484
1.562895,2.991109,-14.579636,-2.438606,0.251011,-0.015570
1.904685,3.559162,-14.158235,-2.340067,-0.035150,-0.236749
2.233904,3.319730,-14.469497,-2.221688,-0.100798,-0.556733
2.217144,3.002482,-14.693965,-2.065092,-0.105459,-0.849951
2.023204,2.684635,-14.744844,-1.879866,-0.262721,-0.838633
1.455749,2.449992,-14.560482,-1.838187,-0.365520,-0.674313
1.681414,2.738508,-14.161827,-1.742578,-0.512263,-0.624911
3.088079,0.876322,-12.251755,-1.421929,-0.468720,-0.673914
2.813330,0.641679,-10.889385,-1.300487,-0.337024,-0.391215
2.159680,0.561469,-9.666483,-1.324589,-0.219444,-0.020897
1.516804,0.225066,-7.803101,-1.017122,-0.365387,-0.068435
2.302741,0.061055,-6.722064,-0.682624,-0.360727,-0.382826
2.445203,0.070034,-6.033696,-0.467437,-0.143276,-0.533297
1.939402,-0.722487,-6.473653,-0.403654,0.163525,-0.326899
1.858594,-0.992447,-6.492209,-0.254381,0.050205,-0.055785
2.436224,-0.327424,-6.745409,-0.045719,-0.123569,0.212400
2.915688,-0.312459,-7.403848,0.085843,-0.118908,0.385641
2.179433,0.606362,-8.561504,0.554566,0.319189,0.394563
2.060316,1.456347,-9.033185,0.883072,0.459539,0.244758
2.753472,1.293533,-10.438653,0.968961,0.361800,0.105872
3.114417,0.875125,-11.782467,1.212377,0.194285,0.588843
3.182056,1.722716,-12.611502,1.481760,0.164057,0.566739
3.056354,1.336033,-13.484233,1.562056,0.158331,0.415202
1.818489,1.763419,-14.328830,1.800812,-0.068174,0.737450
2.047147,1.890917,-14.712521,2.017330,-0.153396,0.523462
2.231510,1.929825,-14.965721,2.199626,-0.178963,0.125846
1.309096,1.802327,-15.944999,2.377528,-0.388158,-0.247535
0.903259,1.613774,-16.040172,2.560756,-0.465657,-0.072430
0.639883,2.851639,-15.862994,2.602169,-0.255264,-0.001855
0.887097,2.751078,-15.658878,2.516014,0.032895,-0.071631
1.366560,3.307160,-14.960333,2.465680,-0.161785,-0.039273
1.003222,3.887783,-14.268374,2.589785,-0.219577,-0.210117
1.200155,4.067956,-13.260364,2.664088,-0.163650,-0.486957
1.463530,4.510906,-11.122831,2.375264,-0.016641,-0.436356
0.749423,4.345697,-10.608052,2.048889,0.082297,-0.211449
0.366332,4.094892,-9.837080,1.845420,-0.006654,-0.116239
0.460907,3.518459,-8.463336,1.642617,0.009725,-0.177094
0.806288,3.511874,-7.217689,1.405459,0.036090,-0.022228
0.836816,4.132004,-6.222249,1.099191,0.156068,0.151945
0.494428,3.577718,-5.491382,0.480263,0.284567,0.049012
1.002024,2.838471,-5.065192,0.322868,0.226642,0.081237
1.126529,4.020070,-4.310381,0.253358,0.185363,0.268194
1.046319,4.968222,-4.070949,-0.020152,0.240358,0.293228
0.041901,4.479181,-5.296244,-0.950941,0.414265,0.339701
0.711713,4.273868,-5.710462,-1.129775,0.227708,0.335440
1.680217,5.009524,-6.243798,-1.225917,0.116120,0.232241
1.451559,4.320557,-8.945793,-1.813020,0.514668,-0.068435
1.191176,4.005105,-10.116617,-1.916618,0.366327,-0.094801
1.435996,4.112850,-10.828928,-1.925007,0.105999,-0.076291
3.181457,4.414534,-11.634618,-2.044452,-0.009450,-0.099195
2.590658,4.927518,-12.706676,-2.259772,0.252742,-0.119435
1.737680,4.154151,-14.081617,-2.521298,0.392693,-0.258055
2.093836,2.761852,-15.706166,-2.696137,0.020777,-0.238880
1.898699,2.963574,-15.688208,-2.639278,-0.197472,-0.035145
1.558106,2.737909,-15.931830,-2.547264,-0.250337,-0.054453
1.524586,2.691818,-15.870775,-2.416768,-0.304666,-0.140874
1.255823,2.934842,-15.599618,-2.287469,-0.511730,-0.253261
1.710146,2.391331,-15.357791,-2.239132,-0.604676,-0.342478
2.244080,2.076477,-14.506609,-2.113029,-0.742230,-0.257922
2.484709,3.142550,-12.671958,-2.061230,-0.482968,0.076576
1.098995,2.499674,-12.291261,-2.242861,-0.407732,0.281243
0.930793,1.097797,-11.744757,-2.140860,-0.628911,0.340633
2.411084,0.997236,-9.145718,-1.311139,-0.840369,0.190961
2.373373,0.896674,-8.487279,-1.225517,-0.527709,0.041688
1.986690,0.410028,-8.356190,-1.239499,-0.243945,0.029704
1.006813,0.132286,-7.891691,-0.926573,0.016782,0.122383
0.970898,0.022147,-7.719898,-0.570769,0.114389,-0.182154
0.849985,0.277143,-7.531345,-0.314703,0.295886,-0.440218
1.236070,0.520167,-7.598386,0.004882,0.583378,-0.362452
1.100790,0.619531,-8.109575,0.105418,0.516266,-0.116106
1.203148,0.309466,-8.353796,0.285450,0.470059,0.082702
1.721519,1.172620,-8.371154,0.577736,0.438500,0.220922
1.549127,2.224327,-9.878381,0.888798,0.569263,0.135433
1.724512,1.717329,-11.559795,0.940864,0.597760,0.098281
1.996866,1.227689,-13.110718,1.119565,0.410670,0.141026
2.813330,1.058291,-14.442561,1.710529,0.112391,0.437707
1.713139,2.358409,-14.774773,2.024654,0.181768,0.612279
1.304906,3.039594,-15.010614,2.276859,0.083895,0.521997
2.320698,3.142550,-14.811885,2.618281,-0.264052,0.318928
1.753842,3.858452,-14.516186,2.776076,-0.252867,0.272322
1.225295,3.953627,-14.781956,2.900314,-0.256862,-0.043001
1.154064,3.994330,-14.691571,3.101120,-0.439158,-0.600543
1.119945,4.443266,-14.511997,2.996190,-0.419317,-0.512524
1.630534,4.367845,-13.685955,2.780337,-0.277901,-0.225564
1.370750,3.890776,-13.631484,2.614153,-0.252201,-0.100660
1.680217,3.809967,-12.384041,2.790457,-0.310658,-0.354197
1.690392,4.446259,-11.320363,2.749977,-0.214916,-0.544749
1.422228,4.247530,-10.645164,2.438781,0.017981,-0.685632
0.096970,3.072516,-10.193834,1.656200,0.006928,-0.123963
0.062851,2.861815,-9.462966,1.499737,-0.192412,0.136632
0.224468,3.446030,-8.478899,1.504930,-0.265384,0.083101
0.562067,3.864439,-6.590975,1.111841,0.064853,-0.266311
0.696150,4.110455,-5.865495,0.681202,0.228640,-0.093735
0.268763,4.116441,-5.524303,0.240309,0.229705,0.213199
0.832028,3.803982,-5.083149,-0.171156,0.039419,0.172052
1.279167,3.696237,-4.889209,-0.368899,0.169650,0.014657
1.428813,3.980563,-4.979595,-0.587281,0.383505,-0.121033
1.239661,4.242742,-5.912184,-0.873975,0.460072,-0.256191
2.145314,3.367616,-7.001601,-1.395163,0.192553,0.103741
2.306931,4.129610,-7.546310,-1.561081,0.189224,0.276317
2.584074,4.029048,-8.538159,-1.832861,0.313063,0.188431
1.990880,3.547191,-10.502701,-2.231542,0.585642,0.073780
2.126159,3.587894,-11.180893,-2.257641,0.536506,0.102143
2.329677,4.173306,-11.948274,-2.264699,0.409738,0.099613
1.428813,4.197249,-13.150225,-2.483348,0.475652,0.087362
1.337230,4.548616,-13.364517,-2.511844,0.343956,0.057401
1.811904,5.035861,-13.372299,-2.527024,0.283236,-0.019432
1.462932,5.344729,-14.207918,-2.657521,0.437701,-0.380429
1.291738,4.924525,-14.610164,-2.712782,0.306938,-0.467249
1.958557,4.923328,-14.844209,-2.601594,0.050339,-0.530900
2.260840,5.524303,-14.928608,-2.476557,-0.071237,-0.680039
2.841464,5.849333,-15.318284,-2.598265,-0.200402,-0.795755
2.988116,5.810425,-15.810318,-2.855663,-0.244877,-0.702543
2.469745,5.787679,-16.032989,-3.116923,-0.149402,-0.644219
2.949807,3.401137,-14.470694,-2.875371,-0.496284,-0.128224
3.866833,3.940458,-12.682733,-2.481084,-0.720792,0.134767
3.682470,3.993732,-11.429305,-2.287203,-0.832246,0.225982
2.176440,2.013028,-10.111828,-1.736852,-0.577378,-0.066704
1.522191,1.362370,-9.067304,-1.097684,-0.411594,-0.227295
1.631133,0.973891,-7.895282,-0.394199,-0.440623,-0.441549
2.351824,1.675428,-5.355504,0.415148,-0.234091,-0.814797
1.418637,0.990651,-4.911356,0.479597,0.242222,-0.896291
0.323234,-0.023943,-5.144205,0.509958,0.449020,-0.769390
0.606961,0.058062,-5.346525,0.825680,-0.194143,0.230509
1.019383,1.066073,-5.245365,0.911968,-0.319181,0.477255
1.506628,1.088819,-5.829580,1.039269,-0.256995,0.461675
1.558106,1.221105,-6.802872,1.305456,-0.114381,0.442767
0.204116,2.045950,-8.361577,2.049155,0.046211,0.295625
0.846393,2.922871,-9.406700,2.287911,0.073242,0.183104
2.022006,1.926233,-9.896339,2.340376,-0.190681,0.209337
2.263833,3.108431,-10.747521,2.492445,-0.212919,0.528655
2.550553,3.375398,-12.585165,2.572474,0.021043,0.113861
2.928258,2.545765,-13.970281,2.501500,0.233833,-0.290546
1.955564,2.080069,-14.883715,2.062471,0.304275,0.288700
0.654249,2.719952,-15.001037,2.016797,0.156467,0.502023
0.156230,3.378989,-14.862166,2.080182,0.047942,0.288967
0.739247,4.522878,-13.987640,1.881507,0.002268,-0.298003
0.672805,3.581908,-14.376717,1.670981,-0.050863,-0.570981
0.722487,2.591257,-14.910652,1.594946,0.129169,-0.816262
0.721290,2.480519,-15.347017,1.553933,0.654752,-0.895625
0.662629,3.795602,-14.717908,1.448736,0.289361,-0.525840
1.302512,4.362458,-13.662012,1.442877,-0.040077,-0.393346
1.731695,4.370838,-12.712063,1.348067,-0.271110,-0.374037
2.566715,3.930282,-11.252124,1.189873,-0.156060,-0.386688
1.600605,3.521451,-11.259906,1.090802,0.166720,-0.365781
0.404641,2.776817,-11.003714,1.124092,0.285100,-0.353797
1.012200,3.034207,-8.381331,1.468178,-0.020636,-0.152059
1.230084,3.538810,-7.045298,1.376830,-0.077362,-0.079487
0.662629,3.270048,-6.420379,1.124758,0.022242,0.011062
-0.105949,2.834879,-5.609302,0.794787,-0.011581,0.298554
0.050281,3.435854,-4.976602,0.746716,-0.059252,0.260337
0.316649,3.625605,-4.580940,0.588655,0.032495,0.101078
0.208306,3.707012,-4.428900,0.324998,0.187627,0.016255
0.174786,3.231738,-4.925124,-0.219227,0.168052,0.213332
0.788331,3.311948,-4.933504,-0.341734,-0.030223,0.406014
1.434798,4.131405,-5.062199,-0.466372,-0.107856,0.500292
1.642506,4.682699,-6.483829,-1.018320,0.194684,0.266063
1.245048,4.131405,-7.701941,-1.259873,0.300546,0.132370
1.795743,3.725568,-8.541750,-1.380383,0.297350,0.117323
2.801957,5.550042,-10.425484,-1.761220,0.296418,0.591373
2.353620,5.725427,-11.197654,-2.150181,0.392826,0.840116
2.863611,5.883452,-12.436717,-2.446063,0.388299,0.893247
2.543969,5.221421,-14.589214,-2.699599,0.655418,0.450756
1.437193,5.433319,-15.088430,-2.664845,0.770202,0.330379
1.189380,5.660181,-15.266208,-2.588810,0.545161,0.196820
2.125561,5.173535,-15.089627,-2.517836,0.184298,0.037694
3.034805,5.508740,-14.341401,-2.227547,-0.043939,-0.253661
2.642136,5.547049,-14.271367,-2.173484,0.064720,-0.423573
1.970528,5.542261,-15.057902,-2.212633,0.051803,-0.543284
1.937606,4.418725,-15.017797,-2.008233,-0.334228,-0.577240
2.420661,4.431893,-14.279149,-1.745241,-0.492688,-0.555535
2.427844,4.138588,-13.682363,-1.588512,-0.503741,-0.553537
1.999859,1.872361,-12.336154,-1.500094,-0.723987,-0.174430
1.898699,1.407264,-11.087515,-1.391968,-0.809476,0.145420
1.784968,1.268393,-10.098659,-1.183572,-0.676982,0.234105
0.799704,0.571645,-9.000862,-0.815651,-0.408531,-0.046197
0.845196,0.007782,-8.432808,-0.751334,-0.392019,-0.024892
0.967307,-0.305875,-7.940774,-0.649733,-0.306930,0.128242
0.029330,0.165208,-7.208710,-0.126281,-0.057388,-0.090406
0.313058,-0.129293,-6.981249,0.020595,-0.074033,-0.178026
0.682981,-0.129892,-6.833998,0.083846,-0.138882,0.007733
1.206739,-0.040105,-6.485026,0.188243,-0.235956,0.261935
1.043925,1.361772,-6.395837,0.678805,-0.062315,0.137963
1.336033,2.050738,-6.649037,0.844722,-0.007986,0.014124
1.901093,2.360205,-6.664001,0.864164,0.028767,0.064592
1.596415,3.019841,-7.873733,0.811299,0.206003,0.200415
1.697575,2.585271,-8.868576,0.871221,0.326912,0.081770
2.019612,2.809140,-9.798770,1.133546,0.369923,-0.101592
1.971726,2.027394,-11.739968,1.243137,0.501219,-0.177094
1.158254,1.843629,-12.450484,1.292140,0.589371,0.007999
0.599179,2.664882,-13.250187,1.470175,0.445824,0.086164
1.091812,2.476928,-15.485888,1.782569,0.219851,-0.544482
0.799106,2.224925,-16.362209,1.836099,0.243421,-0.648613
-0.226862,2.203975,-16.887763,1.904144,0.303343,-0.559263
-0.440556,2.937835,-16.967374,2.001351,0.285100,-0.421442
0.862555,4.877237,-15.734298,2.045027,-0.170175,-0.048195
1.083431,5.560817,-14.914243,2.244900,-0.191613,-0.217042
1.099593,5.438706,-14.324641,2.452364,-0.095072,-0.493615
0.993046,6.699916,-12.800654,2.681666,-0.170308,-0.398539
1.232478,6.674177,-12.220628,2.511487,-0.336891,-0.373238
1.474903,6.137849,-11.612470,2.351162,-0.349009,-0.438354
1.168430,5.309413,-10.357845,2.239840,-0.096937,-0.465252
1.135508,5.205858,-9.323497,2.063936,-0.098002,-0.347405
1.234872,5.067586,-8.282565,1.768986,-0.165514,-0.156454
1.813102,4.349289,-6.018731,1.209581,-0.148203,0.071250
2.142920,4.190066,-5.346525,1.042199,0.031430,0.000142
2.169856,4.180489,-4.755725,0.874017,0.230770,-0.119968
1.984296,4.153553,-4.319360,0.653771,0.376847,-0.154856
2.303938,4.826358,-4.093695,0.050556,0.253008,0.102010
2.420063,4.610869,-4.495343,-0.373826,0.344090,0.326385
2.184222,4.371437,-5.095719,-0.670373,0.448620,0.463673
2.461365,5.630252,-6.346754,-1.007801,0.492164,0.437973
2.457773,5.922359,-7.200330,-1.394498,0.699893,0.434777
2.217144,5.599126,-8.472913,-1.847375,0.848367,0.555953
2.077674,5.089734,-10.352458,-2.144988,0.502284,0.780461
2.363198,5.799052,-10.990545,-2.174283,0.437568,0.755293
1.924438,6.170771,-11.659758,-2.359775,0.720267,0.674731
0.653650,5.307617,-13.876303,-2.827833,0.701092,0.480318
1.203746,5.289659,-14.306084,-2.788417,0.412534,0.359009
1.425820,5.609900,-14.624529,-2.699999,0.345821,0.132104
1.449164,5.460854,-15.375749,-2.626761,0.447955,-0.260718
1.349201,4.670128,-16.189220,-2.484147,0.156467,-0.674580
2.099822,4.588721,-16.034786,-2.286803,-0.212653,-0.721452
2.508054,4.650974,-15.882747,-2.071483,-0.452208,-0.839831
2.660094,3.246104,-15.679229,-1.738583,-0.588031,-0.986840
2.840865,2.852837,-14.861568,-1.421529,-0.813071,-0.858341
3.135966,3.041988,-13.780530,-1.167992,-0.977924,-0.626243
1.891516,2.889949,-12.180523,-1.029772,-0.905484,-0.315980
1.277970,1.923839,-11.237759,-0.972780,-0.843299,-0.233953
1.064277,1.370750,-10.338091,-0.870513,-0.799622,-0.137012
0.991849,0.473478,-8.036548,-0.791549,-0.794429,0.208139
1.170226,-0.052077,-7.293709,-0.744543,-0.778583,0.275384
1.328850,-0.356156,-6.553863,-0.603127,-0.768729,0.259272
1.053502,0.198130,-5.836164,-0.161702,-0.333296,0.074579
0.444746,0.469287,-5.825389,0.026587,-0.106125,-0.096265
0.266369,0.763789,-5.551239,0.144034,0.006263,-0.142605
0.753015,0.795514,-4.894596,0.196366,-0.013978,0.004270
1.613774,2.360803,-4.912554,0.381325,0.020910,0.135966
1.661062,2.760057,-5.195683,0.424602,0.216522,0.002007
1.745462,2.444604,-5.774510,0.407158,0.429046,-0.113443
2.388936,2.736113,-8.226897,0.654303,0.687243,-0.236350
2.405098,2.298551,-10.045984,0.751111,0.901231,-0.414119
2.230313,2.376965,-12.324782,0.802511,1.015749,-0.494281
2.631960,1.190577,-16.042568,0.927947,0.792706,-0.487756
2.485308,0.554884,-17.557575,1.162842,0.615337,-0.234086
2.116582,1.308498,-17.904153,1.578834,0.292290,0.037560
0.934983,3.040791,-16.724948,2.290974,0.110127,0.315998
1.164838,3.817151,-15.866585,2.652903,-0.150067,0.130240
0.985264,4.247530,-15.188393,2.902711,-0.313455,-0.120900
0.438760,4.482772,-14.740654,2.923617,-0.229298,-0.352465
0.315452,4.330733,-14.206720,2.704702,0.035291,-0.210517
0.496224,4.754528,-13.480642,2.745849,-0.058054,-0.224099
1.095403,4.988574,-12.473230,2.770617,-0.071636,-0.358058
1.076847,5.029876,-10.938468,2.491912,0.047675,-0.461790
0.806288,4.509709,-10.549989,2.207483,0.154337,-0.379763
0.869738,3.882994,-10.008872,1.997356,0.164989,-0.227694
0.921216,4.121230,-8.716536,1.818389,0.118250,0.069918
0.594989,4.180489,-8.167038,1.633696,0.193752,0.100545
0.204715,4.191264,-7.676202,1.383621,0.262862,0.154342
0.852379,4.214010,-6.122884,0.833404,0.031430,0.503221
1.358779,4.680903,-5.304026,0.602105,0.047942,0.599895
1.452756,5.290857,-4.971813,0.368276,0.199345,0.500025
1.243253,5.453671,-5.108290,0.079984,0.337964,0.223186
2.194398,5.090931,-5.887642,-0.567174,0.520527,0.060198
2.098625,5.180718,-6.842977,-0.914056,0.602154,0.137297
1.571275,4.790443,-7.751024,-1.279314,0.625856,0.223319
2.074083,5.614090,-8.479497,-1.633254,0.436103,0.309607
2.193799,5.794862,-9.350433,-1.881331,0.491098,0.222786
1.904685,5.556627,-10.144750,-2.170288,0.513869,0.255677
2.342247,6.285099,-11.304202,-2.384543,0.462602,0.162598
2.150701,6.568827,-12.158376,-2.501191,0.562872,-0.074827
1.940599,6.796886,-12.879666,-2.661915,0.608279,-0.272303
1.568282,6.998010,-14.983079,-3.042487,0.364729,-0.492683
1.668245,6.369500,-15.943802,-3.170320,0.281504,-0.575908
1.340223,6.112709,-16.663894,-3.069785,0.161794,-0.723982
1.661661,5.861903,-16.946424,-2.833292,-0.072169,-0.981913
2.743296,5.358497,-16.507665,-2.533282,-0.560733,-0.926652
2.754071,4.378620,-16.314323,-2.554855,-0.762471,-0.630237
1.900494,3.475960,-16.602239,-2.390402,-0.944634,-0.496944
0.948751,1.952571,-16.441820,-1.447096,-1.137449,-0.873388
1.090614,0.946356,-15.001037,-1.158937,-1.279798,-0.618652
1.305505,0.160420,-12.857519,-0.953338,-1.464757,-0.031949
2.042358,0.175384,-8.263410,-0.530688,-1.667160,0.595368
2.202778,0.023345,-6.571221,-0.378087,-1.389122,0.451821
2.210559,-0.096372,-5.535078,-0.266099,-1.066874,0.334241
1.519198,0.411824,-4.272072,-0.004173,-0.682708,0.202546
1.834052,0.222672,-3.629795,0.152290,-0.540093,-0.041537
2.560131,0.122709,-3.484339,0.329526,-0.234358,-0.251930
2.788789,0.810479,-4.218798,0.366411,0.453547,-0.136746
2.343444,1.404869,-5.148395,0.343375,0.557545,0.105073
2.288375,1.813102,-6.012745,0.374401,0.497623,0.278447
2.317107,2.174046,-6.655622,0.498772,0.551287,0.386573
2.120174,3.797996,-7.922218,0.881208,0.731985,0.345293
1.875953,3.715392,-8.857801,1.042998,0.702823,0.139295
1.266597,3.704617,-9.241492,1.067898,0.631582,-0.045665
2.352423,3.242513,-11.845917,1.066567,0.691371,-0.385889
3.101846,2.866005,-13.427967,1.052718,0.835184,-0.668987
3.032411,1.441383,-14.619741,0.961104,1.016282,-0.643420
-0.404641,1.532367,-16.044961,1.301861,0.793239,0.196953
0.024542,2.467350,-15.657082,1.649542,0.435970,0.428918
0.463900,3.414306,-15.805530,1.866593,0.101871,0.496563
0.237637,2.880970,-15.600815,1.942760,-0.028759,0.398158
0.599778,2.776218,-15.633138,2.564618,-0.182692,0.056736
0.244820,3.654336,-15.576872,2.892458,-0.335293,-0.133950
0.196933,4.162532,-14.596396,2.934803,-0.409996,-0.120767
1.789158,5.690110,-12.370274,2.389113,-0.521184,0.333043
2.022006,5.090332,-11.681906,2.200292,-0.461396,0.114926
2.423654,4.544426,-11.184485,2.221731,-0.279899,-0.209318
1.171423,4.892202,-10.306965,2.154751,0.003333,-0.574443
1.543142,4.469604,-9.582084,1.875381,-0.120772,-0.390949
1.785567,4.365451,-8.775795,1.601871,-0.294812,-0.050858
1.529374,4.111054,-7.800108,1.292540,-0.116112,-0.128490
1.131318,3.765673,-7.725884,1.109844,0.086958,-0.365249
0.961919,3.438249,-7.374517,0.861767,0.160062,-0.335687
1.116353,4.239150,-6.526926,0.187710,0.164457,0.370860
1.030158,4.203834,-6.327001,-0.119756,0.199345,0.496963
1.210331,4.275663,-6.226439,-0.287804,0.317324,0.318129
1.298322,4.489955,-6.496997,-0.415105,0.413466,0.047414
1.006813,4.298409,-7.217689,-0.946281,0.479513,0.062728
1.111565,4.249326,-7.687575,-1.165729,0.325314,0.278980
1.492262,4.354078,-8.037745,-1.283309,0.125441,0.398957
2.590658,5.147197,-8.424428,-1.480253,0.184431,0.384176
1.597612,5.587154,-9.565323,-1.692377,0.429978,0.418398
1.213922,5.341736,-10.793612,-1.906898,0.416396,0.496164
-0.045492,5.695497,-12.986812,-2.325819,0.571261,0.513475
-1.076249,5.151387,-14.433583,-2.619437,0.679120,0.355547
-0.589004,4.363056,-15.082444,-2.719041,0.552618,0.186833
0.918223,3.972183,-14.638297,-2.397459,0.179637,-0.261118
0.835020,3.714793,-14.923221,-2.279346,0.024106,-0.445278
1.013397,3.179662,-15.309307,-2.190529,-0.150201,-0.573777
1.852009,2.654108,-14.920228,-1.990922,-0.433166,-0.635830
2.983327,2.582278,-14.227072,-1.546833,-0.836374,-0.392946
1.930423,2.542772,-14.185172,-1.424725,-0.872061,-0.254859
1.365962,1.948979,-14.372527,-1.284108,-0.994302,-0.197201
2.242883,2.739106,-12.440906,-1.015391,-1.239983,0.292962
1.813700,2.570307,-11.565781,-1.086232,-1.045036,0.303481
1.233077,1.596415,-10.988150,-1.163598,-0.740766,0.136099
0.773965,-0.274749,-10.121405,-0.929103,-0.467122,-0.020630
0.881111,0.190349,-9.102621,-0.626164,-0.528508,0.017586
0.902061,0.617137,-8.399887,-0.465440,-0.476176,-0.010643
0.272953,0.265770,-7.502614,-0.199785,-0.056589,-0.350335
0.456119,0.287917,-6.774739,0.040569,-0.047534,-0.370841
0.651855,1.105579,-5.800848,0.276395,-0.087349,-0.200130
0.415415,1.340821,-5.644020,0.309552,-0.049798,-0.056051
0.466893,1.758032,-5.519515,0.350698,-0.078827,0.283640
1.270189,2.618193,-5.080156,0.460156,-0.178431,0.372192
1.902889,3.508881,-4.768296,0.508626,-0.110918,0.314001
1.062481,3.165894,-6.347352,0.359354,0.411735,-0.129955
1.717329,3.086283,-7.742644,0.432725,0.597360,-0.239546
2.223129,3.012059,-7.821058,0.582397,0.631715,-0.212514
0.876322,2.223728,-9.516240,0.425534,0.810416,-0.023294
0.512984,2.406295,-11.540640,0.318340,0.501884,0.232107
-0.008979,2.704389,-13.286702,0.537256,0.341826,0.121584
1.518600,0.591398,-14.176193,0.878279,0.279507,-0.082284
0.290910,1.889720,-14.479075,1.081215,0.301612,0.503887
-1.510220,3.016249,-15.527190,1.378960,0.209198,0.542237
-1.912466,2.366789,-15.839649,1.757401,-0.131026,-0.067370
0.299889,3.310751,-13.340574,2.122926,-0.616793,-0.117704
-0.345381,4.008697,-13.134063,1.869389,-0.304533,0.108535
-0.291509,3.450819,-13.873311,1.711994,-0.209190,-0.227029
0.108942,3.303568,-13.946337,2.187775,-0.260324,-1.018000
0.970898,4.414534,-12.759351,2.385917,-0.412659,-1.037574
1.520994,4.616256,-12.282282,2.259548,-0.346745,-0.985109
1.181000,4.045808,-11.511310,2.020393,-0.092143,-0.850617
1.649689,3.947043,-10.451224,2.020126,-0.159255,-0.730640
2.142920,4.160138,-9.160084,1.987768,-0.112383,-0.575509
1.111565,5.135226,-7.618738,1.693218,0.100939,-0.264047
0.791324,5.126846,-7.157831,1.422637,0.065252,-0.101059
0.702135,5.514726,-6.573616,1.112241,0.024905,0.135300
0.116125,5.957077,-6.526926,0.291842,0.398552,0.117057
-0.156828,5.315997,-6.999207,-0.059302,0.618133,-0.079088
-0.135878,5.569197,-7.281737,-0.250653,0.621862,-0.105853
-0.068238,6.030703,-7.450537,-0.469168,0.532112,-0.052189
0.024542,5.466241,-8.458547,-1.042689,0.533976,-0.073761
0.463302,4.964032,-8.981707,-1.230578,0.478049,-0.123164
1.178606,4.758718,-9.506663,-1.338171,0.355941,-0.093602
2.478125,5.054417,-9.586873,-1.501691,0.182433,0.222786
1.457545,5.795461,-10.442245,-1.730061,0.288162,0.434378
0.996039,5.375855,-11.371841,-1.986927,0.383638,0.501890
1.469516,4.726395,-12.321190,-2.188664,0.430777,0.623065
0.801500,4.869456,-12.878469,-2.312903,0.488702,0.723601
0.329220,4.648580,-13.368108,-2.401721,0.404411,0.688580
-0.037711,4.272072,-14.298303,-2.358843,0.133164,0.219723
-0.405838,4.012288,-14.826251,-2.325686,0.086025,-0.025025
-0.513582,3.951233,-15.160260,-2.248586,-0.031022,-0.182819
-0.926005,3.613633,-15.623561,-2.172552,-0.167778,-0.329695
-0.839210,2.452386,-16.089256,-1.704494,-0.735972,-0.855944
0.357951,2.736712,-15.198569,-1.352153,-1.049431,-0.870991
1.325258,3.026425,-13.667997,-1.145222,-1.078459,-0.704274
1.234872,1.649090,-12.606714,-1.075846,-1.055822,-0.443014
1.915459,0.885900,-11.178500,-0.846144,-1.117342,-0.373505
2.520624,0.612947,-9.539585,-0.531487,-1.010947,-0.205324
2.307529,0.766184,-6.852554,-0.310708,-0.671922,0.305079
2.073484,0.324431,-6.270734,-0.307512,-0.575381,0.375521
1.889121,0.568053,-5.613492,-0.141461,-0.555140,0.321458
1.103185,0.955335,-4.721606,-0.093124,-0.278833,0.233173
0.764388,0.846393,-5.035263,-0.074349,-0.056855,0.126778
0.560870,0.975687,-5.334553,-0.020552,0.047542,0.075511
1.291738,0.728473,-5.579373,-0.008434,0.045278,0.092822
1.534762,0.993046,-7.184767,0.263745,0.375782,0.105738
1.365363,0.743438,-7.578633,0.351764,0.435038,0.182971
1.425221,1.629337,-7.348179,0.511955,0.451816,0.389503
1.391701,2.317107,-9.819721,0.718353,0.595230,0.004537
2.420661,1.182197,-10.733155,0.861367,0.789111,-0.218506
1.788560,1.347406,-11.168323,1.090136,0.892310,-0.060445
1.959155,1.369553,-14.114539,1.189740,0.664340,0.325319
1.937606,0.102357,-16.325696,1.366976,0.477383,0.270857
1.264203,-1.207936,-17.484548,1.782702,0.227841,0.255810
0.395063,1.779581,-16.483123,2.657164,-0.130227,1.145852
-0.835020,3.738138,-15.819896,2.754637,-0.381233,1.332675
-0.720093,4.137990,-15.244061,2.558359,-0.570587,1.186865
-0.208905,3.999119,-14.361753,2.392442,-0.745426,0.954101
-0.315452,4.631819,-13.534514,2.478463,-0.481902,-0.177893
-0.032922,4.467808,-13.193922,2.526001,-0.360460,-0.819192
-0.073027,4.515096,-12.906602,2.432124,-0.313055,-1.086843
0.001796,4.033837,-11.937500,2.278990,-0.373377,-0.902017
0.252601,4.233763,-11.128817,2.287379,-0.388291,-0.877782
0.893083,4.221791,-10.214185,2.267271,-0.422779,-0.972192
0.441753,4.606080,-8.648897,1.825047,-0.194410,-0.813732
0.584814,4.574356,-7.856375,1.495875,-0.175767,-0.575642
1.406066,4.616256,-7.045298,1.239808,-0.191747,-0.374037
1.558705,5.335152,-6.004365,0.674277,0.087623,-0.178958
1.577859,5.448284,-5.927148,0.320604,0.264460,-0.225564
1.658668,5.267512,-6.034294,-0.078210,0.354077,-0.280692
1.589831,5.083748,-7.075226,-0.862390,0.398419,-0.150462
2.034577,4.811992,-7.586415,-1.248954,0.368058,0.042754
1.856200,4.891603,-8.305311,-1.636583,0.506145,0.243026
1.641907,4.949666,-9.304941,-1.972146,0.657948,0.235969
1.892713,4.528264,-11.096493,-2.522230,0.766207,0.175514
1.860389,4.299008,-11.632224,-2.751399,0.806288,0.464205
1.683808,4.572560,-12.144010,-2.909726,0.932924,0.806427
0.210102,4.701853,-13.842185,-3.264997,0.928130,1.035595
-0.032922,4.067956,-14.096581,-3.199616,0.691504,0.886589
0.587806,3.939860,-14.153447,-3.008131,0.460605,0.652760
-0.178976,4.146969,-14.814878,-2.655657,0.227042,-0.006782
0.511787,3.939860,-14.642487,-2.458313,0.018380,-0.337019
1.183993,3.723173,-14.398266,-2.278947,-0.067908,-0.484427
1.130719,3.800989,-14.820864,-1.947245,-0.121172,-0.873920
1.145085,3.712997,-15.505640,-1.974010,-0.108788,-0.921325
0.186757,2.444006,-16.104820,-1.938190,-0.296011,-0.766061
1.212126,0.796113,-15.254237,-1.638047,-0.758742,-0.526106
3.165296,1.462932,-11.895001,-0.815917,-1.341051,0.409210
3.030017,1.686203,-10.132180,-0.612715,-1.171938,0.314134
2.572102,1.304906,-8.889526,-0.456119,-0.888706,0.016787
2.181828,0.875724,-6.344958,-0.170623,-0.613065,0.054339
2.231510,1.206739,-5.141810,-0.020951,-0.494020,0.086297
2.104012,1.465326,-4.291227,0.036041,-0.336092,0.081903
1.083431,1.831658,-4.254115,-0.059701,0.080033,-0.120367
0.765585,1.289343,-4.585729,-0.078477,0.231037,-0.248601
0.884703,1.432404,-4.971813,0.020595,0.307471,-0.343144
1.907079,1.422228,-6.443724,0.065469,0.310267,-0.307058
1.847819,1.808313,-6.856146,0.116736,0.387500,-0.063242
1.423425,2.454182,-6.911814,0.234450,0.517198,0.109733
1.101987,2.548758,-7.858170,0.348435,0.690439,-0.077756
1.787363,1.931621,-11.562788,0.525005,0.640770,-0.411455
2.523019,1.038538,-12.785689,0.583862,0.538104,-0.234352
2.166264,1.264203,-14.050491,0.763228,0.556214,0.119188
0.252601,1.092410,-16.721357,1.222631,0.463135,0.531052
0.090984,2.112991,-17.101457,1.620246,-0.086950,0.763150
-0.090984,3.102445,-17.070331,1.919191,-0.688300,0.945979
0.925406,2.523617,-16.443616,2.396969,-1.480070,0.800967
1.347406,4.266685,-14.860370,2.878077,-1.683539,0.787119
1.188183,6.699318,-13.719475,3.089668,-1.416819,0.705758
0.647665,6.685550,-12.056617,2.618148,-0.822526,-0.269374
-0.190349,5.889438,-11.843523,2.428395,-0.663799,-0.638493
0.364536,5.643421,-11.414938,2.444507,-0.687102,-0.916398
1.309096,5.691906,-9.755672,2.387781,-0.559401,-1.060744
0.362740,5.489586,-9.892148,2.093631,-0.270844,-1.084580
-0.189750,4.482174,-10.101653,1.771516,-0.174569,-1.106551
-0.108343,3.522649,-9.893346,1.584027,-0.206527,-0.926918
0.812873,4.187074,-8.192777,1.473770,-0.293481,-0.373238
0.976884,4.661748,-7.269167,1.255921,-0.197872,-0.245937
1.044524,4.610869,-6.673579,0.944725,0.042882,-0.245804
1.726906,4.908364,-5.737997,0.340445,0.296019,0.049944
2.141124,5.414763,-5.539866,-0.024547,0.464866,0.235570
2.646326,5.484797,-5.593739,-0.464374,0.787513,0.306411
1.787363,5.783489,-7.190154,-1.310074,1.256769,0.345027
1.583247,5.558423,-8.099399,-1.644306,1.136925,0.307875
2.114188,5.629055,-8.757240,-1.833660,0.867276,0.211601
1.572472,5.843945,-10.289607,-1.980535,0.952232,0.026109
1.701766,5.955282,-10.880406,-1.968684,0.817341,-0.258721
1.968733,6.276720,-11.493352,-2.036995,0.853294,-0.378565
0.857766,6.620903,-12.509144,-2.230477,1.024671,-0.386688
-0.126899,6.781323,-13.791904,-2.439538,0.845704,-0.736366
0.201722,6.391647,-13.949929,-2.559116,0.751426,-0.975255
0.538124,5.757750,-14.367140,-2.703594,0.695632,-1.218539
1.030756,3.570535,-15.160859,-2.707855,0.068848,-1.334521
1.591028,3.424481,-15.118957,-2.486677,-0.281363,-1.066603
1.573071,3.707012,-14.846603,-2.282675,-0.431035,-0.870724
1.678421,2.942624,-15.039945,-2.073081,-0.714533,-0.654472
1.956761,2.543370,-14.728683,-1.870944,-0.862607,-0.458993
1.540747,2.552948,-13.952323,-1.532052,-0.884445,-0.295340
0.568652,2.445203,-12.818013,-1.123783,-1.167277,0.109866
0.800901,2.453583,-11.587330,-1.025378,-1.497781,0.574994
1.373743,2.375169,-10.054365,-0.869314,-1.626679,0.772870
1.619161,1.719124,-7.394869,-0.645872,-1.065143,0.519600
1.829862,1.334835,-6.683754,-0.446664,-0.803084,0.276317
2.413478,1.489868,-5.762538,-0.129876,-0.749421,0.042354
3.136564,1.368955,-4.812591,0.048691,-0.590960,-0.115707
2.610411,0.739247,-4.889209,0.059610,0.212394,-0.360588
2.083660,0.355557,-5.739194,0.035242,0.302411,-0.203992
2.072287,0.388479,-6.159398,0.099692,0.068448,0.212533
3.050967,1.560501,-7.448143,0.297434,0.066850,0.643039
1.844228,1.695780,-8.324465,0.401699,0.340761,0.582318
0.406436,1.805320,-9.079276,0.717688,0.391228,0.387505
0.164011,2.573898,-10.654741,1.063238,0.621462,0.079240
0.866745,2.301544,-11.608281,1.157915,0.459140,0.010129
0.658439,2.509850,-11.607083,1.371370,0.342758,0.157138
-0.361543,3.492720,-11.444270,1.547941,0.392027,0.343829
0.161018,3.740532,-13.052058,1.726508,0.164457,-0.183618
1.448566,2.976743,-13.313039,1.717587,0.120381,-0.393212
0.623123,2.834879,-13.967886,1.709331,0.353810,-0.335421
0.090984,3.729159,-14.375520,2.164206,0.011056,-0.281092
0.455520,4.228974,-14.333620,2.399766,-0.178830,-0.381361
0.442950,4.222989,-14.259994,2.516547,-0.254864,-0.604005
0.107745,3.358039,-14.219290,2.523471,0.039020,-0.694687
0.134681,4.361260,-13.439938,2.420805,0.162193,-0.235018
0.240630,5.181316,-12.811428,2.298697,-0.025696,0.023845
0.988257,4.791042,-11.556203,2.300162,-0.164848,-0.339149
0.763191,4.963433,-10.891180,2.266872,-0.069372,-0.421043
0.441154,5.097515,-10.538018,2.097625,-0.032620,-0.400004
0.001796,4.341507,-9.695815,1.697080,-0.148603,-0.183086
0.433373,4.685691,-8.829069,1.640620,-0.136885,-0.118636
0.736853,5.082551,-8.195771,1.530763,-0.158057,-0.171501
0.886498,5.341137,-7.518775,1.224894,-0.085751,-0.228227
0.678192,4.588721,-7.215294,0.389714,0.134229,-0.146467
1.113959,4.421119,-7.031530,0.131650,0.062589,-0.003187
1.535959,4.773683,-6.779528,-0.046385,0.102404,0.048346
1.651485,4.642594,-7.236844,-0.566242,0.442761,-0.173631
1.289942,4.596503,-7.850389,-0.849074,0.457808,-0.064041
0.953539,4.334923,-8.352000,-1.116859,0.376847,0.079506
1.529973,4.318163,-9.073888,-1.350022,0.329575,0.191360
1.200753,4.363655,-9.666483,-1.527258,0.447688,0.193757
0.868541,4.354676,-10.184256,-1.723003,0.475652,0.261136
1.093607,4.604284,-11.024065,-2.045384,0.259267,0.402153
0.800901,4.357070,-11.818981,-2.169356,0.281504,0.390568
0.750620,4.033837,-12.378055,-2.146319,0.292157,0.302150
0.873928,4.152356,-12.685128,-2.099980,0.276311,0.250084
0.729670,4.744352,-13.084980,-2.162565,0.119182,0.312270
0.769176,4.534849,-13.162795,-2.186134,0.053801,0.258074
1.124734,4.271473,-13.134063,-2.103176,-0.017307,0.045816
1.526980,4.008697,-13.112514,-1.916885,-0.053260,-0.200130
1.302512,4.106863,-12.916180,-1.854433,-0.103461,-0.103589
0.965511,3.943451,-12.773717,-1.857096,-0.239684,0.010662
0.893083,4.084118,-12.114081,-1.874273,-0.399210,0.102010
0.761395,3.583704,-12.119468,-1.991188,-0.396147,0.130906
0.204116,2.966567,-12.008731,-1.979470,-0.393484,0.142357
0.571046,2.227918,-10.309958,-1.452422,-0.472048,-0.025025
1.013397,2.127955,-9.735321,-1.351087,-0.538762,0.064592
0.873330,1.837045,-9.327687,-1.341100,-0.523581,0.180042
0.301086,1.300716,-9.510852,-1.214598,-0.415988,0.145154
0.689565,1.336033,-8.262811,-0.444001,-0.342351,-0.196135
1.085227,1.618563,-7.814474,-0.262903,-0.292815,-0.257922
1.206140,1.642506,-7.603774,-0.240532,-0.202532,-0.172167
1.106178,1.749652,-7.172795,-0.099915,-0.261656,0.306411
1.613774,2.322494,-7.035720,0.045495,-0.430769,0.450357
2.040562,2.638545,-7.120120,0.139373,-0.438492,0.443432
1.934614,1.928029,-8.277177,0.260283,-0.059918,0.197885
1.658668,1.823277,-9.039171,0.507561,0.090153,0.037827
1.968733,2.132145,-9.382757,0.782137,0.061524,0.011461
1.273780,3.916515,-9.544373,1.015034,0.081498,0.375920
0.934385,3.508283,-9.849051,1.041000,0.099741,0.267395
1.512015,2.848048,-10.390168,1.182949,0.043547,0.065125
1.788560,2.696607,-10.576926,1.355657,-0.020769,0.058999
0.578828,3.970986,-11.003115,1.596145,0.065918,-0.110647
0.241827,2.792979,-11.986583,1.610659,0.060991,-0.441017
0.580025,1.875953,-12.442104,1.745018,-0.165647,-0.519448
0.536328,3.226351,-12.818013,2.085375,-0.423179,-0.379097
-0.094576,2.958786,-13.087972,2.060873,-0.172438,-0.709468
-0.753613,2.357810,-13.640462,1.891893,0.186561,-0.917464
0.280136,2.960581,-13.359728,1.936369,-0.172571,-0.174697
0.810479,4.345099,-12.630058,2.060207,-0.152198,-0.002254
0.815866,4.792838,-12.352915,2.032377,0.086691,-0.238880
-0.318445,3.934472,-12.783893,1.939698,0.091884,-0.456197
0.133484,4.415731,-11.978802,2.047424,-0.110652,-0.316246
0.939772,5.087938,-10.888786,2.066466,-0.204130,-0.282823
0.914033,4.905371,-10.029823,1.724644,0.141953,-0.384690
0.571645,4.866463,-9.691025,1.570178,0.221849,-0.353930
0.456717,4.761711,-9.307934,1.438084,0.184031,-0.296139
0.627911,4.719212,-8.768013,1.281487,0.132765,-0.186415
0.961919,5.390820,-7.628914,0.751111,0.134629,0.043952
0.988856,5.257336,-7.451734,0.422205,0.255405,0.013458
0.803894,4.941286,-7.582823,0.160546,0.353677,-0.089741
0.577032,4.349289,-7.835424,-0.194992,0.328643,-0.134882
0.735656,4.501328,-7.893486,-0.342400,0.274846,-0.128091
