-0.193940,0.633897,-10.054963
-0.187356,0.705727,-10.048378
-0.207708,0.738050,-10.021442
-0.240031,0.615940,-10.031020
-0.264573,0.560272,-10.001689
-0.234045,0.589602,-10.010069
-0.214891,0.665023,-10.063941
-0.170596,0.705727,-10.054365
-0.146652,0.697945,-10.034611
-0.167004,0.596187,-10.038801
-0.192743,0.586011,-10.056758
-0.204715,0.636291,-10.072920
-0.216686,0.697347,-10.034012
-0.213095,0.690762,-10.022041
-0.267566,0.626116,-10.031020
-0.272953,0.612348,-10.019646
-0.263974,0.635693,-10.056160
-0.243024,0.651256,-10.017850
-0.187954,0.691361,-10.038801
-0.175983,0.658439,-10.043590
-0.193342,0.645270,-10.050773
-0.186159,0.621926,-10.093272
-0.208306,0.626116,-10.080702
-0.201123,0.638686,-10.013661
-0.200525,0.658439,-10.017252
-0.210700,0.630904,-10.016055
-0.224468,0.608757,-10.050174
-0.217285,0.624320,-10.070526
-0.217883,0.634496,-10.028027
-0.223869,0.660833,-10.006478
-0.220278,0.676995,-10.042991
-0.217285,0.655446,-10.060949
-0.214292,0.621327,-10.030421
-0.219679,0.633897,-10.037006
-0.216088,0.647066,-10.052569
-0.191546,0.656643,-10.050174
-0.204715,0.617137,-10.070526
-0.210102,0.633897,-10.057956
-0.213693,0.660235,-10.015457
-0.197532,0.671009,-10.014858
-0.199926,0.651855,-10.038801
-0.227461,0.616538,-10.036407
-0.205313,0.649460,-10.036407
-0.211898,0.682981,-10.046583
-0.225665,0.647066,-10.004083
-0.235242,0.624320,-9.987323
-0.207109,0.616538,-10.044188
-0.204715,0.666221,-10.054365
-0.200525,0.674601,-10.061547
-0.200525,0.626116,-10.021442
-0.183764,0.635094,-10.035210
-0.219679,0.620728,-10.011865
-0.229855,0.645869,-10.047182
-0.217883,0.652453,-10.046583
-0.207708,0.647665,-10.009470
-0.204116,0.646467,-10.027428
-0.205313,0.638686,-10.023837
-0.206510,0.653052,-10.056758
-0.211898,0.684178,-10.039999
-0.196933,0.670411,-10.020844
-0.205912,0.653052,-10.034611
-0.207708,0.624918,-10.038801
-0.234644,0.612947,-10.023837
-0.243622,0.641080,-10.052569
-0.222672,0.647665,-10.004682
-0.241228,0.681185,-10.015457
-0.260981,0.674601,-10.017252
-0.232848,0.605165,-10.026231
-0.190947,0.642277,-10.070526
-0.163413,0.731466,-10.074716
-0.201123,0.732663,-10.022041
-0.200525,0.630904,-10.006478
-0.222074,0.583018,-10.041195
-0.232249,0.617735,-10.055562
-0.248411,0.691960,-9.993309
-0.230454,0.672206,-10.027428
-0.207109,0.659636,-10.025033
-0.206510,0.660833,-10.020245
-0.215489,0.699741,-10.037006
-0.215489,0.746430,-10.015457
-0.186159,0.682382,-10.019048
-0.158624,0.614144,-10.022041
-0.149645,0.565060,-10.037006
-0.140068,0.533336,-10.084892
-0.117322,0.528547,-10.074117
-0.095773,0.553089,-10.043590
-0.116125,0.568053,-10.066336
-0.169997,0.602771,-10.037604
-0.206510,0.660833,-10.037604
-0.248411,0.685974,-10.029823
-0.274150,0.681784,-9.994506
-0.237038,0.663826,-10.008872
-0.185560,0.647066,-10.066336
-0.135878,0.647066,-10.069928
-0.105350,0.671009,-10.063343
-0.141864,0.614144,-10.051970
-0.181370,0.579426,-10.053766
-0.187954,0.589004,-10.025033
-0.204715,0.617137,-10.007675
-0.156230,0.641679,-10.083695
-0.155032,0.630306,-10.065737
-0.168201,0.580025,-10.015457
-0.164610,0.568652,-10.018449
-0.168201,0.586609,-10.019646
-0.171194,0.608158,-10.025033
-0.150842,0.639284,-10.053766
-0.174187,0.654249,-10.045386
-0.168201,0.652453,-10.018449
-0.162814,0.656643,-10.019646
-0.157427,0.643475,-10.058554
-0.156230,0.636291,-10.053766
-0.126301,0.626116,-10.051371
-0.131089,0.571046,-10.031020
-0.131089,0.537526,-10.032217
-0.140667,0.566258,-10.081300
-0.152040,0.572842,-10.065737
-0.159223,0.585412,-10.047182
-0.176581,0.615940,-10.011865
-0.159821,0.649460,-10.031619
-0.160420,0.660235,-10.059752
-0.154434,0.672206,-10.049575
-0.151441,0.688967,-10.081899
-0.128096,0.641080,-10.035210
-0.129293,0.599179,-10.047780
-0.132286,0.572842,-10.051371
-0.161617,0.587806,-10.045984
-0.158624,0.562067,-10.065138
-0.161617,0.566856,-10.020245
-0.157427,0.593792,-10.015457
-0.162814,0.638087,-10.048977
-0.146054,0.651256,-10.048977
-0.144857,0.668615,-10.028027
-0.145455,0.660833,-10.027428
-0.158624,0.650059,-10.060350
-0.156828,0.629707,-10.045984
-0.165208,0.608757,-10.054365
-0.184962,0.577631,-10.016055
-0.158025,0.562666,-10.051970
-0.174786,0.556680,-10.039400
-0.155032,0.592595,-10.077111
-0.138272,0.614144,-10.056758
-0.144857,0.626714,-10.043590
-0.151441,0.626714,-10.062146
-0.163413,0.632700,-9.984929
-0.173588,0.662030,-10.045984
-0.179574,0.620130,-10.012464
-0.168800,0.621327,-10.078907
-0.155032,0.575835,-10.030421
-0.144258,0.553687,-10.033414
-0.148448,0.585412,-10.054365
-0.131688,0.598581,-10.069928
-0.154434,0.609954,-10.056758
-0.161018,0.605764,-10.017252
-0.164011,0.628510,-9.998098
-0.162215,0.657242,-10.041794
-0.162814,0.662629,-10.048378
-0.161018,0.660235,-10.031619
-0.149047,0.597982,-10.015457
-0.158624,0.590799,-10.034611
-0.134681,0.590201,-10.020245
-0.133484,0.571046,-10.035210
-0.149047,0.595588,-10.016055
-0.152040,0.596785,-10.019048
-0.158025,0.614743,-10.016654
-0.158025,0.616538,-10.038203
-0.151441,0.639284,-10.026829
-0.146652,0.641080,-10.062146
-0.146652,0.638087,-10.061547
-0.147251,0.623721,-10.034012
-0.160420,0.583616,-10.034611
-0.148448,0.593792,-10.059153
-0.137674,0.587806,-10.046583
-0.167004,0.594989,-10.020245
-0.165208,0.593792,-10.016055
-0.169997,0.599778,-10.045984
-0.171194,0.610553,-10.019048
-0.155032,0.642876,-10.058554
-0.144258,0.642277,-10.043590
-0.142462,0.617735,-10.022041
-0.145455,0.619531,-10.040596
-0.156828,0.618334,-10.002287
-0.167603,0.610553,-10.054365
-0.147849,0.590201,-10.060949
-0.155032,0.586609,-10.035808
-0.164011,0.584215,-10.012464
-0.150244,0.589004,-10.030421
-0.147251,0.600377,-10.047182
-0.144857,0.623123,-10.055562
-0.133484,0.638686,-10.024435
-0.148448,0.630904,-9.997499
-0.164610,0.634496,-10.062146
-0.165807,0.632101,-10.013062
-0.155631,0.623721,-10.064540
-0.162814,0.596187,-10.019048
-0.159223,0.575835,-10.028625
-0.156230,0.590201,-10.022640
-0.150244,0.571046,-10.034012
-0.162814,0.613545,-10.081300
-0.147251,0.612947,-10.047780
-0.152638,0.617137,-10.019646
-0.165208,0.636890,-10.018449
-0.160420,0.623123,-10.017252
-0.146054,0.641679,-10.042991
-0.169997,0.616538,-10.039400
-0.163413,0.593792,-10.035210
-0.149645,0.563265,-10.028625
-0.139469,0.587806,-10.026231
-0.135279,0.596187,-10.055562
-0.160420,0.596187,-10.047780
-0.135279,0.603968,-10.031619
-0.172990,0.640482,-10.018449
-0.164610,0.640482,-10.016654
-0.165208,0.638087,-10.044787
-0.136476,0.635094,-10.048977
-0.138272,0.606961,-10.045984
-0.137075,0.592595,-10.026231
-0.143659,0.581821,-10.051970
-0.152638,0.580624,-10.064540
-0.152638,0.587806,-10.036407
-0.147849,0.600975,-10.034611
-0.167603,0.620130,-10.030421
-0.154434,0.626714,-10.018449
-0.155032,0.639883,-10.045386
-0.154434,0.645869,-10.060949
-0.149645,0.654848,-10.044188
-0.158624,0.636291,-10.016055
-0.161617,0.614743,-10.026231
-0.153835,0.576433,-10.047182
-0.160420,0.586609,-10.062146
-0.172990,0.600975,-10.072920
-0.158025,0.590201,-10.017252
-0.161617,0.597384,-10.029823
-0.156230,0.617735,-10.058554
-0.140068,0.617735,-10.059153
-0.154434,0.622524,-10.012464
-0.140068,0.623721,-10.012464
-0.134082,0.645270,-10.037604
-0.155631,0.594391,-10.061547
-0.172391,0.602172,-10.062146
-0.163413,0.600975,-10.026829
-0.147849,0.600377,-10.046583
-0.143061,0.590799,-10.033414
-0.153835,0.602771,-10.049575
-0.152638,0.614743,-10.069329
-0.145455,0.632101,-10.041794
-0.180173,0.635094,-10.073519
-0.159821,0.629109,-9.993907
-0.159223,0.631503,-10.030421
-0.155631,0.607560,-10.030421
-0.146054,0.599778,-10.048378
-0.168800,0.595588,-10.022640
-0.144258,0.586609,-9.996302
-0.153835,0.583616,-10.044787
-0.155032,0.607560,-10.012464
-0.157427,0.605764,-10.029823
-0.153237,0.628510,-10.068132
-0.156828,0.645270,-10.043590
-0.161617,0.647066,-10.019646
-0.155032,0.615341,-10.045386
-0.152040,0.603370,-10.068730
-0.145455,0.592595,-10.018449
-0.144857,0.584215,-9.995104
-0.156828,0.600377,-10.060350
-0.162215,0.617137,-9.986126
-0.149047,0.596187,-10.051371
-0.157427,0.589004,-10.018449
-0.152040,0.627313,-10.041195
-0.162215,0.618933,-10.063343
-0.147849,0.633897,-10.031020
-0.159223,0.629707,-10.039400
-0.144258,0.624320,-10.019048
-0.150842,0.616538,-10.005281
-0.149645,0.612947,-10.007077
-0.147849,0.600975,-10.054365
-0.156230,0.577631,-10.041794
-0.154434,0.609954,-10.064540
-0.136476,0.599778,-10.002886
-0.141265,0.601574,-10.009470
-0.135878,0.632700,-10.023837
-0.150842,0.631503,-10.060949
-0.151441,0.629707,-10.032815
-0.177779,0.608757,-10.050174
-0.158624,0.620728,-10.058554
-0.162215,0.623123,-10.025632
-0.146652,0.606961,-10.034012
-0.158624,0.597384,-10.073519
-0.147251,0.586011,-10.029823
-0.148448,0.610553,-10.011865
-0.141864,0.608757,-10.035808
-0.155032,0.611151,-10.032815
-0.164011,0.623123,-10.037006
-0.158624,0.626714,-10.031020
-0.158025,0.625517,-10.022041
-0.141265,0.634496,-10.032217
-0.152638,0.626714,-10.023837
-0.143061,0.602771,-10.065138
-0.147251,0.597982,-10.033414
-0.154434,0.604567,-10.050174
-0.166406,0.614144,-10.040596
-0.159223,0.601574,-9.995104
-0.168201,0.609954,-10.054365
-0.156230,0.620130,-10.040596
-0.150842,0.642876,-10.031020
-0.156828,0.641080,-10.013661
-0.145455,0.627911,-10.018449
-0.149047,0.627313,-10.072920
-0.147251,0.602771,-10.046583
-0.142462,0.611151,-10.027428
-0.145455,0.601574,-10.028027
-0.163413,0.595588,-10.030421
-0.165208,0.607560,-10.058554
-0.165807,0.604567,-10.053766
-0.162215,0.602771,-10.024435
-0.147251,0.629109,-10.041195
-0.148448,0.640482,-10.026231
-0.155032,0.626714,-10.062745
-0.150244,0.608158,-10.047182
-0.150842,0.602172,-10.057357
-0.153835,0.598581,-10.038801
-0.161018,0.608757,-10.034611
-0.148448,0.603968,-10.058554
-0.158624,0.591398,-10.026231
-0.153835,0.598581,-10.048977
-0.155032,0.611151,-10.042392
-0.152040,0.637489,-10.016654
-0.153237,0.644672,-10.032815
-0.159821,0.632101,-10.059752
-0.173588,0.617137,-10.063343
-0.161018,0.608158,-10.019646
-0.155631,0.628510,-10.037006
-0.162215,0.603968,-10.044188
-0.155032,0.586609,-10.031619
-0.140068,0.582419,-10.044188
-0.137075,0.608757,-10.025632
-0.145455,0.630306,-10.063941
-0.152638,0.610553,-10.028027
-0.151441,0.608757,-10.071723
-0.147849,0.629707,-10.037604
-0.153835,0.642277,-10.054963
-0.153237,0.632101,-10.024435
-0.135878,0.603370,-10.007077
-0.144857,0.586609,-10.084892
-0.152040,0.591997,-10.048977
-0.146652,0.600377,-10.043590
-0.156230,0.614743,-10.037006
-0.164011,0.610553,-10.030421
-0.153835,0.623123,-10.075315
-0.159223,0.629109,-10.047182
-0.163413,0.644672,-10.032217
-0.145455,0.608757,-10.010069
-0.130491,0.610553,-10.027428
-0.136476,0.603370,-10.054365
-0.156828,0.610553,-10.053167
-0.153237,0.607560,-10.038801
-0.168201,0.604567,-10.030421
-0.165807,0.606961,-10.026231
-0.166406,0.603370,-10.056160
-0.144857,0.615341,-10.059153
-0.146652,0.618933,-10.031020
-0.159821,0.634496,-10.019646
-0.153835,0.617137,-10.044787
-0.145455,0.632101,-10.030421
-0.152638,0.609355,-10.056160
-0.146054,0.615341,-10.047780
-0.159223,0.609954,-10.026829
-0.156828,0.606362,-10.014260
-0.166406,0.596187,-10.028625
-0.148448,0.612348,-10.055562
-0.162814,0.626116,-10.041195
-0.144258,0.615940,-10.017850
-0.154434,0.635094,-10.026829
-0.161617,0.623123,-10.018449
-0.162215,0.634496,-10.081300
-0.177180,0.609954,-10.018449
-0.144258,0.608757,-10.048378
-0.154434,0.596785,-10.030421
-0.150244,0.600975,-10.041794
-0.141265,0.590201,-10.031619
-0.143659,0.615341,-10.027428
-0.150244,0.611151,-10.023837
-0.160420,0.617137,-10.020245
-0.153237,0.617735,-10.014858
-0.152638,0.626116,-10.028027
-0.152638,0.630904,-10.034012
-0.144258,0.635094,-10.021442
-0.143061,0.609954,-10.014858
-0.144258,0.595588,-10.038203
-0.158624,0.593194,-10.038801
-0.140068,0.592595,-10.066934
-0.150244,0.605764,-10.033414
-0.171793,0.600975,-10.053766
-0.166406,0.620728,-10.032217
-0.167603,0.612947,-10.028625
-0.164610,0.630904,-10.054365
-0.145455,0.626116,-10.060350
-0.160420,0.642876,-10.034611
-0.164011,0.617137,-10.014858
-0.147251,0.608158,-10.056758
-0.164610,0.612947,-10.071125
-0.158025,0.608757,-10.051371
-0.152638,0.591997,-10.045386
-0.155631,0.589004,-10.036407
-0.144258,0.614743,-10.011266
-0.146054,0.612947,-10.063343
-0.147849,0.622524,-10.060949
-0.150244,0.609954,-10.023837
-0.169997,0.620728,-10.029224
-0.168201,0.627911,-10.016055
-0.156828,0.617735,-10.028625
-0.153835,0.609355,-10.057956
-0.159223,0.608757,-10.009470
-0.159223,0.593792,-10.031619
-0.154434,0.608158,-10.034012
-0.157427,0.628510,-10.032815
-0.144258,0.613545,-10.080103
-0.155631,0.613545,-10.049575
-0.160420,0.627313,-10.011865
-0.155032,0.624320,-10.025632
-0.161617,0.624320,-10.025033
-0.153835,0.619531,-10.047780
-0.160420,0.605764,-10.034012
-0.155631,0.611750,-10.017252
-0.143659,0.608757,-10.037006
-0.149645,0.605764,-10.012464
-0.149047,0.600377,-10.045386
-0.147251,0.615940,-10.058554
-0.155032,0.606961,-10.010069
-0.158624,0.623123,-10.038203
-0.155631,0.615341,-9.988520
-0.165807,0.630904,-10.069329
-0.168800,0.609355,-10.037604
-0.153237,0.603968,-10.011266
-0.156828,0.602172,-10.054963
-0.141864,0.600377,-10.018449
-0.149047,0.597982,-10.095666
-0.163413,0.603370,-10.050174
-0.161018,0.608158,-10.008872
-0.153237,0.605165,-10.056160
-0.149047,0.612947,-9.994506
-0.152638,0.627911,-10.075913
-0.164011,0.621926,-10.056758
-0.135878,0.602771,-10.044188
-0.166406,0.618933,-10.063343
-0.144857,0.605764,-9.997499
-0.161018,0.597982,-10.072321
-0.167603,0.591398,-10.036407
-0.143061,0.600975,-10.037006
-0.141265,0.600975,-10.032217
-0.153237,0.615341,-10.016654
-0.150842,0.622524,-10.022640
-0.165807,0.621926,-10.038203
-0.149645,0.606961,-10.020844
-0.166406,0.608757,-10.017850
-0.156828,0.615341,-10.035210
-0.135878,0.605165,-10.036407
-0.157427,0.599778,-10.056160
-0.155032,0.606362,-10.056758
-0.162215,0.602172,-10.041195
-0.142462,0.601574,-10.022640
-0.142462,0.609355,-10.032815
-0.146652,0.603968,-10.070526
-0.149047,0.617137,-10.045386
-0.161617,0.621926,-10.026829
-0.159223,0.624918,-10.045386
-0.153237,0.626116,-10.040596
-0.152638,0.608158,-10.049575
-0.149047,0.592595,-10.048378
-0.143061,0.613545,-10.060949
-0.151441,0.612947,-10.025033
-0.156230,0.629109,-10.044787
-0.162215,0.609355,-10.067533
-0.152040,0.611750,-10.049575
-0.158624,0.596187,-10.008274
-0.143659,0.620130,-10.014260
-0.144258,0.611151,-10.025033
-0.156230,0.617735,-10.017252
-0.148448,0.608757,-10.041195
-0.154434,0.611151,-10.045386
-0.169997,0.607560,-10.045386
-0.156828,0.597982,-10.041195
-0.141265,0.613545,-10.016654
-0.148448,0.613545,-10.047182
-0.161018,0.617735,-10.045386
-0.143061,0.617735,-10.011865
-0.158025,0.633299,-10.041794
-0.149047,0.608158,-10.049575
-0.156828,0.635094,-10.064540
-0.159821,0.619531,-10.062146
-0.156230,0.607560,-10.040596
-0.156828,0.606362,-10.022640
-0.152040,0.614144,-10.014858
-0.146054,0.597982,-10.039999
-0.162814,0.607560,-10.045386
-0.148448,0.615341,-10.032815
-0.156828,0.611151,-10.037604
-0.155631,0.599179,-10.034611
-0.160420,0.611750,-10.019646
-0.158025,0.612947,-10.049575
-0.146054,0.616538,-10.010668
-0.156828,0.622524,-10.032815
-0.138272,0.607560,-10.020844
-0.135279,0.620130,-10.028027
-0.152040,0.597982,-10.056160
-0.146054,0.615341,-10.026231
-0.152638,0.610553,-10.024435
-0.136476,0.628510,-10.035210
-0.168800,0.614743,-10.025632
-0.147849,0.627313,-10.065737
-0.146652,0.629109,-10.042392
-0.139469,0.617735,-10.039400
-0.166406,0.618334,-10.032815
-0.160420,0.598581,-10.039999
-0.142462,0.596785,-10.066934
-0.155032,0.602771,-10.015457
-0.134681,0.612947,-10.022041
-0.138871,0.617137,-10.043590
-0.157427,0.621327,-10.043590
-0.159223,0.621926,-10.069928
-0.159821,0.611151,-10.067533
-0.148448,0.626116,-10.044787
-0.144857,0.614743,-10.022041
-0.148448,0.612947,-10.021442
-0.141864,0.598581,-10.069928
-0.167603,0.616538,-10.052569
-0.159821,0.609355,-10.024435
-0.152040,0.612348,-10.022640
-0.157427,0.618933,-10.011266
-0.159821,0.605764,-10.089082
-0.144857,0.612348,-10.056160
-0.140667,0.621926,-10.008872
-0.159821,0.622524,-10.011865
-0.147849,0.609954,-10.015457
-0.139469,0.633299,-10.066934
-0.152638,0.612348,-10.057357
-0.165208,0.620130,-10.028027
-0.152638,0.616538,-10.009470
-0.169997,0.606961,-10.042991
-0.148448,0.617137,-10.051970
-0.132286,0.605764,-10.050773
-0.160420,0.617735,-10.031619
-0.141864,0.609954,-10.039400
-0.149645,0.618933,-10.041794
-0.149047,0.617137,-10.039400
-0.153835,0.618334,-10.066336
-0.180771,0.623721,-10.060350
-0.162814,0.605764,-10.035210
-0.150244,0.612947,-10.035210
-0.152040,0.620130,-10.047182
-0.149047,0.614743,-10.064540
-0.155631,0.607560,-10.048378
-0.153237,0.608757,-10.048977
-0.151441,0.617735,-10.032815
-0.155032,0.618933,-10.029823
-0.156828,0.621926,-10.067533
-0.158025,0.602172,-10.037604
-0.146054,0.611750,-10.038203
-0.155631,0.617137,-10.020245
-0.150244,0.605165,-10.053167
-0.153835,0.614743,-10.060350
-0.150842,0.602771,-10.055562
-0.145455,0.608158,-10.050174
-0.146652,0.623721,-10.032815
-0.150244,0.616538,-10.016654
-0.136476,0.614144,-10.050174
-0.148448,0.617735,-10.054963
-0.141265,0.611750,-10.039400
-0.134681,0.632700,-10.036407
-0.131688,0.618334,-10.051970
-0.132286,0.632101,-10.079504
-0.134082,0.619531,-10.040596
-0.149047,0.614144,-10.047780
-0.149645,0.617137,-10.041195
-0.143061,0.618933,-10.017850
-0.144857,0.613545,-10.063343
-0.155631,0.608158,-10.043590
-0.169997,0.620130,-10.029823
-0.158025,0.623123,-10.028625
-0.158025,0.630306,-10.041195
-0.151441,0.614144,-10.023238
-0.147251,0.618334,-10.044787
-0.151441,0.602771,-10.044188
-0.141864,0.618933,-10.043590
-0.138272,0.603968,-10.028027
-0.147849,0.628510,-10.029224
-0.153835,0.616538,-10.074117
-0.153237,0.617137,-10.040596
-0.155032,0.620130,-10.055562
-0.143659,0.626714,-10.024435
-0.156828,0.612348,-10.010069
-0.164610,0.602172,-10.004083
-0.153835,0.612348,-10.061547
-0.143061,0.614743,-10.048378
-0.153835,0.606362,-10.017850
-0.160420,0.605764,-10.036407
-0.158025,0.614743,-10.005281
-0.147849,0.622524,-10.057956
-0.153237,0.627911,-10.017850
-0.161617,0.612947,-10.022041
-0.140068,0.615940,-10.023238
-0.153835,0.611750,-10.025033
-0.149047,0.614144,-10.038801
-0.161018,0.618334,-10.054365
-0.160420,0.612348,-10.041195
-0.140068,0.600377,-10.016654
-0.152638,0.602771,-10.020844
-0.168800,0.596785,-10.062745
-0.144857,0.624320,-10.041195
-0.153237,0.617137,-10.035210
-0.153237,0.602771,-10.031619
-0.165208,0.599179,-10.022640
-0.159223,0.622524,-10.077709
-0.151441,0.608757,-10.044787
-0.145455,0.606961,-10.035210
-0.169997,0.613545,-10.014260
-0.153237,0.618334,-10.027428
-0.143061,0.617137,-10.039999
-0.152638,0.617137,-10.046583
-0.154434,0.603370,-10.024435
-0.153237,0.614144,-10.023238
-0.142462,0.609355,-10.021442
-0.159821,0.600975,-10.057956
-0.152040,0.627911,-10.063941
-0.152638,0.617735,-10.015457
-0.148448,0.621327,-10.014260
-0.140068,0.615940,-10.023837
-0.143659,0.600975,-10.036407
-0.140068,0.608158,-10.044787
-0.156828,0.609355,-10.017850
-0.149645,0.616538,-10.028027
-0.158025,0.606961,-10.015457
-0.160420,0.618933,-10.027428
-0.157427,0.623123,-10.068132
-0.154434,0.609954,-10.037604
-0.168201,0.632101,-10.054963
-0.164610,0.625517,-10.020844
-0.161018,0.621327,-10.015457
-0.164610,0.610553,-10.060350
-0.158624,0.605165,-10.047780
-0.173588,0.605165,-10.034012
-0.165807,0.600975,-10.042392
-0.168800,0.608757,-10.019048
-0.156828,0.614743,-10.085491
-0.149645,0.611151,-10.045984
-0.158624,0.624918,-10.031619
-0.150244,0.605764,-10.009470
-0.154434,0.619531,-10.007077
-0.153237,0.626116,-10.063941
-0.151441,0.608757,-10.055562
-0.147849,0.615341,-10.017252
-0.151441,0.599179,-10.038801
-0.160420,0.618933,-10.059153
-0.162814,0.614144,-10.041195
-0.149645,0.612348,-10.046583
-0.144857,0.605764,-10.028027
-0.145455,0.609954,-10.026829
-0.155631,0.609954,-10.020844
-0.155631,0.611151,-10.071723
-0.159821,0.623721,-10.045386
-0.162215,0.614144,-10.019048
-0.165807,0.620130,-10.039400
-0.147251,0.607560,-10.029224
-0.153835,0.609954,-10.072321
-0.162814,0.612348,-10.054365
-0.148448,0.596187,-10.044787
-0.162814,0.615940,-10.029823
-0.153835,0.614743,-10.004083
-0.140667,0.614743,-10.048378
-0.156828,0.607560,-10.034611
-0.167004,0.600975,-10.022640
-0.175983,0.609355,-10.024435
-0.146652,0.609355,-10.029823
-0.154434,0.609954,-10.023238
-0.140667,0.605764,-10.058554
-0.156828,0.617735,-10.039999
-0.164610,0.614743,-10.025632
-0.162814,0.624320,-10.045984
-0.149047,0.617137,-10.038801
-0.147251,0.612348,-10.073519
-0.148448,0.605764,-10.014260
-0.165807,0.612348,-10.021442
-0.153237,0.612348,-10.035808
-0.159821,0.616538,-10.004682
-0.149047,0.611750,-10.068730
-0.141864,0.614743,-10.035808
-0.144857,0.614144,-10.013661
-0.158624,0.602172,-10.016654
-0.171194,0.615940,-10.037604
-0.152638,0.612947,-10.047182
-0.161018,0.601574,-10.027428
-0.155032,0.606362,-10.023837
-0.162215,0.623123,-10.038203
-0.157427,0.608158,-10.022041
-0.160420,0.609355,-10.012464
-0.154434,0.621327,-10.041794
-0.160420,0.620130,-10.028625
-0.165208,0.624320,-10.018449
-0.148448,0.605764,-10.031020
-0.143061,0.614743,-10.025033
-0.162814,0.610553,-10.047182
-0.162215,0.618933,-10.032217
-0.153835,0.618334,-10.023238
-0.156230,0.624918,-10.050773
-0.149047,0.614144,-10.029224
-0.151441,0.605764,-10.072321
-0.150842,0.617735,-10.022640
-0.134082,0.607560,-10.039400
-0.157427,0.614743,-10.047780
-0.160420,0.617137,-10.031619
-0.165807,0.605764,-10.054963
-0.147849,0.612947,-10.053766
-0.155032,0.627313,-10.016055
-0.143659,0.614144,-10.031020
-0.158624,0.625517,-10.017850
-0.144857,0.610553,-10.033414
-0.153835,0.613545,-10.048977
-0.157427,0.618933,-10.043590
-0.146652,0.615940,-10.010668
-0.162215,0.604567,-10.028625
-0.147251,0.608757,-10.040596
-0.158624,0.609355,-10.047780
-0.169997,0.611151,-10.024435
-0.174786,0.611750,-10.032217
-0.158624,0.611750,-10.019048
-0.161617,0.603968,-10.018449
-0.154434,0.621327,-10.068132
-0.152040,0.614743,-10.042991
-0.158025,0.613545,-10.053766
-0.160420,0.619531,-10.020844
-0.148448,0.606362,-10.048977
-0.154434,0.617735,-10.053167
-0.149645,0.618334,-10.018449
-0.164011,0.607560,-10.014858
-0.167603,0.606362,-10.012464
-0.142462,0.604567,-10.023238
-0.153237,0.620728,-10.087286
-0.162814,0.618334,-10.049575
-0.146652,0.608158,-10.035808
-0.158624,0.612947,-10.009470
-0.150244,0.617137,-10.012464
-0.155631,0.610553,-10.059153
-0.159821,0.603968,-10.035210
-0.149645,0.606362,-10.028027
-0.150842,0.614144,-10.019646
-0.165807,0.618933,-10.015457
-0.152638,0.607560,-10.068132
-0.168800,0.602172,-10.040596
-0.157427,0.618933,-10.045386
-0.153835,0.627313,-10.003485
-0.152040,0.614743,-10.015457
-0.138272,0.609954,-10.083096
-0.161617,0.606961,-10.029224
-0.156828,0.612947,-10.020245
-0.144258,0.609954,-10.038203
-0.155032,0.612348,-10.050174
-0.156828,0.608757,-10.049575
-0.138871,0.613545,-10.054963
-0.152638,0.614743,-10.035808
-0.148448,0.617735,-10.000492
-0.163413,0.624918,-10.026829
-0.157427,0.608757,-10.047182
-0.150842,0.614144,-10.072920
-0.161018,0.618334,-10.041794
-0.147849,0.614743,-10.028625
-0.158624,0.613545,-10.009470
-0.151441,0.596785,-10.038801
-0.162215,0.612947,-10.056160
-0.161018,0.618933,-10.054365
-0.153835,0.613545,-10.026231
-0.139469,0.620130,-10.030421
-0.162814,0.603968,-10.032217
-0.142462,0.609954,-10.065138
-0.150842,0.621926,-10.035210
-0.174786,0.616538,-10.020844
-0.157427,0.600377,-10.032815
-0.150244,0.593194,-10.019048
-0.152040,0.623123,-10.053167
-0.155631,0.612947,-10.040596
-0.167603,0.599778,-10.013661
-0.149645,0.612947,-10.026231
-0.153835,0.622524,-10.037604
-0.161617,0.617137,-10.062146
-0.159821,0.607560,-10.052569
-0.157427,0.617137,-10.037604
-0.165807,0.598581,-10.023238
-0.151441,0.598581,-10.032217
-0.167004,0.612947,-10.074716
-0.158624,0.602771,-10.042392
-0.154434,0.606362,-10.030421
-0.144258,0.607560,-10.019646
-0.143061,0.609355,-10.031020
-0.160420,0.620130,-10.068730
-0.149645,0.615341,-10.034012
-0.158624,0.624918,-10.039999
-0.159223,0.605764,-10.033414
-0.151441,0.605764,-10.020844
-0.152638,0.610553,-10.012464
-0.143659,0.618933,-10.044787
-0.145455,0.621327,-10.013062
-0.143659,0.607560,-10.023837
-0.149645,0.609355,-10.045984
-0.143659,0.611151,-10.036407
-0.145455,0.607560,-10.028027
-0.153237,0.618334,-10.028027
-0.159821,0.611151,-10.013661
-0.161018,0.599179,-10.038203
-0.156828,0.606362,-9.995104
-0.152040,0.603968,-10.023238
-0.155631,0.611151,-10.023837
-0.143061,0.613545,-10.031020
-0.166406,0.610553,-10.023238
-0.151441,0.621327,-10.047182
-0.157427,0.625517,-10.028625
-0.153237,0.602771,-10.039999
-0.140667,0.619531,-10.057956
-0.145455,0.595588,-10.043590
-0.151441,0.615940,-10.045984
-0.149645,0.615341,-10.016055
-0.153835,0.614144,-10.051371
-0.157427,0.600975,-10.020844
-0.168201,0.608757,-10.032815
-0.153237,0.610553,-10.042991
-0.157427,0.617137,-10.019646
-0.157427,0.612947,-10.063343
-0.153835,0.599778,-10.026829
-0.159223,0.612947,-10.029823
-0.148448,0.605764,-10.035210
-0.162215,0.609954,-10.035808
-0.146054,0.615940,-10.060350
-0.156828,0.598581,-10.040596
-0.152040,0.600377,-10.034012
-0.166406,0.616538,-10.034012
-0.151441,0.609355,-10.029224
-0.151441,0.612348,-10.079504
-0.163413,0.616538,-10.042991
-0.149047,0.609355,-10.022041
-0.151441,0.623721,-10.034611
-0.177779,0.614743,-10.033414
-0.141864,0.622524,-10.075315
-0.146652,0.611750,-10.052569
-0.156230,0.614144,-10.031020
-0.141265,0.612348,-10.015457
-0.145455,0.605165,-10.023837
-0.156828,0.609954,-10.031020
-0.161617,0.614144,-10.050773
-0.164011,0.606961,-10.058554
-0.153237,0.616538,-10.022041
-0.149047,0.607560,-10.017850
-0.144258,0.606362,-10.029823
-0.145455,0.609954,-10.054365
-0.146054,0.600975,-10.044188
-0.134681,0.606362,-10.032217
-0.155631,0.597982,-10.011865
-0.146652,0.616538,-10.023837
-0.150244,0.616538,-10.063343
-0.148448,0.607560,-10.043590
-0.145455,0.608158,-10.026829
-0.149645,0.614743,-10.026829
-0.143061,0.611750,-10.017850
-0.149645,0.606362,-10.060350
-0.156828,0.608757,-10.044188
-0.150842,0.605764,-10.038203
-0.144857,0.618334,-10.028027
-0.143061,0.600975,-10.031020
-0.148448,0.601574,-10.037604
-0.153835,0.617137,-10.048378
-0.153237,0.614144,-10.036407
-0.148448,0.605165,-10.006478
-0.162814,0.618334,-10.057357
-0.152638,0.609355,-10.076512
-0.156230,0.603968,-10.037604
-0.150244,0.618334,-10.038203
-0.164610,0.606362,-10.031020
-0.154434,0.597982,-10.004682
-0.156230,0.615341,-10.077111
-0.148448,0.622524,-10.030421
-0.155032,0.608757,-10.021442
-0.157427,0.606961,-10.022640
-0.154434,0.639883,-10.023837
-0.161018,0.618334,-10.056160
-0.156828,0.624918,-10.054963
-0.152638,0.618334,-10.053167
-0.158624,0.602771,-10.017850
-0.147849,0.610553,-10.020245
-0.144857,0.629707,-10.059752
-0.153835,0.608757,-10.065138
-0.150842,0.612348,-10.040596
-0.159821,0.607560,-10.029224
-0.137075,0.612947,-9.992112
-0.163413,0.612947,-10.028027
-0.149047,0.611151,-10.049575
-0.171793,0.603370,-10.032217
-0.155032,0.613545,-10.037006
-0.157427,0.618933,-10.025632
-0.139469,0.608158,-10.036407
-0.146652,0.598581,-10.057956
-0.165807,0.603968,-10.042392
-0.158025,0.597384,-10.056758
-0.150244,0.624320,-10.038203
-0.157427,0.613545,-10.029224
-0.164011,0.611750,-10.051970
-0.163413,0.615341,-10.037006
-0.153835,0.615940,-10.024435
-0.142462,0.621926,-10.019048
-0.139469,0.623721,-10.029224
-0.149645,0.606961,-10.050174
-0.156230,0.623721,-10.054963
-0.150842,0.619531,-10.035808
-0.152040,0.618334,-10.028027
-0.146652,0.626116,-10.015457
-0.143659,0.620728,-9.996302
-0.167004,0.618334,-10.031020
-0.150842,0.612348,-10.042991
-0.152040,0.606961,-10.011266
-0.156230,0.606362,-10.033414
-0.148448,0.621327,-10.022640
-0.153835,0.604567,-10.050174
-0.150842,0.607560,-10.050773
-0.149047,0.622524,-10.041794
-0.159223,0.615341,-10.030421
-0.148448,0.611151,-10.029224
-0.146652,0.613545,-10.052569
-0.158025,0.612348,-10.052569
-0.138272,0.609954,-10.029224
-0.161617,0.617735,-10.047780
-0.144258,0.619531,-10.024435
-0.150842,0.611151,-10.048977
-0.147849,0.613545,-10.039999
-0.162814,0.625517,-10.034012
-0.158624,0.612947,-10.024435
-0.162215,0.610553,-10.029224
-0.155631,0.615940,-10.059153
-0.153237,0.614743,-10.057357
-0.165208,0.609355,-10.021442
-0.158624,0.609954,-10.046583
-0.137075,0.626116,-10.054365
-0.147251,0.615341,-10.028625
-0.158025,0.622524,-10.066336
-0.151441,0.620728,-10.019646
-0.153237,0.607560,-10.026231
-0.146652,0.598581,-10.005281
-0.142462,0.602172,-10.034012
-0.166406,0.611750,-10.079504
-0.162215,0.613545,-10.029823
-0.149047,0.603370,-10.038203
-0.156828,0.611750,-10.032217
-0.157427,0.605165,-10.017850
-0.163413,0.625517,-10.074716
-0.148448,0.620728,-10.048378
-0.140667,0.603370,-10.034012
-0.155032,0.615341,-10.024435
-0.148448,0.608757,-10.019646
-0.151441,0.614743,-10.072321
-0.148448,0.620130,-10.021442
-0.144857,0.611750,-10.036407
-0.139469,0.609355,-10.023837
-0.153835,0.601574,-10.038203
-0.143061,0.614743,-10.054365
-0.159223,0.619531,-10.047182
-0.151441,0.618933,-10.022041
-0.147849,0.596187,-10.023837
-0.149047,0.602172,-10.020844
-0.153237,0.612348,-10.060949
-0.164011,0.627313,-10.054365
-0.147849,0.612348,-10.036407
-0.156828,0.605165,-10.030421
-0.152638,0.601574,-10.035210
-0.162814,0.618933,-10.064540
-0.154434,0.612947,-10.049575
-0.154434,0.613545,-10.031020
-0.151441,0.620130,-10.048977
-0.152040,0.610553,-10.029823
-0.150244,0.606961,-10.047780
-0.159223,0.621926,-10.050773
-0.153237,0.616538,-10.033414
-0.162215,0.622524,-10.022041
-0.155631,0.621926,-10.041794
-0.155032,0.608757,-10.072321
-0.158624,0.617735,-10.051371
-0.160420,0.616538,-10.038203
-0.147849,0.623123,-10.027428
-0.155032,0.606362,-10.019646
-0.158624,0.617137,-10.008872
-0.150244,0.611151,-10.060350
-0.149645,0.607560,-10.063941
-0.158025,0.615940,-10.036407
-0.146054,0.614144,-10.027428
-0.151441,0.601574,-10.008872
-0.158025,0.617137,-10.067533
-0.166406,0.617137,-10.038801
-0.155631,0.610553,-10.016654
-0.146652,0.606362,-10.021442
-0.155631,0.608158,-10.037604
-0.150244,0.634496,-10.069329
-0.157427,0.615341,-10.031020
-0.152638,0.605764,-10.035808
-0.147849,0.612348,-10.030421
-0.167004,0.618334,-10.036407
-0.152638,0.620728,-10.041794
-0.157427,0.606362,-10.028625
-0.157427,0.612348,-10.020844
-0.147849,0.604567,-10.001091
-0.167004,0.602771,-10.035808
-0.143061,0.609954,-10.072321
-0.124505,0.615341,-10.026231
-0.167004,0.614743,-10.027428
-0.156230,0.602172,-10.021442
-0.149047,0.605764,-10.034611
-0.144857,0.617735,-10.055562
-0.167603,0.619531,-10.057956
-0.158624,0.615940,-10.029224
-0.154434,0.614743,-10.020844
-0.161018,0.624320,-10.027428
-0.156230,0.609355,-10.011266
-0.140667,0.622524,-10.047182
-0.159821,0.615341,-10.016055
-0.147251,0.608757,-10.020844
-0.155032,0.611151,-10.022041
-0.162814,0.609954,-10.030421
-0.155032,0.614144,-10.060350
-0.157427,0.612348,-10.035210
-0.159821,0.611151,-10.032217
-0.158624,0.612947,-10.035808
-0.155631,0.619531,-10.047780
-0.153237,0.614144,-10.037604
-0.146054,0.623123,-10.037604
-0.164610,0.615940,-10.023837
-0.155032,0.606961,-10.023837
-0.153237,0.609355,-10.002886
-0.156828,0.615940,-10.037604
-0.139469,0.609355,-10.033414
-0.150244,0.606961,-10.060350
-0.162215,0.611151,-10.028027
-0.161617,0.599778,-10.010668
-0.153835,0.605165,-10.001689
-0.156230,0.622524,-10.079504
-0.158025,0.612947,-10.028027
-0.138871,0.605165,-10.015457
-0.162215,0.623721,-10.031619
-0.143659,0.611750,-10.024435
-0.159223,0.615341,-10.077709
-0.156230,0.597982,-10.048977
-0.153237,0.617735,-10.005281
-0.140667,0.606362,-10.014260
-0.134082,0.613545,-10.032815
-0.153237,0.608158,-10.057357
-0.161617,0.613545,-10.031020
-0.152638,0.599778,-10.024435
-0.159821,0.614144,-10.023238
-0.158025,0.609954,-10.022640
-0.151441,0.630904,-10.069928
-0.172391,0.615940,-10.062745
-0.163413,0.606961,-10.037604
-0.154434,0.623721,-10.051371
-0.164011,0.614743,-10.014858
-0.150842,0.619531,-10.066336
-0.143061,0.607560,-10.051371
-0.132286,0.613545,-10.020245
-0.151441,0.614743,-10.039999
-0.149645,0.620728,-10.038203
-0.154434,0.615940,-10.046583
-0.149047,0.608158,-10.056160
-0.153237,0.614743,-10.039400
-0.146652,0.617137,-10.035808
-0.159223,0.621926,-10.038203
-0.155631,0.617137,-10.054365
-0.153237,0.607560,-10.051371
-0.142462,0.613545,-10.039400
-0.141265,0.592595,-10.020245
-0.145455,0.610553,-10.010668
-0.149047,0.603968,-10.019048
-0.147849,0.615940,-10.039400
-0.135878,0.604567,-10.012464
-0.163413,0.614743,-10.030421
-0.142462,0.614144,-10.034012
-0.145455,0.615341,-10.038203
-0.141864,0.604567,-10.087884
-0.158624,0.606362,-10.049575
-0.144258,0.615940,-10.039999
-0.156828,0.611750,-10.020245
-0.160420,0.603968,-10.029823
-0.153237,0.612947,-10.062146
-0.149047,0.614144,-10.025033
-0.159821,0.601574,-10.029823
-0.149645,0.608158,-10.032815
-0.146054,0.602172,-10.035808
-0.144857,0.599778,-10.063343
-0.147849,0.614743,-10.043590
-0.160420,0.602771,-10.047182
-0.139469,0.618933,-10.034611
-0.152040,0.606961,-10.021442
-0.150842,0.620130,-10.071125
-0.153835,0.597982,-10.046583
-0.161617,0.620130,-10.035808
-0.141265,0.609355,-10.022041
-0.141265,0.609954,-10.034012
-0.145455,0.620130,-10.074716
-0.141864,0.614144,-10.011865
-0.165807,0.617735,-10.009470
-0.148448,0.623123,-10.023238
-0.150842,0.611750,-10.005879
-0.157427,0.602771,-10.061547
-0.140068,0.611750,-10.029224
-0.163413,0.623721,-10.057357
-0.155032,0.609954,-10.041794
-0.157427,0.608158,-10.022041
-0.162814,0.618933,-10.030421
-0.165807,0.617137,-10.057956
-0.149645,0.623721,-10.026829
-0.155631,0.617137,-10.044188
-0.150244,0.610553,-10.011865
-0.155631,0.621327,-10.022041
-0.148448,0.627313,-10.063343
-0.152040,0.617137,-10.031020
-0.151441,0.622524,-10.050174
-0.147849,0.623123,-10.004682
-0.155032,0.609355,-10.012464
-0.147251,0.609355,-10.047182
-0.156230,0.620130,-10.050773
-0.154434,0.614144,-10.017850
-0.162215,0.621926,-10.034611
-0.160420,0.609355,-10.019646
-0.141265,0.620130,-10.062745
-0.150244,0.605165,-10.047182
-0.152040,0.623721,-10.023837
-0.147849,0.602172,-10.035808
-0.172391,0.614144,-10.041794
-0.153237,0.608757,-10.025632
-0.164011,0.609355,-10.047780
-0.140667,0.621926,-10.045984
-0.162814,0.611750,-10.015457
-0.155631,0.602771,-10.020245
-0.132286,0.606362,-9.986724
-0.164610,0.612947,-10.025033
-0.148448,0.621926,-10.048378
-0.150244,0.624320,-10.016654
-0.147251,0.615940,-10.003485
-0.150842,0.624918,-10.042392
-0.159821,0.606362,-10.061547
-0.138272,0.605764,-10.033414
-0.172391,0.611151,-9.995703
-0.155631,0.619531,-10.019048
-0.159821,0.612348,-10.025033
-0.150842,0.614743,-10.035808
-0.165208,0.615341,-10.041794
-0.146652,0.618933,-10.012464
-0.143061,0.613545,-10.036407
-0.153835,0.620130,-10.015457
-0.158025,0.618933,-10.045386
-0.171793,0.624320,-10.051371
-0.156230,0.610553,-10.019646
-0.152040,0.608158,-10.031619
-0.157427,0.615341,-10.001091
-0.154434,0.620130,-10.022640
-0.164610,0.615940,-10.063941
-0.156230,0.617137,-10.017850
-0.159223,0.607560,-10.023837
-0.158624,0.605764,-10.030421
-0.145455,0.628510,-10.036407
-0.148448,0.610553,-10.044787
-0.158624,0.613545,-10.056160
-0.151441,0.615341,-10.026231
-0.139469,0.597982,-10.036407
-0.165208,0.608757,-10.013661
-0.158025,0.616538,-10.044787
-0.134681,0.615940,-10.038203
-0.142462,0.600377,-10.023238
-0.148448,0.608757,-10.009470
-0.149645,0.617735,-10.012464
-0.155631,0.616538,-10.063941
-0.149645,0.614743,-10.037006
-0.153237,0.622524,-10.038801
-0.163413,0.603370,-10.031619
-0.154434,0.618334,-10.044787
-0.143061,0.612947,-10.072920
-0.140068,0.622524,-10.046583
-0.153237,0.608158,-10.032217
-0.138871,0.611750,-10.046583
-0.162814,0.614144,-10.023837
-0.160420,0.623721,-10.060949
-0.140667,0.616538,-10.041195
-0.131688,0.599778,-10.039400
-0.156828,0.608158,-10.036407
-0.160420,0.605764,-10.007675
-0.153835,0.623721,-10.030421
-0.152638,0.618933,-10.014858
-0.161018,0.612947,-10.025033
-0.157427,0.610553,-10.019646
-0.144258,0.622524,-10.038203
-0.151441,0.617735,-10.039400
-0.157427,0.612947,-10.055562
-0.162814,0.602771,-10.025033
-0.150244,0.610553,-10.020245
-0.161018,0.612348,-10.013062
-0.153237,0.610553,-10.035210
-0.158624,0.615940,-10.060350
-0.160420,0.610553,-10.048977
-0.157427,0.610553,-10.019646
-0.159223,0.616538,-10.015457
-0.162814,0.624918,-10.042392
-0.152040,0.620728,-10.064540
-0.146054,0.620728,-10.035210
-0.156230,0.600975,-10.009470
-0.168201,0.603968,-10.041195
-0.149047,0.615341,-10.017252
-0.134082,0.608158,-10.044787
-0.161018,0.606362,-10.044188
-0.146054,0.618334,-10.027428
-0.157427,0.596785,-10.053766
-0.164610,0.603968,-10.007077
-0.146652,0.620130,-10.068132
-0.141864,0.610553,-10.043590
-0.171793,0.599778,-10.036407
-0.141265,0.610553,-10.014260
-0.142462,0.607560,-10.020245
-0.149645,0.604567,-10.064540
-0.162215,0.612348,-10.060949
-0.155032,0.605764,-10.050773
-0.161018,0.594989,-10.027428
-0.161617,0.612348,-10.036407
-0.152040,0.609355,-10.065138
-0.152040,0.617735,-10.034012
-0.146652,0.621327,-10.027428
-0.164011,0.608757,-10.033414
-0.149645,0.612947,-10.024435
-0.167603,0.608158,-10.056758
-0.156828,0.606961,-10.022041
-0.155631,0.611750,-10.039999
-0.159223,0.609355,-10.026829
-0.149047,0.601574,-10.040596
-0.162215,0.612348,-10.035808
-0.150842,0.618334,-10.064540
-0.146054,0.604567,-10.022640
-0.159821,0.615940,-10.021442
-0.155631,0.617137,-10.056160
-0.163413,0.606362,-10.013062
-0.143659,0.617735,-10.047780
-0.151441,0.611151,-10.042991
-0.146652,0.612947,-10.028027
-0.159223,0.593792,-10.008274
-0.159821,0.615940,-10.011865
-0.146652,0.605165,-10.034012
-0.158624,0.614743,-10.025632
-0.163413,0.594989,-10.032217
-0.166406,0.607560,-10.022640
-0.160420,0.614144,-10.004083
-0.154434,0.609355,-10.009470
-0.162215,0.615940,-10.060949
-0.170596,0.607560,-10.036407
-0.158624,0.607560,-10.019646
-0.147849,0.617735,-10.022640
-0.146054,0.609954,-10.026231
-0.150842,0.615940,-10.063941
-0.157427,0.608757,-10.030421
-0.153835,0.623123,-10.019646
-0.153835,0.597982,-10.036407
-0.160420,0.602172,-10.014260
-0.156828,0.624320,-10.057357
-0.161018,0.623123,-10.039999
-0.154434,0.621327,-10.030421
-0.165807,0.620728,-10.019048
-0.156828,0.609954,-10.024435
-0.151441,0.609954,-10.043590
-0.159223,0.619531,-10.023238
-0.157427,0.614743,-10.004682
-0.156828,0.603968,-10.027428
-0.146652,0.617735,-10.013661
-0.150244,0.620130,-10.056160
-0.151441,0.621926,-10.046583
-0.159223,0.628510,-10.037604
-0.150842,0.616538,-10.026231
-0.157427,0.621327,-10.016055
-0.155631,0.611151,-10.053766
-0.153237,0.617735,-10.062745
-0.148448,0.618334,-10.050174
-0.153835,0.605165,-10.056758
-0.149047,0.614144,-10.001091
-0.147849,0.600377,-10.057956
-0.152638,0.601574,-10.055562
-0.138871,0.617137,-10.026231
-0.151441,0.611151,-10.032815
-0.163413,0.617137,-10.005879
-0.177180,0.606362,-10.030421
-0.155631,0.608158,-10.055562
-0.165807,0.608757,-10.039400
-0.158025,0.623123,-10.012464
-0.161018,0.612348,-10.028027
-0.160420,0.609355,-10.042392
-0.138871,0.612348,-10.069928
-0.158624,0.621327,-10.042991
-0.148448,0.614743,-10.019646
-0.138272,0.626116,-9.994506
-0.151441,0.609355,-10.016055
-0.155631,0.611151,-10.083096
-0.155032,0.599778,-10.031619
-0.152638,0.619531,-10.044787
-0.156828,0.617735,-10.034611
-0.145455,0.605165,-10.005281
-0.144258,0.611151,-10.065737
-0.154434,0.610553,-10.046583
-0.151441,0.624320,-10.038203
-0.144857,0.617137,-10.029823
-0.155631,0.617735,-10.000492
-0.152040,0.609355,-10.063941
-0.146054,0.614144,-10.068730
-0.147251,0.619531,-10.038801
-0.138871,0.609954,-10.017252
-0.147849,0.597982,-10.044188
-0.147849,0.606961,-10.063343
-0.158624,0.594391,-10.033414
-0.149047,0.613545,-10.033414
-0.146652,0.617137,-10.037006
-0.147849,0.627313,-10.008274
-0.146652,0.612947,-10.055562
-0.162215,0.608757,-10.041794
-0.157427,0.603370,-10.066934
-0.164610,0.630904,-10.045386
-0.161617,0.629707,-10.027428
-0.146054,0.623721,-10.052569
-0.156828,0.602771,-10.032815
-0.162215,0.604567,-10.042991
-0.147251,0.597982,-10.001689
-0.144258,0.599778,-10.022041
-0.165208,0.618334,-10.041195
-0.147849,0.608158,-10.046583
-0.144857,0.622524,-10.034012
-0.142462,0.609954,-10.047182
-0.147849,0.611151,-10.038203
-0.163413,0.615341,-10.019646
-0.135279,0.627313,-10.060949
-0.164610,0.611151,-10.047182
-0.158025,0.597384,-10.041794
-0.152040,0.615940,-10.017252
-0.154434,0.613545,-10.029823
-0.146652,0.611151,-10.063343
-0.166406,0.621926,-10.043590
-0.152638,0.614144,-10.034611
-0.144857,0.608158,-10.030421
-0.151441,0.617735,-10.042991
-0.147849,0.620728,-10.053167
-0.147849,0.603968,-10.014858
-0.146652,0.616538,-10.059153
-0.140068,0.622524,-10.026231
-0.145455,0.611151,-10.014260
-0.150244,0.612348,-10.005879
-0.155631,0.618933,-10.010668
-0.146652,0.618933,-10.037604
-0.160420,0.601574,-10.053167
-0.161617,0.609355,-9.979541
-0.158624,0.620728,-10.019048
-0.143659,0.625517,-10.023238
-0.149645,0.621926,-10.060350
-0.153835,0.611151,-10.043590
-0.149047,0.596187,-10.012464
-0.164011,0.606961,-10.026829
-0.155032,0.606362,-10.044188
-0.146652,0.614144,-10.081300
-0.144857,0.610553,-9.986126
-0.154434,0.603968,-10.037604
-0.156828,0.602172,-10.056758
-0.156230,0.606961,-10.000492
-0.143061,0.614743,-10.010668
-0.155631,0.620130,-10.025033
-0.153237,0.605764,-9.990316
-0.153835,0.563863,-10.069329
-0.091583,0.632101,-9.994506
-0.164011,0.652453,-10.147743
-0.104752,0.590799,-10.074117
-0.190947,0.610553,-10.081899
-0.210700,0.614743,-9.932852
-0.126301,0.623721,-10.108237
-0.147849,0.619531,-10.029224
-0.123308,0.603968,-10.068730
-0.109540,0.591398,-10.010069
-0.165208,0.604567,-10.007675
-0.172391,0.603968,-10.002287
-0.117920,0.620130,-10.067533
-0.189750,0.618334,-10.010668
-0.159821,0.586609,-10.003485
-0.151441,0.601574,-10.027428
-0.178377,0.623721,-10.023837
-0.121512,0.638686,-10.041794
-0.119118,0.624918,-10.050773
-0.165807,0.604567,-10.030421
-0.132286,0.613545,-10.047182
-0.150842,0.617137,-10.013661
-0.166406,0.629109,-10.056160
-0.144857,0.620130,-10.059153
-0.186159,0.608158,-10.013661
-0.159821,0.587208,-10.049575
-0.117920,0.600975,-10.020245
-0.153237,0.626714,-10.066934
-0.138871,0.635094,-10.066934
-0.138272,0.617735,-10.041195
-0.181969,0.604567,-10.006478
-0.151441,0.610553,-10.006478
-0.144857,0.627911,-10.080103
-0.180173,0.630904,-10.045984
-0.163413,0.606362,-10.035808
-0.148448,0.606961,-10.027428
-0.157427,0.609954,-10.004682
-0.148448,0.610553,-10.048378
-0.153835,0.634496,-10.029823
-0.167603,0.635693,-10.022640
-0.163413,0.594989,-10.003485
-0.146054,0.633299,-10.004083
-0.125702,0.636291,-10.041794
-0.140667,0.653052,-10.045386
-0.134681,0.639883,-10.065737
-0.141265,0.602172,-10.010668
-0.149645,0.557877,-10.037604
-0.154434,0.615940,-10.045984
-0.155631,0.664425,-10.054365
-0.145455,0.638686,-10.016055
-0.170596,0.583018,-10.023837
-0.159223,0.611151,-10.037604
-0.137075,0.653052,-10.015457
-0.149645,0.673404,-10.053167
-0.128695,0.641679,-10.052569
-0.115526,0.591997,-10.022640
-0.140667,0.586609,-10.024435
-0.158025,0.609355,-10.028027
-0.172990,0.571645,-10.052569
-0.183764,0.569250,-10.031619
-0.153237,0.595588,-10.029823
-0.167004,0.615940,-10.012464
-0.137674,0.580025,-10.001091
-0.126301,0.600975,-10.080702
-0.128695,0.595588,-10.036407
-0.132286,0.618334,-10.030421
-0.145455,0.630904,-10.010069
-0.153237,0.629109,-10.013661
-0.146054,0.597384,-10.083096
-0.125103,0.598581,-10.030421
-0.132885,0.598581,-10.035808
-0.105350,0.635094,-10.029823
-0.113730,0.651256,-10.039999
-0.156828,0.586609,-10.052569
-0.161018,0.570448,-10.035808
-0.152040,0.606362,-10.022041
-0.152638,0.648862,-10.039400
-0.146054,0.644073,-10.046583
-0.142462,0.608158,-10.024435
-0.126899,0.603370,-10.045386
-0.122709,0.630904,-10.018449
-0.145455,0.599778,-10.014858
-0.141265,0.583018,-10.032217
-0.189152,0.520765,-9.968768
-0.149645,0.654848,-10.042991
-0.096372,0.714706,-10.054365
-0.089189,0.710516,-10.053167
-0.089189,0.678192,-10.038203
-0.068837,0.663826,-10.045386
-0.072428,0.664425,-10.060350
-0.077816,0.695551,-10.033414
-0.098167,0.692558,-10.007675
-0.104153,0.669812,-10.005879
-0.129293,0.642277,-10.017252
-0.110737,0.663228,-10.001091
-0.102357,0.671608,-10.024435
-0.063450,0.644672,-10.049575
-0.095174,0.620728,-10.045984
-0.082604,0.638686,-10.027428
-0.088590,0.652453,-10.039400
-0.113132,0.664425,-10.022640
-0.096970,0.619531,-10.028625
-0.098167,0.673404,-10.015457
-0.095773,0.738649,-10.037006
-0.080210,0.721889,-10.025033
-0.076618,0.651256,-10.071723
-0.077816,0.679389,-10.015457
-0.061654,0.702734,-10.038203
-0.087991,0.654848,-10.009470
-0.105949,0.646467,-10.016654
-0.093977,0.716501,-10.062745
-0.092780,0.642876,-10.010069
-0.087393,0.660833,-10.018449
-0.074823,0.704530,-10.044188
-0.090984,0.667418,-10.031020
-0.074823,0.666819,-10.075913
-0.075421,0.665622,-10.058554
-0.065844,0.700938,-10.045386
0.104752,0.788331,-10.038203
-0.176581,0.577631,-10.029224
0.014366,0.709318,-10.053766
-0.090386,0.590201,-10.024435
0.547103,0.879315,-10.063941
0.322037,0.816464,-9.987922
0.388479,0.857766,-10.037604
0.239432,0.712910,-10.062146
-0.026338,0.559075,-10.055562
0.086196,0.693755,-10.055562
0.100562,0.703931,-10.003485
0.105350,0.713508,-10.037006
-0.363339,0.459710,-9.987323
-0.046091,0.506998,-10.070526
-0.026338,0.513582,-10.026829
0.345381,0.635693,-10.015457
0.040105,0.460309,-10.015457
-0.138871,0.533934,-10.057357
0.164011,0.649460,-10.086089
0.319044,0.649460,-9.979541
0.478865,0.691361,-10.040596
0.390275,0.681784,-10.015457
0.288516,0.627911,-9.999894
0.108343,0.477668,-10.048977
0.216686,0.669213,-10.063941
0.277742,0.692558,-10.008274
-0.202919,0.481858,-9.971161
-0.093379,0.590201,-10.057357
-0.159821,0.676396,-10.084892
-0.028732,0.597982,-10.066934
-0.417810,0.568053,-10.001091
-0.630306,0.484851,-10.077111
-0.678192,0.417211,-10.036407
-0.571046,0.448936,-10.034012
-0.758402,0.446541,-10.004083
-0.842802,0.495625,-10.053167
-0.560870,0.353163,-10.095666
-0.269960,0.572842,-10.046583
-0.275946,0.731466,-10.031619
-0.127498,0.543511,-10.073519
-0.242425,0.501611,-10.063941
-0.056865,0.438760,-10.025632
-0.181370,0.765585,-9.949613
-0.124505,0.656643,-10.019646
-0.460907,0.456717,-10.120807
-0.275946,1.022376,-10.057357
-0.137075,0.791923,-10.028027
-0.168201,0.846992,-9.959789
-0.217285,0.963715,-10.120208
-0.150842,0.779352,-10.029224
-0.144258,0.505801,-10.020844
-0.391472,0.707523,-10.046583
-0.238235,0.530343,-9.998098
-0.255594,0.731466,-10.043590
-0.089189,0.610553,-9.975352
-0.223271,0.253200,-9.995104
-0.198130,0.678192,-9.991514
-0.199327,0.539920,-9.974753
-0.265770,0.553687,-9.983133
-0.319642,0.501611,-10.013062
-0.195137,0.429183,-10.028027
-0.255594,0.205912,-10.016654
-0.047886,0.437563,-9.940634
-0.091583,0.629109,-9.971161
-0.043098,0.927202,-10.199819
-0.251404,0.730867,-10.017850
-0.292108,0.549497,-10.031619
-0.208905,0.776958,-10.068132
-0.222672,0.665023,-9.949613
-0.058062,0.724882,-10.008872
-0.193342,0.581821,-10.102251
-0.242425,0.819457,-10.035808
-0.189152,0.921815,-9.967570
-0.134681,0.487843,-10.058554
-0.203518,0.683579,-9.967570
-0.400451,0.547103,-10.045386
-0.383690,0.684178,-10.004682
-0.314255,0.638686,-9.919085
-0.284326,0.699741,-10.031020
-0.568053,0.396261,-9.973556
-0.366332,0.995440,-10.158517
-0.624918,0.615341,-10.101054
-0.447739,0.785937,-9.937043
-0.434570,0.671608,-9.987922
-0.685974,0.597982,-10.047182
-0.698544,0.734459,-10.101653
-0.465097,0.769176,-9.957394
-0.571046,0.751219,-10.054963
-0.192144,0.835619,-10.084892
-0.122709,0.939772,-10.026829
-0.188553,1.070861,-10.039400
0.017957,1.208535,-9.969964
-0.228658,1.088220,-10.029823
-0.019155,1.114558,-10.065737
0.100562,1.164838,-10.043590
-0.050281,1.018186,-9.995104
0.064048,1.015792,-10.052569
-0.225066,0.960124,-10.033414
-0.129892,0.953539,-9.961585
-0.043098,1.002024,-10.032815
0.153237,1.051707,-10.078907
-0.073625,1.030756,-10.029823
-0.056267,0.884104,-10.065138
0.064647,0.974490,-10.119609
0.178976,1.055298,-10.028625
0.082604,0.933188,-10.075315
0.102357,0.866745,-9.998696
0.307671,0.999630,-10.028625
0.093977,0.997834,-9.997499
0.278939,1.009207,-9.971161
0.090984,0.931392,-10.031619
-0.004190,0.772169,-9.976549
0.120913,0.841605,-10.056758
0.165208,1.000229,-10.041195
0.049682,0.917026,-10.006478
-0.109540,0.873928,-10.016055
-0.048485,0.617137,-9.988520
0.222672,0.845196,-9.957394
0.775761,0.895477,-10.100455
0.265770,0.427387,-10.089680
0.256193,0.502808,-10.030421
0.317248,1.225894,-10.070526
0.335804,1.119945,-10.080702
0.310065,0.885900,-10.016055
-0.228059,0.647066,-10.200418
0.172990,0.909843,-9.990915
0.485449,0.882308,-10.036407
0.509991,0.681185,-9.803559
0.359747,0.767381,-9.960387
-0.141265,0.327424,-10.123800
0.468689,0.794915,-9.983133
0.082006,0.401648,-9.928064
0.072428,0.409429,-9.924472
0.229855,0.345381,-10.154926
0.066442,0.054471,-10.042991
-0.053274,0.167004,-9.950810
-0.044295,0.339994,-10.098061
-0.139469,0.288516,-10.078308
-0.337001,0.198729,-10.027428
-0.232848,0.371120,-10.197425
-0.107146,0.329818,-10.075315
-0.065245,0.344184,-10.038203
-0.065844,0.257988,-10.002287
-0.237038,0.359149,-10.082497
-0.289713,0.426788,-10.123201
-0.524955,0.356754,-9.974154
-0.208905,0.326825,-10.029224
-0.027535,0.496822,-10.074117
0.069435,0.555483,-10.014260
-0.139469,0.492034,-10.081300
-0.118519,0.521963,-10.057357
-0.099963,0.590799,-10.030421
0.138272,0.654249,-10.031619
-0.038309,0.641080,-10.035210
-0.167603,0.668615,-10.007077
-0.385486,0.594989,-10.041195
-0.383092,0.593792,-10.060949
-0.335205,0.681784,-10.093272
-0.547702,0.632700,-10.056160
-0.420802,0.714706,-10.022640
-0.495026,0.738649,-9.989119
-0.776958,0.669812,-10.017850
-0.728473,0.845795,-10.032815
-0.241827,0.757205,-10.033414
-0.176581,0.811077,-10.031619
-0.138871,0.787732,-10.010069
-0.128096,0.714706,-10.022640
-0.098766,0.669812,-10.039400
-0.087991,0.724283,-10.051371
-0.090386,0.702135,-10.048977
-0.090386,0.628510,-10.042991
-0.122111,0.614743,-10.015457
-0.132286,0.648263,-10.041794
-0.154434,0.673404,-10.031619
-0.145455,0.698544,-10.044787
-0.117322,0.688967,-10.031020
-0.107745,0.691361,-10.005281
-0.098167,0.729072,-10.037604
-0.092181,0.751219,-10.064540
-0.113730,0.749423,-10.032815
-0.118519,0.716501,-10.022640
-0.126301,0.679988,-10.034611
-0.151441,0.659636,-10.051371
-0.131089,0.638686,-10.045984
-0.075421,0.660235,-10.034611
-0.066442,0.642277,-10.026829
0.021549,0.727276,-10.024435
0.420204,0.960722,-10.017252
0.273551,0.856569,-10.050773
0.311262,0.763191,-10.047780
0.664425,0.794915,-10.020245
0.685974,0.844598,-10.028027
0.785937,0.809281,-10.059752
0.631503,0.759001,-10.050174
0.504604,0.632700,-10.078907
0.173588,0.590201,-10.039999
-0.028133,0.436365,-10.085491
0.105350,0.618334,-10.056160
-0.354360,0.351966,-9.998098
-0.290312,0.283129,-10.036407
-0.338797,0.199327,-9.996302
-0.463900,0.273551,-10.045984
-0.305276,0.425591,-10.032217
-0.336402,0.332811,-10.068730
-0.414817,0.262178,-10.108237
-0.568053,0.240630,-10.133975
-0.082604,0.252601,-10.060949
-0.019155,0.439957,-9.987323
-0.229257,0.290312,-10.019048
-0.544709,0.396261,-10.072920
-0.643475,0.314255,-9.981337
-0.328621,0.471083,-10.064540
-0.561469,0.639284,-10.022041
-0.438760,0.431577,-9.978943
-0.277143,0.087393,-10.089082
-0.037711,0.426788,-9.937043
-0.091583,0.423795,-9.989718
-0.463302,0.371719,-10.035210
-0.419605,0.638686,-9.988520
-0.613545,0.468090,-10.093871
-0.696748,0.623721,-10.083695
-0.661432,0.779352,-10.030421
-0.532737,0.750022,-10.013062
-0.814669,0.641679,-10.051371
-0.658439,0.571046,-10.219573
-0.520167,0.664425,-10.070526
-0.699741,0.597982,-9.929860
-0.684178,0.618334,-9.985527
-0.648862,0.596785,-9.952007
-0.750022,0.494428,-9.984929
-0.951145,0.375310,-9.967570
-0.820654,0.736254,-10.034012
-0.836218,0.785937,-10.017850
-0.906252,0.878717,-9.997499
-0.609355,1.122938,-10.121405
-0.411824,1.145684,-10.016654
-0.262777,1.306702,-10.053167
-0.091583,1.245048,-10.096265
0.044894,1.353990,-9.977148
0.569250,1.348004,-9.943028
0.479463,1.296526,-10.111828
0.460907,1.378532,-9.993309
0.508195,1.522191,-10.032815
0.348374,1.327054,-10.006478
0.090386,1.091213,-10.029224
0.067041,1.136107,-10.068730
-0.165208,0.961919,-10.049575
0.050879,1.077446,-9.977148
0.035316,1.083431,-10.087286
-0.317846,0.918822,-10.069928
-0.187954,0.843401,-9.968169
-0.210700,0.708121,-10.056758
0.149645,0.853576,-10.011266
0.190349,0.955335,-10.060350
0.024542,0.814070,-10.022041
0.302283,0.824246,-9.989119
0.236439,0.921216,-10.055562
0.169997,0.808683,-10.116617
-0.089787,0.754811,-10.045386
0.213095,0.759001,-9.965774
0.762592,0.762592,-10.117814
0.565659,0.885900,-10.057357
-0.077816,0.714706,-9.978943
-0.076618,0.937378,-9.912501
-0.028133,1.069066,-10.081300
0.117322,0.885301,-10.013062
-0.031126,0.787732,-10.009470
0.133484,0.838612,-10.026829
0.278939,0.976884,-10.022640
0.189152,0.909244,-10.114222
0.279537,0.668615,-10.044188
0.060457,0.836816,-10.059153
-0.039506,0.518970,-10.135771
0.026936,0.651855,-10.045386
0.114329,0.763789,-10.059752
0.067041,0.837415,-9.980140
0.169997,0.829633,-10.061547
0.186757,0.550694,-10.047182
0.241228,0.698544,-9.988520
-0.067041,0.558476,-10.111828
0.086794,0.713508,-10.089680
0.198130,0.584215,-10.080103
0.305276,0.501611,-10.097462
0.132885,0.486048,-10.074117
0.031126,0.425591,-10.071723
0.138272,0.620728,-9.963380
0.342987,0.704530,-10.029823
0.344184,0.445943,-10.059752
0.447739,0.616538,-10.105243
0.388479,0.490238,-9.968768
0.177180,0.348374,-10.056160
0.177779,0.252003,-9.973556
0.303481,0.484252,-10.020844
-0.253798,0.319044,-10.027428
-0.390275,0.176581,-10.038801
-0.196933,0.341191,-10.107638
-0.359747,0.333410,-10.042991
-0.521364,0.325029,-10.044787
-0.554884,0.328621,-10.016055
-0.937976,0.440556,-9.986126
-1.134909,0.429781,-10.029823
-1.365962,0.496822,-10.037604
-1.265999,0.592595,-10.089680
-1.107375,0.675798,-10.035808
-0.184363,0.762592,-10.041794
-0.135279,0.720691,-10.012464
-0.092181,0.763191,-10.019646
-0.090984,0.793120,-10.057357
-0.048485,0.754811,-10.071125
-0.080210,0.647066,-10.040596
-0.122111,0.605165,-10.011266
-0.154434,0.613545,-10.018449
-0.162215,0.658439,-10.008872
-0.177180,0.690164,-10.045386
-0.150842,0.665622,-10.031619
-0.122709,0.638087,-10.019646
-0.072428,0.668615,-10.022640
-0.056865,0.701537,-10.040596
-0.062851,0.735057,-10.071723
-0.090386,0.753613,-10.045386
-0.150842,0.729072,-10.011865
-0.165208,0.688967,-10.002287
-0.155631,0.680587,-10.022640
-0.145455,0.642277,-10.047182
-0.152040,0.626116,-10.014858
-0.096372,0.645869,-10.023837
-0.101160,0.709917,-10.014858
-0.074224,0.693755,-10.054365
-0.080808,0.678791,-10.071125
-0.108942,0.681185,-10.014858
-0.128695,0.701537,-10.019048
-0.158025,0.717699,-9.998098
-0.149047,0.697945,-10.004682
-0.128096,0.702734,-10.064540
-0.116723,0.702135,-10.051371
-0.103554,0.685974,-10.018449
-0.079611,0.658439,-10.017252
-0.093379,0.687171,-10.031619
-0.108343,0.672206,-10.057357
-0.137075,0.663826,-10.029823
-0.141864,0.673404,-10.014858
-0.149645,0.696748,-10.020844
-0.132885,0.704530,-10.005281
-0.128096,0.689565,-10.090279
-0.089189,0.714706,-10.042392
-0.097569,0.732064,-10.020245
-0.096372,0.699741,-10.040596
-0.110737,0.683579,-10.032815
-0.117920,0.687769,-10.042392
-0.111935,0.686572,-10.066336
-0.143061,0.659038,-10.032815
-0.147251,0.663826,-10.053766
-0.132885,0.689565,-10.022640
-0.096970,0.722487,-10.026231
-0.083203,0.671009,-10.057357
-0.089189,0.641080,-10.061547
-0.107745,0.741642,-10.036407
-0.113730,0.739247,-10.010069
-0.129892,0.570448,-10.034611
-0.104752,0.647665,-10.077111
1.128924,1.625147,-10.063941
0.990651,0.927202,-9.996900
0.852379,0.887695,-10.016055
1.175613,0.973891,-10.025033
0.626714,0.693755,-10.114222
0.495026,0.531540,-10.016654
0.305276,0.540519,-10.029823
0.083801,0.504005,-10.080103
0.072428,0.444147,-10.072920
-0.259784,0.122709,-10.095067
-0.386085,0.058062,-10.099258
-0.257988,0.038309,-10.011266
-0.438760,-0.012570,-10.079504
-0.104752,-0.472879,-10.119011
0.841006,0.313058,-10.083695
-0.311861,-0.017359,-10.068132
-0.820654,-0.067640,-10.028027
-0.808084,0.185560,-9.990316
-0.657242,0.381895,-10.148940
-0.767381,0.167603,-9.903522
-1.043925,-0.093977,-10.085491
-1.025369,-0.015563,-10.051970
-0.662629,0.231651,-10.045386
-0.317248,0.303481,-9.977148
-0.646467,0.099364,-9.920282
-0.454922,0.329818,-10.180665
-0.296298,0.784740,-10.135771
-0.641679,0.904456,-9.992711
-1.073854,0.998433,-9.990915
-1.014595,0.530343,-9.889156
-1.245647,0.928998,-10.138166
-1.368955,1.164240,-9.823312
-1.295928,1.236668,-10.037006
-0.887695,1.520994,-9.988520
-0.977483,1.367159,-9.890952
-0.952342,1.324061,-10.039400
-0.770972,1.254027,-9.949014
-0.451929,1.422228,-10.074117
-0.358550,1.324660,-10.011266
-0.392071,1.297723,-10.061547
0.062851,1.435996,-10.070526
0.014366,1.336033,-9.968768
0.281932,1.332441,-9.986724
0.436964,1.254626,-9.990915
0.450731,1.206140,-10.004682
0.270559,1.160648,-10.043590
0.275347,1.118149,-10.068730
0.457316,1.130121,-10.022041
0.185560,1.039735,-10.021442
0.204116,0.973891,-9.997499
0.036513,0.931991,-10.028027
0.068837,0.945758,-10.025033
-0.100562,0.855372,-10.103448
0.171194,1.051108,-10.118412
0.204715,0.896076,-10.064540
0.167004,0.841006,-10.051371
0.263974,0.778754,-10.053766
0.401049,0.724283,-10.062745
0.076618,0.732064,-10.037604
0.052077,0.885301,-10.030421
0.068837,0.960124,-10.053167
0.277742,0.775761,-10.096863
0.338198,0.630306,-10.048977
0.263376,0.679389,-10.007077
0.368726,0.744635,-10.077111
0.384888,0.615940,-10.008274
0.342987,0.736853,-10.089082
0.111935,0.596785,-10.025033
0.408831,0.532737,-10.009470
0.236439,0.560870,-10.045984
0.452527,0.847591,-10.078308
0.123906,0.591398,-10.060949
0.304079,0.556680,-9.991514
0.298093,0.710516,-10.072321
0.293903,0.591398,-10.039999
0.353761,0.688967,-10.075315
0.057464,0.563265,-10.066336
-0.017359,0.551892,-10.042392
0.169398,0.596785,-10.046583
0.193940,0.539321,-9.999295
0.177180,0.554286,-10.036407
0.198130,0.528547,-10.111229
0.164011,0.616538,-10.078308
0.169398,0.496822,-10.022640
0.270559,0.666819,-10.084892
-0.105350,0.457316,-10.035808
-0.029929,0.490238,-9.996302
-0.332811,0.513582,-10.051371
-0.854774,0.182567,-10.044787
-0.627911,0.328022,-10.017252
-0.939173,0.134082,-10.030421
-1.222901,0.280734,-9.980140
-1.190577,0.108343,-10.052569
-1.216316,0.060457,-10.032815
-0.921216,0.207708,-10.045386
-0.454323,0.502209,-10.007077
-0.178976,0.584215,-10.025632
-0.110737,0.675798,-10.065138
-0.071830,0.784141,-10.038801
-0.049084,0.805091,-10.055562
-0.048485,0.735656,-10.047780
-0.067041,0.666819,-10.020245
-0.177779,0.720691,-10.048378
-0.232848,0.682981,-10.011865
-0.241228,0.679988,-9.996302
-0.205313,0.694354,-9.998696
-0.102956,0.739846,-10.038203
0.144857,0.666221,-10.089680
-0.281333,0.542314,-10.080103
-0.005986,0.732663,-10.017850
0.305276,1.101987,-10.217178
-0.077816,0.994841,-10.204608
0.136476,0.626714,-9.916690
-0.339994,0.461506,-9.823910
-0.380697,0.679389,-9.964577
-0.329220,0.848788,-10.159116
-0.322037,0.652453,-10.023837
-0.252003,0.468689,-9.971161
-0.227461,0.427985,-10.075315
-0.253200,0.588405,-10.042991
-0.216088,0.745832,-10.023238
-0.223869,0.734459,-10.000492
-0.219679,0.644672,-10.004682
-0.232249,0.496822,-10.050773
-0.143659,0.713508,-10.042991
-0.089787,0.845795,-10.059752
-0.092181,0.768578,-10.055562
-0.112533,0.582419,-10.029823
-0.139469,0.479463,-10.071723
-0.201123,0.630904,-10.022640
-0.226264,0.718297,-10.013062
-0.233447,0.682981,-10.018449
-0.205912,0.589004,-10.010668
-0.152040,0.538124,-10.030421
-0.114928,0.688967,-10.041195
-0.106547,0.769176,-10.057357
-0.104153,0.749423,-10.044787
-0.131688,0.651256,-10.057357
-0.165807,0.539920,-10.026829
-0.213095,0.532138,-10.023238
-0.217883,0.713508,-10.040596
-0.200525,0.682981,-10.011266
-0.163413,0.572243,-10.019646
-0.128096,0.494428,-10.044787
-0.113730,0.534533,-10.065737
-0.099963,0.761993,-10.053167
-0.144258,0.752416,-10.038203
-0.183764,0.644073,-10.028027
-0.217883,0.570448,-10.032815
-0.209503,0.581821,-10.037006
-0.210700,0.646467,-10.028027
-0.157427,0.653052,-10.020844
-0.130491,0.581821,-10.037604
-0.111336,0.509991,-10.020245
-0.105949,0.541716,-10.083096
-0.129892,0.623123,-10.057357
-0.171194,0.724882,-10.048977
-0.205313,0.652453,-10.014260
-0.216686,0.596785,-10.015457
-0.223869,0.583616,-10.050174
-0.190947,0.664425,-10.069329
-0.162215,0.712910,-10.039400
-0.104752,0.597384,-10.025632
-0.104153,0.511787,-10.052569
-0.122709,0.538723,-10.038801
-0.140068,0.617735,-10.031619
-0.163413,0.665622,-10.047780
-0.201123,0.632700,-10.023837
-0.190947,0.581222,-10.004083
-0.190947,0.611750,-10.022041
-0.159223,0.674601,-10.044188
-0.140667,0.718297,-10.041794
-0.128695,0.637489,-10.058554
-0.129892,0.539321,-10.047182
-0.161018,0.532138,-10.017850
-0.184363,0.620130,-10.041794
-0.197532,0.660833,-10.029823
-0.207708,0.666819,-10.039400
-0.194539,0.568652,-10.026829
-0.156230,0.580025,-10.019646
-0.138272,0.665023,-10.083695
-0.118519,0.729072,-10.057956
-0.119716,0.727874,-10.017252
-0.162215,0.589004,-10.034012
-0.182567,0.585412,-10.010069
-0.202919,0.606362,-10.039400
-0.198729,0.632101,-10.005281
-0.183764,0.641080,-10.046583
-0.167603,0.594391,-10.011865
-0.135279,0.576433,-10.025033
-0.146054,0.639284,-10.071723
-0.145455,0.695551,-10.033414
-0.138272,0.706325,-9.999894
-0.156828,0.664425,-10.041794
-0.190947,0.599179,-9.990915
-0.198729,0.631503,-10.050773
-0.174187,0.661432,-10.041794
-0.162215,0.653052,-10.017252
-0.145455,0.590201,-10.046583
-0.144258,0.545307,-10.052569
-0.120315,0.611750,-10.075913
-0.152638,0.662629,-10.080103
-0.166406,0.666221,-10.025632
-0.186757,0.641679,-10.029224
-0.196335,0.624918,-10.030421
-0.166406,0.648263,-10.036407
-0.171194,0.681185,-10.062745
-0.152040,0.654848,-10.032217
-0.131089,0.610553,-10.047182
-0.126301,0.578229,-10.032815
-0.155631,0.597982,-10.048378
-0.162215,0.639284,-10.065138
-0.180173,0.648263,-10.025632
-0.190349,0.634496,-10.014260
-0.190947,0.613545,-10.018449
-0.190947,0.629707,-10.021442
-0.146054,0.683579,-10.070526
-0.135279,0.668016,-10.025033
-0.143061,0.617137,-10.032815
-0.138871,0.579426,-10.071723
-0.150842,0.564462,-10.034012
-0.168201,0.639284,-10.050174
-0.178377,0.629707,-10.024435
-0.189750,0.620728,-10.010668
-0.184363,0.622524,-10.011865
-0.164011,0.622524,-10.031619
-0.141864,0.662629,-10.020245
-0.142462,0.672805,-10.042392
-0.153835,0.642876,-10.026829
-0.169398,0.608757,-10.004682
-0.178976,0.590799,-10.023837
-0.176581,0.620728,-10.031619
-0.178377,0.637489,-10.025632
-0.162215,0.611151,-10.031020
-0.167004,0.599179,-10.025033
-0.158624,0.602771,-10.034012
-0.138871,0.644073,-10.031020
-0.145455,0.672206,-10.072321
-0.162814,0.657242,-10.027428
-0.167603,0.630904,-10.022640
-0.172990,0.616538,-10.017252
-0.184962,0.624320,-10.008872
-0.186159,0.639883,-10.050174
-0.165208,0.607560,-10.027428
-0.151441,0.575835,-10.021442
-0.139469,0.599778,-10.044188
-0.129892,0.623721,-10.039999
-0.151441,0.638087,-10.026231
-0.158624,0.649460,-10.027428
-0.191546,0.622524,-10.020245
-0.175983,0.646467,-10.031619
-0.178976,0.637489,-10.059153
-0.159223,0.651855,-10.015457
-0.150244,0.631503,-10.065737
-0.144857,0.581821,-10.038801
-0.146054,0.583018,-10.001689
-0.151441,0.617137,-10.039400
-0.164011,0.635693,-10.045386
-0.168201,0.652453,-10.060949
-0.183764,0.637489,-10.019048
-0.194539,0.653052,-10.014260
-0.169398,0.645270,-10.030421
-0.162215,0.650657,-10.026231
-0.146054,0.655446,-10.047780
-0.172990,0.626116,-10.058554
-0.149645,0.585412,-10.031619
-0.150842,0.624320,-10.022640
-0.191546,0.633299,-10.026829
-0.180173,0.637489,-10.063941
-0.180771,0.640482,-10.044787
-0.173588,0.638087,-10.023238
-0.152638,0.647066,-10.030421
-0.154434,0.668016,-10.039999
-0.144258,0.657242,-10.051371
-0.146652,0.636291,-10.053167
-0.166406,0.615341,-10.029823
-0.167004,0.607560,-10.025632
-0.176581,0.629707,-10.019646
-0.171793,0.626714,-10.059153
-0.174187,0.630904,-10.045386
-0.152040,0.600377,-10.039999
-0.147251,0.642277,-10.016055
-0.147849,0.676396,-10.023238
-0.135279,0.669213,-10.045984
-0.158624,0.651256,-10.050773
-0.177779,0.621926,-10.033414
-0.167603,0.618334,-10.025033
-0.191546,0.624918,-10.002886
-0.165208,0.629109,-10.059153
-0.161018,0.601574,-10.042991
-0.152638,0.612348,-10.045386
-0.151441,0.608158,-10.022640
-0.153237,0.651855,-10.046583
-0.164011,0.656045,-10.056758
-0.170596,0.641679,-10.041195
-0.185560,0.639284,-10.023238
-0.181370,0.645270,-10.024435
-0.161617,0.642876,-9.987323
-0.168800,0.638686,-10.024435
-0.163413,0.620728,-10.069329
-0.149047,0.605764,-10.041794
-0.158624,0.602771,-10.029823
-0.144258,0.621926,-10.042991
-0.162814,0.654249,-10.012464
-0.169997,0.645270,-10.044188
-0.174786,0.627911,-10.029823
-0.183166,0.621926,-9.993907
-0.176581,0.652453,-10.031619
-0.159821,0.635693,-10.048378
-0.166406,0.635094,-10.044188
-0.158624,0.590201,-10.008872
-0.156230,0.620728,-10.024435
-0.150842,0.609954,-10.051371
-0.168201,0.629707,-9.984331
-0.174786,0.635094,-10.073519
-0.190947,0.617137,-10.021442
-0.166406,0.636890,-10.008274
-0.159223,0.637489,-10.035210
-0.174786,0.644672,-10.034611
-0.151441,0.628510,-10.071125
-0.146054,0.639883,-10.051970
-0.170596,0.617735,-10.048977
-0.180173,0.636890,-10.040596
-0.172990,0.629707,-10.007675
-0.169997,0.624320,-10.080103
-0.169398,0.617735,-10.052569
-0.149047,0.632700,-10.035808
-0.155032,0.642277,-10.013661
-0.149645,0.651855,-10.031619
-0.152638,0.647066,-10.023238
-0.165807,0.632101,-10.057956
-0.158624,0.622524,-10.039999
-0.168201,0.629707,-10.015457
-0.177180,0.629109,-10.035808
-0.162215,0.619531,-10.038203
-0.152638,0.617137,-10.061547
-0.155032,0.616538,-10.010668
-0.155032,0.618933,-10.006478
-0.144258,0.633299,-10.047780
-0.165807,0.644672,-10.038801
-0.174187,0.635693,-10.031020
-0.176581,0.636291,-10.043590
-0.180771,0.641080,-10.000492
-0.170596,0.629109,-10.031619
-0.162814,0.639284,-10.017252
-0.155631,0.622524,-10.045984
-0.152638,0.615940,-10.039400
-0.164610,0.624918,-10.049575
-0.171793,0.626116,-10.047182
-0.167603,0.641679,-10.045386
-0.182567,0.626714,-10.023238
-0.184363,0.630904,-10.071125
-0.166406,0.645270,-10.042991
-0.167603,0.645270,-10.022041
-0.155631,0.634496,-10.016654
-0.167004,0.624918,-10.010069
-0.153835,0.617137,-10.050773
-0.171194,0.626116,-10.019048
-0.172391,0.622524,-10.015457
-0.159821,0.632700,-10.012464
-0.178377,0.635094,-10.020245
-0.168201,0.640482,-10.059752
-0.155032,0.652453,-10.032815
-0.169398,0.634496,-10.001091
-0.172990,0.638087,-10.047182
-0.145455,0.642876,-10.029823
-0.162215,0.636890,-10.076512
-0.179574,0.626714,-10.030421
-0.168800,0.620130,-10.037006
-0.155032,0.611750,-10.072920
-0.158025,0.614144,-10.046583
-0.159223,0.630904,-10.031619
-0.162814,0.625517,-10.039999
-0.161018,0.650657,-9.999295
-0.147849,0.650657,-10.007675
-0.160420,0.637489,-10.052569
-0.164610,0.611750,-10.012464
-0.162814,0.628510,-9.999295
-0.186159,0.624320,-10.049575
-0.165208,0.621327,-9.997499
-0.161018,0.620130,-10.021442
-0.162215,0.632700,-10.044787
-0.156230,0.621327,-10.061547
-0.147251,0.644073,-10.029823
-0.157427,0.643475,-10.040596
-0.169997,0.650657,-10.042991
-0.165208,0.638686,-10.030421
-0.167603,0.643475,-10.069928
-0.152040,0.642277,-10.041195
-0.175384,0.639284,-10.025632
-0.165208,0.618933,-10.049575
-0.151441,0.617137,-10.004083
-0.159821,0.617735,-10.068132
-0.165807,0.635693,-10.053766
-0.164011,0.638087,-10.040596
-0.190349,0.639883,-10.026231
-0.167603,0.645869,-10.016654
-0.163413,0.637489,-10.062146
-0.161018,0.637489,-10.013062
-0.162215,0.644073,-10.041794
-0.155032,0.620130,-10.038801
-0.150244,0.632700,-9.999894
-0.159821,0.630904,-10.071723
-0.152638,0.629109,-10.031619
-0.168201,0.630306,-9.999295
-0.159223,0.620728,-10.036407
-0.170596,0.630306,-10.010069
-0.154434,0.643475,-10.060350
-0.161617,0.639284,-10.018449
-0.173588,0.650059,-10.006478
-0.153835,0.645270,-10.037006
-0.171793,0.622524,-9.980739
-0.159821,0.624918,-10.048977
-0.156230,0.631503,-10.074117
-0.154434,0.608757,-10.023837
-0.162814,0.618334,-10.038203
-0.172391,0.619531,-10.032217
-0.168201,0.638686,-10.055562
-0.153835,0.649460,-10.061547
-0.162215,0.652453,-10.059752
-0.180771,0.656643,-10.000492
-0.150244,0.643475,-10.028625
-0.167603,0.635094,-10.053167
-0.160420,0.639284,-10.056758
-0.161617,0.618933,-10.043590
-0.150842,0.609355,-10.028625
-0.161617,0.624320,-10.040596
-0.151441,0.622524,-10.044787
-0.152638,0.639284,-10.060949
-0.143061,0.646467,-10.048977
-0.144857,0.642876,-10.046583
-0.161018,0.627911,-10.043590
-0.161617,0.630306,-10.007675
-0.164011,0.632101,-10.068132
-0.171194,0.620130,-10.018449
-0.165208,0.638087,-10.051371
-0.158025,0.617137,-10.064540
-0.154434,0.611151,-10.021442
-0.150244,0.627911,-10.059752
-0.154434,0.635693,-10.022640
-0.169997,0.645270,-10.044787
-0.153237,0.645869,-10.046583
-0.169398,0.630306,-10.035210
-0.186159,0.640482,-10.034012
-0.175384,0.631503,-10.048378
-0.162814,0.633299,-10.036407
-0.167603,0.619531,-10.016654
-0.156828,0.624320,-10.009470
-0.157427,0.618334,-10.018449
-0.176581,0.624918,-10.034611
-0.169398,0.635094,-10.029823
-0.159223,0.626116,-10.023238
-0.162814,0.637489,-10.031619
-0.170596,0.639883,-10.037006
-0.156828,0.635094,-10.060350
-0.164011,0.637489,-10.042392
-0.151441,0.617735,-10.024435
-0.163413,0.621926,-10.042392
-0.174187,0.621327,-10.010668
-0.175384,0.623721,-10.080103
-0.167004,0.623123,-10.029224
-0.169398,0.624918,-10.017252
-0.165807,0.641080,-10.035210
-0.156230,0.640482,-10.014260
-0.174187,0.647066,-10.077709
-0.181370,0.644672,-10.056758
-0.167603,0.632700,-10.008274
-0.167603,0.617137,-9.999894
-0.167004,0.631503,-10.016055
-0.161018,0.634496,-10.049575
-0.174786,0.619531,-10.032217
-0.165807,0.629109,-10.034012
-0.152638,0.611750,-10.031619
-0.167004,0.626116,-10.034012
-0.159821,0.629109,-10.034611
-0.156230,0.639284,-10.041794
-0.168800,0.630306,-10.042991
-0.169997,0.619531,-10.051970
-0.156828,0.626714,-10.044188
-0.162215,0.635094,-10.040596
-0.177180,0.635094,-10.071723
-0.174786,0.632101,-10.023837
-0.172990,0.614743,-10.032217
-0.165208,0.636890,-10.039999
-0.162814,0.642876,-10.007675
-0.154434,0.641080,-10.093272
-0.168800,0.630904,-10.032815
-0.167004,0.641080,-10.057357
-0.160420,0.632101,-10.022640
-0.157427,0.635094,-9.978344
-0.169398,0.635094,-10.080702
-0.157427,0.626714,-10.046583
-0.149645,0.612947,-10.014260
-0.174187,0.617735,-10.042991
-0.161617,0.625517,-10.023837
-0.157427,0.620728,-10.054963
-0.164011,0.632101,-10.048378
-0.167004,0.610553,-10.072321
-0.174187,0.628510,-10.051371
-0.162814,0.626714,-10.042392
-0.161617,0.635693,-10.033414
-0.161018,0.640482,-10.062146
-0.169997,0.620130,-10.025632
-0.187954,0.626116,-10.031619
-0.167603,0.617735,-10.002886
-0.169398,0.636291,-10.060350
-0.172990,0.619531,-10.045984
-0.180173,0.623123,-10.028027
-0.162215,0.636291,-10.028625
-0.174187,0.638087,-10.000492
-0.155032,0.648263,-10.060949
-0.156828,0.623721,-10.092674
-0.168800,0.623721,-10.032217
-0.168800,0.637489,-10.015457
-0.168201,0.611750,-10.028027
-0.165208,0.615341,-10.053766
-0.169997,0.619531,-10.077111
-0.162814,0.633897,-10.019646
-0.175384,0.634496,-10.029224
-0.155631,0.630306,-10.031619
-0.165208,0.635094,-10.047780
-0.165807,0.639883,-10.038203
-0.164011,0.615940,-10.023837
-0.177779,0.642277,-10.035210
-0.165807,0.632700,-10.038203
-0.169997,0.614743,-10.012464
-0.168800,0.627313,-10.066934
-0.156230,0.621327,-10.037006
-0.152638,0.633897,-10.028625
-0.172391,0.643475,-10.031619
-0.165807,0.614743,-10.011266
-0.174187,0.618933,-10.063343
-0.159821,0.627313,-10.037006
-0.150244,0.642277,-10.028625
-0.159223,0.645270,-10.036407
-0.168201,0.638087,-10.020245
-0.156828,0.612348,-10.075315
-0.169398,0.635693,-10.054365
-0.161018,0.633299,-10.037604
-0.169997,0.620130,-10.010668
-0.166406,0.626714,-10.011865
-0.155032,0.623721,-10.016055
-0.168800,0.626714,-10.031020
-0.175384,0.626714,-10.069928
-0.160420,0.627911,-10.052569
-0.155032,0.613545,-10.004682
-0.170596,0.627911,-10.015457
-0.162814,0.614743,-10.041195
-0.166406,0.621926,-10.041794
-0.161018,0.612947,-10.033414
-0.177180,0.623123,-10.020844
-0.153835,0.623721,-10.013661
-0.153237,0.630306,-10.036407
-0.168800,0.633897,-10.041195
-0.167004,0.633897,-10.034611
-0.153237,0.639284,-10.020245
-0.169398,0.630904,-10.019646
-0.155631,0.629109,-10.065737
-0.165208,0.627313,-10.022041
-0.158025,0.627313,-10.048977
-0.164011,0.632101,-10.017850
-0.165208,0.635693,-10.014858
-0.172990,0.624918,-10.020245
-0.164011,0.629707,-10.023238
-0.159223,0.633299,-10.051371
-0.164011,0.630904,-10.017850
-0.174187,0.636291,-10.041794
-0.153835,0.634496,-10.025632
-0.168800,0.638686,-10.045984
-0.158025,0.629109,-10.023238
-0.167603,0.632700,-10.053167
-0.160420,0.620130,-10.034611
-0.168201,0.626714,-10.025033
-0.165807,0.621926,-10.050773
-0.158025,0.618334,-10.030421
-0.158624,0.623721,-10.034611
-0.161617,0.635094,-10.022640
-0.155032,0.629707,-10.024435
-0.147251,0.647665,-10.060949
-0.168800,0.638686,-10.044787
-0.171194,0.627313,-10.025632
-0.159821,0.626714,-10.034012
-0.162814,0.618334,-10.038203
-0.158025,0.624320,-10.063941
-0.167603,0.631503,-10.054963
-0.165208,0.629707,-10.045386
-0.152638,0.622524,-10.041794
-0.168800,0.640482,-10.038801
-0.172990,0.636890,-10.056160
-0.183764,0.640482,-10.053167
-0.170596,0.626116,-10.041195
-0.158624,0.615940,-10.050174
-0.153835,0.618334,-10.019646
-0.155631,0.618933,-10.059153
-0.159223,0.624320,-10.053766
-0.167603,0.618933,-10.020844
-0.165208,0.617137,-10.007077
-0.174187,0.623721,-10.046583
-0.168201,0.630904,-10.053766
-0.161617,0.641679,-10.049575
-0.164011,0.638087,-10.054365
-0.171194,0.642277,-10.017252
-0.160420,0.635094,-10.041195
-0.162814,0.626116,-10.048378
-0.165208,0.619531,-10.051970
-0.172990,0.629109,-10.057357
-0.159223,0.614144,-10.013661
-0.168800,0.622524,-10.031619
-0.161617,0.638686,-10.035210
-0.165807,0.635094,-10.083096
-0.149645,0.616538,-10.050174
-0.157427,0.650059,-10.037006
-0.156230,0.642277,-10.056160
-0.160420,0.633897,-9.992711
-0.167603,0.615341,-10.075315
-0.155032,0.637489,-10.081300
-0.174187,0.611151,-9.986126
-0.163413,0.632700,-10.027428
-0.165807,0.621327,-10.017252
-0.171194,0.635094,-10.072920
-0.169398,0.625517,-10.047780
-0.162215,0.638087,-10.019646
-0.161617,0.625517,-10.031020
-0.158624,0.647066,-10.027428
-0.156828,0.616538,-10.042991
-0.167603,0.624918,-10.033414
-0.167603,0.609355,-10.028625
-0.162215,0.635094,-10.044787
-0.175384,0.632700,-10.041794
-0.156828,0.626714,-10.049575
-0.147251,0.609954,-10.041794
-0.152040,0.637489,-10.020245
-0.171793,0.612947,-10.022041
-0.169398,0.640482,-10.023238
-0.170596,0.629707,-10.070526
-0.149645,0.626714,-10.045386
-0.161018,0.622524,-10.017252
-0.171194,0.621926,-10.035210
-0.167603,0.629707,-10.027428
-0.151441,0.626714,-10.048378
-0.167603,0.633897,-10.052569
-0.159821,0.626116,-10.058554
-0.168800,0.628510,-10.035808
-0.167603,0.634496,-10.022640
-0.169398,0.625517,-10.034611
-0.170596,0.634496,-10.045984
-0.176581,0.635693,-10.034012
-0.152040,0.636291,-10.045386
-0.150842,0.635094,-10.023238
-0.166406,0.636291,-10.008274
-0.166406,0.622524,-10.071125
-0.171793,0.616538,-10.032815
-0.168800,0.631503,-10.035808
-0.164610,0.635693,-10.015457
-0.165208,0.621926,-10.009470
-0.153237,0.648862,-10.017850
-0.171194,0.627313,-10.067533
-0.175384,0.640482,-10.028027
-0.151441,0.630904,-10.037604
-0.164610,0.635094,-10.040596
-0.167603,0.634496,-10.022041
-0.156828,0.638087,-10.060949
-0.168800,0.622524,-10.016055
-0.151441,0.617137,-10.000492
-0.161617,0.633299,-10.047182
-0.179574,0.623721,-10.006478
-0.157427,0.635094,-10.056160
-0.162814,0.637489,-10.048378
-0.180173,0.641679,-10.039400
-0.176581,0.634496,-9.979541
-0.190947,0.618933,-10.025632
-0.149047,0.635094,-10.077111
-0.169997,0.623721,-10.048977
-0.171194,0.621926,-10.042392
-0.166406,0.630306,-10.005281
-0.156828,0.639284,-10.053766
-0.172391,0.629109,-10.102251
-0.164610,0.635693,-10.051371
-0.170596,0.629109,-10.041794
-0.175384,0.623123,-10.013062
-0.156230,0.641080,-10.027428
-0.161018,0.635094,-10.045386
-0.180173,0.635094,-10.048378
-0.168800,0.632101,-10.029823
-0.164610,0.634496,-10.016654
-0.164011,0.617137,-10.021442
-0.156828,0.630306,-10.045386
-0.163413,0.629109,-10.062745
-0.156828,0.632700,-10.025632
-0.155631,0.606362,-10.046583
-0.070034,0.465696,-10.028027
0.147849,0.523160,-10.071125
0.014366,0.891886,-10.094470
-0.489041,0.824845,-9.930458
-0.442351,0.280136,-9.990316
-0.458513,0.017957,-9.968768
-0.281932,0.289115,-9.952007
0.023345,0.843401,-10.117216
0.211898,1.122339,-10.102849
0.134082,0.468090,-10.109434
-0.043696,0.219081,-10.058554
-0.247214,0.438760,-10.022041
-0.420802,0.821253,-10.013661
-0.453126,0.999630,-9.989119
-0.363339,0.504604,-9.993309
-0.245418,0.352564,-9.996302
-0.104752,0.441753,-10.027428
-0.033521,0.703333,-10.104046
-0.014366,0.813471,-10.072920
-0.005387,0.714706,-10.077111
-0.142462,0.426788,-10.020245
-0.237637,0.606362,-10.017850
-0.272953,0.812873,-10.026231
-0.278939,0.879914,-10.010069
-0.274749,0.727874,-10.007077
-0.218482,0.401648,-9.996302
-0.159821,0.515378,-10.014858
-0.117322,0.680587,-10.083096
-0.090386,0.742839,-10.054963
-0.062252,0.649460,-10.057357
-0.128695,0.543511,-10.057956
-0.209503,0.646467,-10.009470
-0.224468,0.755409,-10.068132
-0.238834,0.751818,-10.052569
-0.213693,0.636890,-10.025632
-0.193940,0.568053,-10.031020
-0.155032,0.585412,-10.017850
-0.147849,0.674002,-10.063343
-0.136476,0.693755,-10.069329
-0.155631,0.625517,-10.033414
-0.167603,0.572842,-10.002287
-0.195137,0.571645,-10.069928
-0.183166,0.702135,-10.037006
-0.171194,0.717100,-10.073519
-0.170596,0.640482,-10.060949
-0.202919,0.577631,-10.026231
-0.198729,0.572842,-10.031020
-0.185560,0.678791,-10.015457
-0.155032,0.672805,-10.071125
-0.150842,0.615940,-10.037006
-0.164610,0.584814,-10.044188
-0.180173,0.599778,-10.020245
-0.171194,0.652453,-10.018449
-0.175384,0.631503,-10.058554
-0.174187,0.616538,-10.065138
-0.170596,0.626714,-10.025033
-0.171793,0.653650,-10.035210
-0.180771,0.670411,-10.025033
-0.190349,0.617137,-10.072321
-0.191546,0.601574,-10.060350
-0.192144,0.630904,-10.019048
-0.192144,0.650657,-10.024435
-0.165807,0.665023,-10.036407
-0.142462,0.581821,-10.077709
-0.175983,0.600975,-10.047182
-0.177180,0.653052,-10.039999
-0.189152,0.675199,-10.029224
-0.186159,0.672805,-10.029823
-0.188553,0.622524,-10.041195
-0.191546,0.590799,-10.035210
-0.177180,0.620130,-10.027428
-0.166406,0.661432,-10.032217
-0.167603,0.682981,-10.044188
-0.168800,0.627313,-10.032815
-0.184363,0.591398,-10.037006
-0.186757,0.626116,-10.020245
-0.195736,0.644073,-10.025033
-0.155631,0.631503,-10.028625
-0.161018,0.629109,-10.035210
-0.187954,0.651855,-10.043590
-0.223271,0.612947,-10.028625
-0.194539,0.597384,-10.024435
-0.180771,0.610553,-10.001091
-0.177180,0.639284,-10.029224
-0.184363,0.665622,-10.035210
-0.198729,0.624320,-10.038203
-0.188553,0.602771,-10.008872
-0.198130,0.620130,-10.008274
-0.178976,0.630904,-10.017850
-0.169997,0.657840,-10.036407
-0.187954,0.649460,-10.022640
-0.191546,0.638087,-10.049575
-0.196335,0.590799,-10.026231
-0.195736,0.600377,-10.020245
-0.190349,0.651855,-10.040596
-0.189152,0.655446,-10.073519
-0.171194,0.628510,-10.028625
-0.191546,0.616538,-9.994506
-0.189750,0.642876,-10.020844
-0.181969,0.632700,-10.061547
-0.174187,0.615940,-10.047780
-0.177779,0.639883,-10.056160
-0.156230,0.626116,-10.041794
-0.160420,0.624918,-10.027428
-0.199926,0.681784,-10.045984
-0.234045,0.690164,-10.056758
-0.209503,0.605165,-10.028027
-0.199327,0.471682,-10.016654
-0.122111,0.571046,-10.038801
-0.080210,0.769775,-10.035210
-0.096372,0.878118,-10.077709
-0.128695,0.773965,-10.075315
-0.225665,0.419007,-10.040596
-0.238834,0.518371,-10.028625
-0.271157,0.685375,-9.986724
-0.293305,0.779951,-10.025632
-0.241228,0.665622,-10.038801
-0.139469,0.476470,-10.019646
-0.040704,0.648862,-10.038203
-0.037112,0.864949,-10.041794
-0.099364,0.918223,-10.067533
-0.217883,0.759001,-10.022041
-0.339994,0.508195,-10.003485
-0.363937,0.337600,-9.976549
-0.288516,0.578828,-9.998098
-0.169997,0.809281,-10.032217
-0.099364,0.838013,-10.107039
-0.049084,0.649460,-10.071125
-0.029929,0.436365,-10.095666
-0.135279,0.705727,-10.019646
-0.158624,0.869738,-10.011266
-0.123906,0.867942,-10.068730
-0.161617,0.672805,-10.051371
-0.277742,0.537526,-9.966972
-0.354958,0.572243,-9.979541
-0.337001,0.614743,-9.999295
-0.296896,0.539920,-10.042991
-0.192144,0.492034,-10.015457
-0.077816,0.547103,-10.075913
0.020352,0.773367,-10.071125
-0.006584,0.779352,-10.041195
-0.080210,0.679988,-10.087286
-0.182567,0.597384,-10.061547
-0.278340,0.568652,-10.022640
-0.321438,0.632700,-9.984331
-0.327424,0.678192,-9.992711
-0.256193,0.608158,-10.045386
-0.177779,0.523160,-10.032217
-0.125702,0.508794,-10.040596
-0.081407,0.583018,-10.054963
-0.059260,0.766782,-10.050174
-0.099364,0.708121,-10.058554
-0.168201,0.592595,-10.044787
-0.247214,0.551892,-10.023238
-0.321438,0.573441,-10.004083
-0.274150,0.676995,-10.002287
-0.219679,0.681185,-10.054365
-0.175384,0.554884,-10.037604
-0.056865,0.481858,-10.044787
-0.047288,0.524955,-10.062745
-0.166406,0.682981,-10.070526
-0.244820,0.699741,-10.045984
-0.223869,0.605764,-10.031020
-0.207109,0.551892,-10.023238
-0.195137,0.604567,-10.034611
-0.140068,0.670411,-10.045386
-0.158025,0.716501,-10.034611
-0.217285,0.549497,-10.033414
-0.232249,0.514181,-10.031020
-0.189750,0.571645,-10.046583
-0.137075,0.688368,-10.044188
-0.121512,0.718896,-10.018449
-0.201123,0.583616,-10.065138
-0.249010,0.559673,-10.014858
-0.228658,0.581222,-10.033414
-0.213693,0.647665,-10.033414
-0.206510,0.693157,-10.020245
-0.140068,0.654848,-10.060350
-0.147849,0.590201,-10.044188
-0.169997,0.573441,-10.035210
-0.180173,0.599179,-10.027428
-0.194539,0.644672,-10.004083
-0.178976,0.662629,-10.054365
-0.213095,0.658439,-10.039999
-0.196933,0.609355,-10.032815
-0.195736,0.609954,-10.013661
-0.199327,0.632700,-10.028625
-0.190349,0.629707,-10.030421
-0.164011,0.607560,-10.067533
-0.148448,0.641679,-10.046583
-0.168201,0.660833,-10.017850
-0.192144,0.658439,-10.034611
-0.187356,0.629707,-10.026829
-0.188553,0.624918,-10.059752
-0.216088,0.648263,-10.025632
-0.212496,0.658439,-10.016654
-0.196335,0.618933,-10.039400
-0.171793,0.590201,-10.036407
-0.184363,0.591997,-10.044188
-0.159821,0.653052,-10.027428
-0.154434,0.676995,-10.028625
-0.155631,0.674002,-10.046583
-0.175384,0.619531,-10.029224
-0.203518,0.611750,-10.056160
-0.222074,0.620130,-10.034611
-0.200525,0.666819,-10.021442
-0.182567,0.649460,-10.011865
-0.183166,0.644073,-10.032217
-0.156828,0.627911,-10.077709
-0.161617,0.606961,-10.048378
-0.167603,0.597384,-10.025632
-0.183764,0.653052,-10.024435
-0.212496,0.660235,-10.035808
-0.172391,0.630904,-10.031619
-0.165807,0.606961,-10.062146
-0.169398,0.643475,-10.046583
-0.161617,0.661432,-10.056758
-0.174187,0.672805,-10.079504
-0.220876,0.673404,-10.002886
-0.274749,0.625517,-10.037006
-0.286720,0.581222,-10.054365
-0.192743,0.579426,-10.011865
-0.210700,0.642876,-10.005281
-0.167004,0.644073,-10.054963
-0.101160,0.633897,-10.068132
-0.085597,0.605764,-10.074716
-0.139469,0.641080,-10.045984
-0.181370,0.654249,-10.029823
-0.197532,0.664425,-10.015457
-0.213095,0.687769,-10.054365
-0.246017,0.656045,-10.008274
-0.230454,0.624918,-10.044188
-0.196335,0.607560,-10.010668
-0.158624,0.612348,-10.036407
-0.141265,0.640482,-10.058554
-0.138871,0.662629,-10.044787
-0.164610,0.638686,-10.025632
-0.195137,0.591997,-10.031020
-0.202320,0.602771,-10.011865
-0.171793,0.651855,-10.064540
-0.180771,0.699142,-10.075315
-0.187356,0.675798,-10.032815
-0.180771,0.643475,-10.027428
-0.209503,0.567455,-10.018449
-0.199926,0.611151,-10.061547
-0.190947,0.674002,-10.050174
-0.186159,0.667418,-10.050773
-0.161617,0.641080,-10.030421
-0.150842,0.584814,-10.027428
-0.200525,0.632700,-10.033414
