0,68006.00,-5.564408,-0.566258,9.019418,0.083619,0.013039,-0.050221,-2.101488,-16.461657,-166.897278
0,68030.00,-5.620675,-0.525554,9.116387,0.103860,0.021828,-0.020127,-2.101488,-16.461657,-166.897278
0,68054.00,-5.693702,-0.386683,9.155894,0.111583,0.050324,-0.016132,-2.101488,-16.461657,-166.897278
0,68078.00,-5.830178,-0.167603,9.276807,0.114512,0.103055,-0.053950,-2.101488,-16.461657,-166.897278
0,68102.00,-6.329395,0.332811,9.529408,0.061515,0.338749,-0.263011,47.283482,-24.167112,-179.084503
0,68126.00,-6.507772,0.575835,9.481522,0.072434,0.483627,-0.340510,47.283482,-24.167112,-179.084503
0,68150.00,-6.847766,0.729072,9.342651,0.110784,0.616521,-0.395372,47.283482,-24.167112,-179.084503
0,68174.00,-7.141070,0.525554,8.893716,0.150998,0.724114,-0.424135,47.283482,-24.167112,-179.084503
0,68198.00,-7.448741,0.515977,8.599214,0.145139,0.784569,-0.414015,47.283482,-24.167112,-179.084503
0,68222.00,-7.950352,0.509991,8.532172,0.214649,0.707602,-0.212144,16.987028,-32.047691,-109.177223
0,68246.00,-8.054505,0.428584,8.655480,0.336357,0.599210,0.009967,16.987028,-32.047691,-109.177223
0,68270.00,-8.034153,0.334008,8.738085,0.463924,0.525439,0.226752,16.987028,-32.047691,-109.177223
0,68294.00,-7.783947,0.251404,8.735690,0.541424,0.522776,0.356716,16.987028,-32.047691,-109.177223
0,68318.00,-7.393672,0.167603,8.740479,0.564593,0.597345,0.368434,16.987028,-32.047691,-109.177223
0,68342.00,-6.279114,-0.490836,8.179009,0.569654,0.800548,0.256313,-53.237698,19.613888,7.786283
0,68366.00,-5.565606,-0.769775,7.938380,0.573382,0.870057,0.233676,-53.237698,19.613888,7.786283
0,68390.00,-4.873646,-1.081037,7.545711,0.576045,0.919327,0.215034,-53.237698,19.613888,7.786283
0,68414.00,-4.158940,-1.601803,7.047692,0.570719,0.929180,0.179879,-53.237698,19.613888,7.786283
0,68438.00,-3.696836,-2.265030,6.591573,0.539293,0.877781,0.140464,-53.237698,19.613888,7.786283
0,68462.00,-2.901920,-3.484938,5.526099,0.405068,0.681769,0.212370,119.434570,-47.283482,-45.702095
0,68486.00,-2.232707,-3.856058,5.058009,0.285490,0.560860,0.302387,119.434570,-47.283482,-45.702095
0,68510.00,-1.419834,-3.890776,4.695269,0.153928,0.398138,0.384679,119.434570,-47.283482,-45.702095
0,68534.00,-0.896674,-4.224784,4.214010,0.024496,0.177092,0.388408,119.434570,-47.283482,-45.702095
0,68558.00,-0.512385,-4.186475,4.349289,-0.182701,-0.081238,0.345797,119.434570,-47.283482,-45.702095
0,68582.00,0.573441,-3.165296,4.848505,-0.553152,-0.650897,0.170025,49.910343,-4.378100,-49.256702
0,68606.00,1.279766,-2.674459,5.028080,-0.658615,-1.048513,0.008103,49.910343,-4.378100,-49.256702
0,68630.00,0.964912,-2.500871,6.207284,-0.682318,-1.589942,-0.130650,49.910343,-4.378100,-49.256702
0,68654.00,0.482456,-3.031214,7.652258,-0.744903,-2.121517,-0.238776,49.910343,-4.378100,-49.256702
0,68678.00,-0.415415,-3.137761,9.564126,-0.911353,-2.566005,-0.307753,49.910343,-4.378100,-49.256702
0,68702.00,-3.032411,-2.648122,13.708700,-1.036523,-3.058964,-0.235048,108.051514,34.849678,-5.247277
0,68726.00,-3.961409,-2.476928,14.808892,-1.084727,-3.084531,-0.218536,108.051514,34.849678,-5.247277
0,68750.00,-4.854491,-1.106178,16.203587,-1.193919,-3.011825,-0.289377,108.051514,34.849678,-5.247277
0,68774.00,-6.032498,-0.907449,16.680056,-1.071411,-2.816613,-0.422537,108.051514,34.849678,-5.247277
0,68798.00,-6.787908,-1.063080,16.526819,-0.983259,-2.413937,-0.608695,108.051514,34.849678,-5.247277
0,68822.00,-6.910018,0.283727,14.756217,-0.845838,-1.548662,-0.939198,23.116369,28.720337,-115.778641
0,68846.00,-6.856146,0.197532,13.487226,-0.672996,-1.234937,-1.113638,23.116369,28.720337,-115.778641
0,68870.00,-6.888469,0.487245,12.463652,-0.533977,-0.985928,-1.240672,23.116369,28.720337,-115.778641
0,68894.00,-7.192548,0.985264,11.584935,-0.360603,-0.803499,-1.360517,23.116369,28.720337,-115.778641
0,68918.00,-7.752820,0.681185,10.914525,-0.164325,-0.646370,-1.487285,23.116369,28.720337,-115.778641
0,68942.00,-9.181034,1.103783,10.272846,0.075363,-0.250618,-1.508591,23.116369,28.720337,-115.778641
0,68966.00,-10.044188,1.482086,10.617628,0.204795,-0.090826,-1.428162,137.647461,50.785961,-72.784813
0,68990.00,-11.520288,1.819686,11.792045,0.364587,0.070298,-1.341075,137.647461,50.785961,-72.784813
0,69014.00,-13.609336,1.033151,13.447719,0.559800,0.353130,-1.183946,137.647461,50.785961,-72.784813
0,69038.00,-14.163622,0.583018,14.428195,0.656740,0.915065,-0.792456,137.647461,50.785961,-72.784813
0,69062.00,-11.884226,0.539920,15.855211,1.031186,1.771285,0.364972,137.647461,50.785961,-72.784813
0,69086.00,-10.518264,-0.171194,16.369991,1.262352,1.996059,0.912260,32.047691,18.738268,-50.949371
0,69110.00,-8.788365,-0.645270,16.714773,1.412823,2.252259,1.379918,32.047691,18.738268,-50.949371
0,69134.00,-6.587982,-1.023573,16.215557,1.515090,2.501534,1.718677,32.047691,18.738268,-50.949371
0,69158.00,-2.904315,-1.551522,14.449743,1.631738,2.616851,2.045186,32.047691,18.738268,-50.949371
0,69182.00,-1.507227,-1.423425,13.064628,1.613629,2.575572,2.069954,32.047691,18.738268,-50.949371
0,69206.00,-0.129293,-1.665252,11.171914,1.586730,2.481294,2.013494,45.882488,-6.304464,8.124817
0,69230.00,1.383919,-1.518001,9.392932,1.482333,2.318839,1.892052,45.882488,-6.304464,8.124817
0,69254.00,2.616996,-1.522790,7.774369,1.363288,2.066101,1.687784,45.882488,-6.304464,8.124817
0,69278.00,3.227548,-2.321297,5.797855,1.009082,1.444776,1.121321,45.882488,-6.304464,8.124817
0,69302.00,3.738736,-2.668474,5.153782,0.806146,1.144900,0.896281,45.882488,-6.304464,8.124817
0,69326.00,4.484568,-2.603827,4.550412,0.564327,0.856741,0.672039,45.882488,-6.304464,8.124817
0,69350.00,5.040051,-2.373972,3.978169,0.346477,0.534228,0.342867,-13.309424,46.232738,-100.883141
0,69374.00,4.843717,-2.882766,3.959014,0.152862,0.125692,-0.127454,-13.309424,46.232738,-100.883141
0,69398.00,3.531627,-3.890776,5.218429,-0.341960,-0.614678,-0.738126,-13.309424,46.232738,-100.883141
0,69422.00,3.404728,-3.484938,5.467438,-0.596030,-0.895113,-0.780471,-13.309424,46.232738,-100.883141
0,69446.00,3.718385,-2.990510,5.819404,-0.831457,-1.235204,-0.810033,-13.309424,46.232738,-100.883141
0,69470.00,3.464586,-2.710374,6.834597,-1.034659,-1.690345,-0.878743,73.376961,-41.154140,-83.787170
0,69494.00,2.892343,-2.735515,8.412457,-1.230138,-2.139627,-0.958639,73.376961,-41.154140,-83.787170
0,69518.00,1.132515,-2.433830,11.830354,-1.590736,-2.795307,-0.980211,73.376961,-41.154140,-83.787170
0,69542.00,0.614144,-2.150103,13.357932,-1.720433,-3.006765,-1.010838,73.376961,-41.154140,-83.787170
0,69566.00,-0.369923,-1.812503,15.098605,-1.795802,-3.204109,-1.122959,73.376961,-41.154140,-83.787170
0,69590.00,-1.630534,-1.909473,16.347244,-1.816042,-3.276548,-1.292605,-5.779092,-64.971008,-43.501621
0,69614.00,-3.076706,-1.756236,17.245117,-1.834152,-3.168422,-1.429760,-5.779092,-64.971008,-43.501621
0,69638.00,-5.089135,-1.182796,17.138569,-1.735348,-2.528454,-1.642816,-5.779092,-64.971008,-43.501621
0,69662.00,-6.070808,-1.236668,16.626184,-1.580083,-2.226980,-1.716853,-5.779092,-64.971008,-43.501621
0,69686.00,-7.089592,-1.503635,15.889929,-1.401915,-1.923108,-1.684628,-5.779092,-64.971008,-43.501621
0,69710.00,-7.682188,-1.364764,14.789738,-1.252775,-1.600861,-1.514450,19.789013,-14.185044,-23.866650
0,69734.00,-8.253234,-0.925406,13.673983,-1.099908,-1.372358,-1.283017,19.789013,-14.185044,-23.866650
0,69758.00,-10.009470,-0.311262,12.701887,-0.787248,-1.141725,-0.623342,19.789013,-14.185044,-23.866650
0,69782.00,-10.943256,0.703931,13.172372,-0.663941,-0.934794,-0.232118,19.789013,-14.185044,-23.866650
0,69806.00,-11.714229,1.731096,13.577013,-0.461006,-0.619471,0.127681,19.789013,-14.185044,-23.866650
0,69830.00,-12.103307,2.554743,14.081017,-0.211464,-0.194957,0.413176,19.789013,-14.185044,-23.866650
0,69854.00,-12.001548,3.015651,14.482067,0.092141,0.292675,0.627297,44.831745,42.029762,-56.873718
0,69878.00,-11.408953,1.231880,15.946196,0.641560,1.260483,0.934631,44.831745,42.029762,-56.873718
0,69902.00,-10.373407,0.249010,16.783012,0.897494,1.699645,1.231045,44.831745,42.029762,-56.873718
0,69926.00,-8.714141,-0.730269,17.150541,1.148101,2.089005,1.532786,44.831745,42.029762,-56.873718
0,69950.00,-7.348179,-1.796940,17.358847,1.382995,2.356390,1.790850,44.831745,42.029762,-56.873718
0,69974.00,-6.048062,-3.155719,17.415113,1.587263,2.599540,2.038261,-17.512400,-29.420834,40.285549
0,69998.00,-2.518829,-4.172109,16.897940,1.772089,2.856273,2.430551,-17.512400,-29.420834,40.285549
0,70022.00,-1.131318,-4.690480,15.921056,1.871959,2.853610,2.522964,-17.512400,-29.420834,40.285549
0,70046.00,0.051478,-4.708437,14.504813,1.881813,2.820852,2.489940,-17.512400,-29.420834,40.285549
0,70070.00,0.835619,-4.976602,13.084979,1.820559,2.748413,2.305913,-17.512400,-29.420834,40.285549
0,70094.00,1.579057,-4.870054,11.606484,1.660767,2.690356,2.036930,-80.557045,-23.466616,-23.020313
0,70118.00,3.301772,-4.866463,8.286755,1.267679,2.397403,1.476060,-80.557045,-23.466616,-23.020313
0,70142.00,4.091899,-4.774282,6.785513,1.034116,2.079950,1.221724,-80.557045,-23.466616,-23.020313
0,70166.00,4.454639,-4.682100,5.748771,0.793362,1.662360,0.985764,-80.557045,-23.466616,-23.020313
0,70190.00,4.619848,-4.498934,5.109487,0.547815,1.223464,0.742880,-80.557045,-23.466616,-23.020313
0,70214.00,4.873646,-4.211616,4.562384,0.307861,0.829310,0.463510,-80.557045,-23.466616,-23.020313
0,70238.00,4.860477,-4.279854,4.210418,-0.149944,0.048460,-0.261413,-80.557045,-23.466616,-23.020313
0,70262.00,4.563581,-4.343303,4.465414,-0.402681,-0.359010,-0.554632,-80.557045,-23.466616,-23.020313
0,70286.00,4.099082,-4.563581,5.006531,-0.657816,-0.780062,-0.751975,-80.557045,-23.466616,-23.020313
0,70310.00,4.169715,-4.591115,5.590746,-0.936387,-1.213898,-0.868623,-80.557045,-23.466616,-23.020313
0,70334.00,3.750708,-4.349289,6.740021,-1.199245,-1.742277,-0.921355,-80.557045,-23.466616,-23.020313
0,70358.00,2.160877,-4.542032,10.222565,-1.598992,-2.721803,-0.983141,59.191914,65.146133,-85.649109
0,70382.00,1.416242,-3.981760,12.189502,-1.801395,-2.978535,-1.000185,59.191914,65.146133,-85.649109
0,70406.00,0.557877,-3.513670,13.885880,-1.941746,-3.087727,-1.150656,59.191914,65.146133,-85.649109
0,70430.00,-0.395063,-3.381982,15.330854,-2.033626,-3.087993,-1.397801,59.191914,65.146133,-85.649109
0,70454.00,-1.212725,-2.946215,16.347244,-2.085026,-3.000640,-1.660659,59.191914,65.146133,-85.649109
0,70478.00,-3.919508,-2.077076,18.236366,-1.935354,-2.794242,-2.096093,-124.863419,-44.306374,-22.173979
0,70502.00,-5.591943,-1.920248,18.540445,-1.728689,-2.546830,-2.171461,-124.863419,-44.306374,-22.173979
0,70526.00,-6.486223,-1.793348,17.569548,-1.503649,-2.101810,-2.213274,-124.863419,-44.306374,-22.173979
0,70550.00,-6.917201,-1.600605,16.155699,-1.312964,-1.615775,-2.232449,-124.863419,-44.306374,-22.173979
0,70574.00,-6.911215,-1.363567,14.752625,-1.182733,-1.210169,-2.232449,-124.863419,-44.306374,-22.173979
0,70598.00,-7.825847,-1.059488,12.658790,-0.819206,-0.826668,-1.855872,30.646700,43.255630,21.496910
0,70622.00,-8.357387,-0.770972,11.673525,-0.663675,-0.676464,-1.534424,30.646700,43.255630,21.496910
0,70646.00,-9.026600,-0.276544,11.195858,-0.560343,-0.560348,-1.218834,30.646700,43.255630,21.496910
0,70670.00,-9.935246,0.469287,11.778875,-0.475653,-0.472729,-0.886733,30.646700,43.255630,21.496910
0,70694.00,-10.908539,1.376736,12.698296,-0.309736,-0.320660,-0.517880,30.646700,43.255630,21.496910
0,70718.00,-13.038290,1.413848,14.219889,0.218910,0.336085,0.226485,-0.875620,78.280434,-93.943192
0,70742.00,-13.169977,1.610183,15.873169,0.463924,0.807206,0.618509,-0.875620,78.280434,-93.943192
0,70766.00,-13.062233,1.336033,17.965807,0.773388,1.311084,0.936229,-0.875620,78.280434,-93.943192
0,70790.00,-12.445695,-0.266967,19.637045,1.152895,1.881541,1.212136,-0.875620,78.280434,-93.943192
0,70814.00,-10.593685,-2.086653,20.531326,1.435460,2.541216,1.488044,-0.875620,78.280434,-93.943192
0,70838.00,-5.016108,-4.497737,20.246401,1.843197,3.363613,2.450791,2.276612,95.792831,-35.376804
0,70862.00,-2.305734,-4.162532,19.068394,2.073031,3.378260,2.889953,2.276612,95.792831,-35.376804
0,70886.00,-0.626116,-4.157743,18.086721,2.293278,3.255221,2.963191,2.276612,95.792831,-35.376804
0,70910.00,0.575835,-4.223587,16.601044,2.356928,3.237910,2.628693,2.276612,95.792831,-35.376804
0,70934.00,1.364764,-5.044840,15.114168,2.264515,3.306887,2.084335,2.276612,95.792831,-35.376804
0,70958.00,3.779440,-5.716448,10.778049,1.817097,3.220865,1.378320,70.750099,5.603968,-74.138954
0,70982.00,4.265488,-5.929543,8.928433,1.627211,2.776643,1.281646,70.750099,5.603968,-74.138954
0,71006.00,4.267882,-6.068413,7.597189,1.427471,2.233084,1.237969,70.750099,5.603968,-74.138954
0,71030.00,4.689283,-6.006161,6.174961,1.176597,1.775280,1.180977,70.750099,5.603968,-74.138954
0,71054.00,5.066389,-5.682927,5.029277,0.868198,1.367277,1.056605,70.750099,5.603968,-74.138954
0,71078.00,5.505747,-4.775479,3.542402,0.240748,0.507329,0.612650,-6.829836,29.245708,-14.726231
0,71102.00,5.217231,-4.436682,3.719582,-0.039687,0.049259,0.330883,-6.829836,29.245708,-14.726231
0,71126.00,4.836534,-4.067956,4.051196,-0.306806,-0.388305,0.052312,-6.829836,29.245708,-14.726231
0,71150.00,4.367247,-4.209221,4.480977,-0.534510,-0.828266,-0.202290,-6.829836,29.245708,-14.726231
0,71174.00,3.865636,-4.275065,5.212443,-0.776062,-1.236002,-0.442777,-6.829836,29.245708,-14.726231
0,71198.00,3.001285,-4.655763,7.411629,-1.282603,-1.961459,-0.827876,-6.829836,29.245708,-14.726231
0,71222.00,2.658896,-4.753930,8.650692,-1.520693,-2.307409,-0.962634,155.159866,-32.573067,-71.769211
0,71246.00,2.042358,-5.196879,10.105243,-1.740141,-2.636048,-1.071826,155.159866,-32.573067,-71.769211
0,71270.00,1.822080,-5.305821,11.377827,-1.979829,-2.886655,-1.163440,155.159866,-32.573067,-71.769211
0,71294.00,1.622154,-5.420749,12.743788,-2.191021,-3.125278,-1.233215,155.159866,-32.573067,-71.769211
0,71318.00,-0.137674,-5.158570,16.380766,-2.545227,-3.551124,-1.424966,155.159866,-32.573067,-71.769211
0,71342.00,-1.691590,-4.956250,18.318970,-2.646429,-3.551124,-1.553066,23.291492,155.334991,-72.277016
0,71366.00,-3.225154,-4.331332,19.755566,-2.662674,-3.372157,-1.663323,23.291492,155.334991,-72.277016
0,71390.00,-4.919138,-3.440643,20.500200,-2.534841,-3.069350,-1.740023,23.291492,155.334991,-72.277016
0,71414.00,-6.394042,-2.402704,20.184149,-2.302609,-2.625661,-1.803407,23.291492,155.334991,-72.277016
0,71438.00,-8.724916,-0.355557,17.969398,-1.780888,-1.448792,-1.907272,23.291492,155.334991,-72.277016
0,71462.00,-8.961953,0.759001,16.196404,-1.486871,-0.899906,-1.837496,-10.157192,61.293400,8.124817
0,71486.00,-9.363003,1.349201,14.471292,-1.163558,-0.553690,-1.651338,-10.157192,61.293400,8.124817
0,71510.00,-9.997499,1.971726,13.074204,-0.854360,-0.402154,-1.301926,-10.157192,61.293400,8.124817
0,71534.00,-10.851075,2.816922,13.171175,-0.586442,-0.358211,-0.852378,-10.157192,61.293400,8.124817
0,71558.00,-12.220628,3.704019,15.435008,0.102262,-0.091891,0.122088,-10.157192,61.293400,8.124817
0,71582.00,-12.687521,2.989313,16.536396,0.487361,0.253260,0.532487,-10.157192,61.293400,8.124817
0,71606.00,-12.224219,2.158483,17.959822,0.809608,0.756871,0.935430,-27.669592,98.069443,25.390053
0,71630.00,-10.867835,1.538353,18.927130,1.178728,1.328927,1.380184,-27.669592,98.069443,25.390053
0,71654.00,-7.562471,-1.043925,19.148603,1.926821,2.220833,1.833727,-27.669592,98.069443,25.390053
0,71678.00,-6.438336,-2.570307,19.566414,2.126561,2.625640,1.887258,-27.669592,98.069443,25.390053
0,71702.00,-4.836534,-3.738736,19.385641,2.261585,3.039235,1.956767,-27.669592,98.069443,25.390053
0,71726.00,-3.091072,-4.290628,18.685303,2.364651,3.308218,2.010298,85.460518,-31.872568,-40.962616
0,71750.00,-1.719124,-4.950264,17.916725,2.480234,3.358819,1.992188,85.460518,-31.872568,-40.962616
0,71774.00,0.062252,-7.141070,15.548738,2.512459,3.290641,1.812155,85.460518,-31.872568,-40.962616
0,71798.00,1.315681,-7.779158,13.542295,2.358526,3.262944,1.743445,85.460518,-31.872568,-40.962616
0,71822.00,3.200014,-8.000632,10.948045,2.103924,3.169199,1.668609,85.460518,-31.872568,-40.962616
0,71846.00,4.727592,-7.697751,8.611185,1.765431,2.888498,1.522932,20.664633,64.795883,-55.181046
0,71870.00,5.369271,-7.836621,6.766359,1.441586,2.419774,1.323458,20.664633,64.795883,-55.181046
0,71894.00,6.450308,-7.332616,4.263093,0.756344,1.365679,1.011863,20.664633,64.795883,-55.181046
0,71918.00,6.841780,-7.313462,3.264660,0.460462,0.841295,0.829168,20.664633,64.795883,-55.181046
0,71942.00,7.367334,-7.076424,2.516434,0.101729,0.353130,0.598535,20.664633,64.795883,-55.181046
0,71966.00,7.519373,-6.491012,2.742698,-0.291892,-0.178179,0.315969,-97.719193,6.304464,-18.957905
0,71990.00,7.131493,-6.074399,3.486135,-0.596562,-0.753164,0.043790,-97.719193,6.304464,-18.957905
0,72014.00,5.275892,-5.119064,6.282705,-1.086325,-1.796873,-0.562888,-97.719193,6.304464,-18.957905
0,72038.00,3.874016,-5.291455,7.901268,-1.331340,-2.155606,-0.949585,-97.719193,6.304464,-18.957905
0,72062.00,2.818119,-5.231597,9.649124,-1.595263,-2.379315,-1.285414,-97.719193,6.304464,-18.957905
0,72086.00,1.656872,-4.904772,11.416136,-1.793672,-2.566005,-1.561056,-97.719193,6.304464,-18.957905
0,72110.00,0.098167,-5.090332,13.168780,-1.924701,-2.736717,-1.798880,10.682565,-74.777946,-3.216073
0,72134.00,-2.018415,-4.722804,15.634933,-2.167851,-2.797171,-1.967194,10.682565,-74.777946,-3.216073
0,72158.00,-3.068326,-3.839298,16.856039,-2.222713,-2.847772,-1.929909,10.682565,-74.777946,-3.216073
0,72182.00,-4.575552,-3.046777,17.926302,-2.157998,-2.903433,-1.858269,10.682565,-74.777946,-3.216073
0,72206.00,-6.611925,-2.293762,18.907974,-2.042148,-2.810221,-1.770916,10.682565,-74.777946,-3.216073
0,72230.00,-8.240065,-0.946955,18.919947,-1.902863,-2.502355,-1.646544,68.823730,110.153000,-142.015030
0,72254.00,-9.512648,1.722716,16.769844,-1.498855,-1.583550,-1.462783,68.823730,110.153000,-142.015030
0,72278.00,-9.705391,3.021636,15.877957,-1.205637,-1.282609,-1.325895,68.823730,110.153000,-142.015030
0,72302.00,-11.159943,3.562754,15.557118,-0.834653,-1.073547,-1.127220,68.823730,110.153000,-142.015030
0,72326.00,-12.208656,4.114645,15.256631,-0.486040,-0.728663,-0.858503,68.823730,110.153000,-142.015030
0,72350.00,-12.620481,4.635411,15.091422,-0.119583,-0.344629,-0.508026,22.065624,67.948112,-13.202827
0,72374.00,-13.201104,4.180489,15.934224,0.635701,0.408524,0.195859,22.065624,67.948112,-13.202827
0,72398.00,-12.487596,2.929455,16.416681,0.979254,0.862600,0.632091,22.065624,67.948112,-13.202827
0,72422.00,-10.895370,2.341649,16.670479,1.294577,1.292175,1.105608,22.065624,67.948112,-13.202827
0,72446.00,-9.413283,1.422228,17.026035,1.596318,1.646114,1.413741,22.065624,67.948112,-13.202827
0,72470.00,-8.182601,-0.226264,17.334904,1.847458,1.961704,1.597502,-68.473488,8.931324,17.434502
0,72494.00,-5.109487,-2.192003,17.575533,2.114843,2.623243,1.813753,-68.473488,8.931324,17.434502
0,72518.00,-3.462192,-3.031214,17.145752,2.191543,2.836565,1.801503,-68.473488,8.931324,17.434502
0,72542.00,-2.278199,-4.219995,16.821321,2.232290,2.944957,1.702698,-68.473488,8.931324,17.434502
0,72566.00,-1.306104,-5.162162,16.292175,2.213648,3.030180,1.584185,-68.473488,8.931324,17.434502
0,72590.00,-0.032323,-6.483829,14.550305,2.140943,3.155084,1.437177,-68.473488,8.931324,17.434502
0,72614.00,4.629425,-7.125507,8.686606,1.569952,3.226991,1.038229,102.097298,74.077454,-122.041519
0,72638.00,5.910388,-7.053678,6.310240,1.241313,2.813662,0.848876,102.097298,74.077454,-122.041519
0,72662.00,6.309043,-7.254801,4.740761,0.949692,2.175825,0.768713,102.097298,74.077454,-122.041519
0,72686.00,6.143835,-7.175788,4.112251,0.622119,1.530265,0.764985,102.097298,74.077454,-122.041519
0,72710.00,6.406013,-6.564038,3.687258,0.280696,0.959807,0.770577,102.097298,74.077454,-122.041519
0,72734.00,5.899613,-5.198077,4.394781,-0.334503,-0.137698,0.396131,42.730259,-33.623810,-64.998535
0,72758.00,5.284272,-4.774282,5.006531,-0.597894,-0.589643,0.079743,42.730259,-33.623810,-64.998535
0,72782.00,4.495343,-4.520483,5.896022,-0.847436,-0.988325,-0.243836,42.730259,-33.623810,-64.998535
0,72806.00,3.659724,-4.327740,7.001002,-1.077270,-1.355048,-0.522940,42.730259,-33.623810,-64.998535
0,72830.00,2.978539,-4.055984,8.085631,-1.276212,-1.672235,-0.752241,42.730259,-33.623810,-64.998535
0,72854.00,1.585042,-4.085913,10.376999,-1.625357,-2.201679,-1.209247,-46.582985,-14.360168,-27.759790
0,72878.00,0.725480,-4.247530,11.673525,-1.788878,-2.407811,-1.435619,-46.582985,-14.360168,-27.759790
0,72902.00,0.081407,-4.559989,12.740196,-1.926299,-2.581985,-1.575171,-46.582985,-14.360168,-27.759790
0,72926.00,-0.436964,-4.631819,13.865528,-2.069047,-2.746571,-1.603400,-46.582985,-14.360168,-27.759790
0,72950.00,-1.545536,-4.095490,15.183603,-2.144681,-2.949773,-1.521108,-46.582985,-14.360168,-27.759790
0,72974.00,-5.478213,-2.041161,18.431503,-2.098608,-3.050708,-1.397801,-46.582985,-14.360168,-27.759790
0,72998.00,-7.613949,-1.223499,18.784666,-1.922304,-2.682121,-1.369571,-46.582985,-14.360168,-27.759790
0,73022.00,-8.558510,0.386683,18.084328,-1.749995,-2.111397,-1.342140,-46.582985,-14.360168,-27.759790
0,73046.00,-9.221738,1.477298,16.878784,-1.484208,-1.584882,-1.322699,-46.582985,-14.360168,-27.759790
0,73070.00,-9.816728,2.318902,15.880352,-1.195250,-1.199783,-1.201790,-46.582985,-14.360168,-27.759790
0,73094.00,-11.322757,4.398373,14.793329,-0.517465,-0.609617,-0.477399,39.753147,99.995804,-6.262879
0,73118.00,-11.256913,5.212443,14.312070,-0.089223,-0.365935,-0.075788,39.753147,99.995804,-6.262879
0,73142.00,-11.711834,5.437509,15.014804,0.276169,-0.074314,0.135404,39.753147,99.995804,-6.262879
0,73166.00,-11.946478,4.691677,15.695989,0.651414,0.339548,0.318366,39.753147,99.995804,-6.262879
0,73190.00,-11.413741,3.632189,16.208374,1.001359,0.833305,0.513312,39.753147,99.995804,-6.262879
0,73214.00,-9.040966,0.827239,16.347244,1.552908,1.786731,0.932234,32.573067,28.019840,-29.113926
0,73238.00,-7.661836,-0.161617,16.360415,1.717760,2.111908,1.085101,32.573067,28.019840,-29.113926
0,73262.00,-6.834597,-1.508424,16.660902,1.922560,2.365179,1.277385,32.573067,28.019840,-29.113926
0,73286.00,-4.861674,-2.324888,16.098236,1.991004,2.699677,1.362341,32.573067,28.019840,-29.113926
0,73310.00,-3.471769,-3.070720,15.613385,2.038409,2.789693,1.403354,32.573067,28.019840,-29.113926
0,73334.00,-1.400679,-5.073572,14.635303,2.029088,2.859735,1.410012,65.496376,23.816864,-105.961151
0,73358.00,-0.462104,-5.896022,13.436945,1.932946,2.855208,1.363672,65.496376,23.816864,-105.961151
0,73382.00,0.963715,-6.246790,11.648385,1.750517,2.862398,1.285907,65.496376,23.816864,-105.961151
0,73406.00,2.654108,-6.522138,9.403707,1.521482,2.801145,1.178580,65.496376,23.816864,-105.961151
0,73430.00,4.203235,-6.683754,7.259590,1.221872,2.586491,1.026777,65.496376,23.816864,-105.961151
0,73454.00,5.952289,-6.402421,4.543229,0.572050,1.669550,0.794280,65.496376,23.816864,-105.961151
0,73478.00,6.407210,-6.238410,3.858453,0.270043,1.121197,0.693877,53.763069,83.534149,-45.532825
0,73502.00,6.790302,-5.726025,3.652541,-0.039421,0.558196,0.539944,53.763069,83.534149,-45.532825
0,73526.00,6.547278,-5.348919,3.912325,-0.331041,-0.038361,0.291467,53.763069,83.534149,-45.532825
0,73550.00,6.020527,-4.992165,4.713226,-0.610145,-0.611482,0.005440,53.763069,83.534149,-45.532825
0,73574.00,4.627030,-4.376824,6.907624,-1.066884,-1.598198,-0.529864,53.763069,83.534149,-45.532825
0,73598.00,3.870424,-4.276262,8.066477,-1.259167,-1.979568,-0.802576,99.995804,27.144220,-23.866650
0,73622.00,3.217971,-4.430696,9.354623,-1.460505,-2.269325,-1.093664,99.995804,27.144220,-23.866650
0,73646.00,2.352423,-4.464217,10.931285,-1.649859,-2.527123,-1.359718,99.995804,27.144220,-23.866650
0,73670.00,1.179204,-4.933504,12.585763,-1.778491,-2.762816,-1.572241,99.995804,27.144220,-23.866650
0,73694.00,-1.508424,-5.256738,15.443388,-2.057062,-2.964154,-1.804206,99.995804,27.144220,-23.866650
0,73718.00,-2.800162,-4.774282,16.553158,-2.156666,-2.948175,-1.836963,43.080505,-17.162153,-58.566387
0,73742.00,-4.008098,-3.856058,17.486942,-2.149742,-2.893313,-1.812462,43.080505,-17.162153,-58.566387
0,73766.00,-5.546451,-3.008468,17.861654,-2.016315,-2.774534,-1.751741,43.080505,-17.162153,-58.566387
0,73790.00,-7.431981,-2.026795,18.038836,-1.837881,-2.526057,-1.686759,43.080505,-17.162153,-58.566387
0,73814.00,-9.692223,0.578229,16.513651,-1.382740,-1.580088,-1.542147,43.080505,-17.162153,-58.566387
0,73838.00,-10.330310,1.228288,15.352404,-1.126540,-1.087129,-1.438548,-12.959176,-19.263641,5.755078
0,73862.00,-10.651149,2.760655,14.349182,-0.866078,-0.762485,-1.151455,-12.959176,-19.263641,5.755078
0,73886.00,-10.988749,3.581908,14.103764,-0.532379,-0.547032,-0.778074,-12.959176,-19.263641,5.755078
0,73910.00,-11.407755,4.324149,14.274958,-0.164325,-0.291898,-0.372202,-12.959176,-19.263641,5.755078
0,73934.00,-12.248163,4.178095,15.877957,0.549413,0.369642,0.239269,-12.959176,-19.263641,5.755078
0,73958.00,-11.446064,3.135367,16.421469,0.927854,0.847686,0.541276,-12.959176,-19.263641,5.755078
0,73982.00,-10.766076,1.592225,17.012867,1.270342,1.338781,0.882432,-3.152232,-25.217857,-24.374451
0,74006.00,-9.274413,0.784141,17.132584,1.491920,1.886868,1.087232,-3.152232,-25.217857,-24.374451
0,74030.00,-7.550500,-0.322037,16.973360,1.700715,2.326828,1.199619,-3.152232,-25.217857,-24.374451
0,74054.00,-4.962236,-2.764247,16.834490,2.018435,2.739625,1.474728,-3.152232,-25.217857,-24.374451
0,74078.00,-3.213182,-3.750708,16.233515,2.106853,2.928446,1.578326,-3.152232,-25.217857,-24.374451
0,74102.00,-1.728702,-4.155349,15.528386,2.096467,2.984107,1.568473,0.525372,-14.885540,-24.205183
0,74126.00,-0.879914,-5.386031,14.626924,2.123632,2.951616,1.488843,0.525372,-14.885540,-24.205183
0,74150.00,1.535959,-6.725655,11.276068,1.833609,2.896487,1.331714,0.525372,-14.885540,-24.205183
0,74174.00,3.478952,-7.216492,8.508229,1.544385,2.799014,1.243029,0.525372,-14.885540,-24.205183
0,74198.00,5.637435,-6.804668,6.056442,1.153161,2.480229,1.172454,0.525372,-14.885540,-24.205183
0,74222.00,6.590376,-6.124680,4.762310,0.806678,1.860768,1.082971,33.623810,66.196877,-50.103035
0,74246.00,6.328197,-6.106723,4.394781,0.547016,1.131317,0.954072,33.623810,66.196877,-50.103035
0,74270.00,5.733208,-5.411171,4.731184,-0.068183,0.083081,0.559918,33.623810,66.196877,-50.103035
0,74294.00,5.330962,-5.213640,5.207654,-0.326780,-0.294827,0.269629,33.623810,66.196877,-50.103035
0,74318.00,5.061600,-4.763507,5.700885,-0.583513,-0.657555,-0.020926,33.623810,66.196877,-50.103035
0,74342.00,4.466611,-4.757521,6.379675,-0.766475,-1.043986,-0.237178,33.623810,66.196877,-50.103035
0,74366.00,3.888382,-4.708437,7.109944,-0.977400,-1.355314,-0.449435,27.494469,-94.041588,11.002356
0,74390.00,2.869597,-4.507314,9.212160,-1.389398,-1.912988,-0.931475,27.494469,-94.041588,11.002356
0,74414.00,2.055527,-4.859280,10.484743,-1.549456,-2.183570,-1.167168,27.494469,-94.041588,11.002356
0,74438.00,1.059488,-5.273498,11.908169,-1.715906,-2.410208,-1.342673,27.494469,-94.041588,11.002356
0,74462.00,0.180771,-5.467438,13.106528,-1.890612,-2.551624,-1.455593,27.494469,-94.041588,11.002356
0,74486.00,-0.788930,-5.328568,14.100172,-2.038953,-2.647500,-1.541082,84.409767,-81.607788,-77.862823
0,74510.00,-3.028820,-4.178095,16.251472,-2.176107,-2.773469,-1.630033,84.409767,-81.607788,-77.862823
0,74534.00,-4.643791,-3.375996,17.393564,-2.099141,-2.724999,-1.611923,84.409767,-81.607788,-77.862823
0,74558.00,-6.212073,-2.543969,17.637785,-1.931093,-2.514606,-1.572241,84.409767,-81.607788,-77.862823
0,74582.00,-7.479867,-1.307301,17.197229,-1.738810,-2.132969,-1.559724,84.409767,-81.607788,-77.862823
0,74606.00,-8.486680,-0.114928,16.474144,-1.528150,-1.658386,-1.602335,-45.882488,-29.070585,-102.237274
0,74630.00,-9.367791,1.767011,14.634107,-1.028534,-0.801368,-1.426298,-45.882488,-29.070585,-102.237274
0,74654.00,-10.161510,2.943821,14.154044,-0.713211,-0.570735,-1.093664,-45.882488,-29.070585,-102.237274
0,74678.00,-10.661923,3.824932,13.640462,-0.386170,-0.396029,-0.690189,-45.882488,-29.070585,-102.237274
0,74702.00,-11.788453,4.431893,13.875106,-0.035959,-0.333976,-0.206551,-45.882488,-29.070585,-102.237274
0,74726.00,-13.477648,4.834139,15.748664,0.315850,-0.203479,0.329818,-82.833656,66.021751,-89.880783
0,74750.00,-12.043448,3.249097,17.737150,1.227731,0.859937,1.292565,-82.833656,66.021751,-89.880783
0,74774.00,-10.172284,1.844826,17.820951,1.581936,1.487920,1.559950,-82.833656,66.021751,-89.880783
0,74798.00,-8.139503,0.764986,17.943062,1.796590,2.104717,1.590044,-82.833656,66.021751,-89.880783
0,74822.00,-6.468266,-0.652453,17.617434,2.034681,2.568913,1.560483,-82.833656,66.021751,-89.880783
0,74846.00,-4.992165,-2.352423,17.216385,2.196870,2.858670,1.512545,-82.833656,66.021751,-89.880783
0,74870.00,-2.810936,-5.333356,16.508862,2.323638,3.083710,1.664881,17.687525,38.352158,-33.007069
0,74894.00,-1.562296,-5.967852,15.857606,2.288750,3.058676,1.778067,17.687525,38.352158,-33.007069
0,74918.00,-0.615341,-7.101564,15.152477,2.251732,2.985438,1.814819,17.687525,38.352158,-33.007069
0,74942.00,0.919420,-7.769580,13.646448,2.092206,2.974785,1.766615,17.687525,38.352158,-33.007069
0,74966.00,3.184451,-7.833030,10.948045,1.830679,2.960138,1.645173,17.687525,38.352158,-33.007069
0,74990.00,6.443125,-7.030931,5.915177,1.143041,2.381424,1.094156,5.078596,9.631821,-26.236387
0,75014.00,6.437140,-7.208111,4.618650,0.836506,1.824549,0.811058,5.078596,9.631821,-26.236387
0,75038.00,6.580799,-7.257195,3.627400,0.500144,1.276462,0.624634,5.078596,9.631821,-26.236387
0,75062.00,6.603545,-6.622699,3.391560,0.143009,0.691356,0.485349,5.078596,9.631821,-26.236387
0,75086.00,6.300663,-6.335381,3.727962,-0.153938,0.067901,0.313838,5.078596,9.631821,-26.236387
0,75110.00,4.883223,-5.790672,5.493776,-0.731054,-0.920679,-0.181783,42.730259,13.659673,-137.444809
0,75134.00,4.030844,-5.469832,6.687346,-0.989385,-1.283141,-0.447038,42.730259,13.659673,-137.444809
0,75158.00,3.565148,-5.334553,7.491839,-1.224545,-1.570234,-0.706434,42.730259,13.659673,-137.444809
0,75182.00,3.031214,-5.024488,8.766816,-1.455978,-1.866116,-0.953579,42.730259,13.659673,-137.444809
0,75206.00,2.547560,-5.267512,9.890951,-1.636010,-2.160134,-1.183414,42.730259,13.659673,-137.444809
0,75230.00,0.681185,-5.559619,13.232230,-1.977965,-2.722602,-1.510987,-47.108356,-21.190004,88.526649
0,75254.00,-0.465696,-5.467438,14.947762,-2.122843,-2.885856,-1.585291,-47.108356,-21.190004,88.526649
0,75278.00,-1.707153,-4.792239,16.249079,-2.220050,-2.935392,-1.641218,-47.108356,-21.190004,88.526649
0,75302.00,-3.030017,-4.200841,17.175680,-2.246416,-2.876535,-1.749078,-47.108356,-21.190004,88.526649
0,75326.00,-4.722804,-3.326913,18.216015,-2.210463,-2.762284,-1.829773,-47.108356,-21.190004,88.526649
0,75350.00,-8.296331,-0.718297,18.163340,-1.755854,-2.216860,-1.768785,-31.872568,63.044643,-140.491623
0,75374.00,-9.445607,0.361543,17.315748,-1.482876,-1.689013,-1.782634,-31.872568,63.044643,-140.491623
0,75398.00,-9.761658,1.161247,15.827677,-1.242921,-1.093255,-1.800477,-31.872568,63.044643,-140.491623
0,75422.00,-9.509057,2.381155,14.441363,-0.994977,-0.684986,-1.652137,-31.872568,63.044643,-140.491623
0,75446.00,-10.695444,3.182056,13.985245,-0.650093,-0.532917,-1.249727,-31.872568,63.044643,-140.491623
0,75470.00,-11.443670,4.832942,13.556661,0.074831,-0.209871,-0.240640,-37.301414,-26.443726,-8.294084
0,75494.00,-12.098517,4.764704,14.209114,0.410660,0.019164,0.143393,-37.301414,-26.443726,-8.294084
0,75518.00,-12.257740,4.358866,15.242265,0.719592,0.404796,0.490409,-37.301414,-26.443726,-8.294084
0,75542.00,-11.389798,3.540008,15.816902,1.063411,0.880976,0.834494,-37.301414,-26.443726,-8.294084
0,75565.00,-9.944823,1.992077,15.751059,1.402437,1.314812,1.103211,-37.301414,-26.443726,-8.294084
0,75589.00,-7.617541,-0.316051,16.591467,1.823755,2.180086,1.267264,-9.456697,98.769936,-59.581989
0,75613.00,-6.301860,-1.546733,16.490904,1.963573,2.484490,1.322925,-9.456697,98.769936,-59.581989
0,75637.00,-5.103501,-2.715163,16.439426,2.096733,2.687160,1.418268,-9.456697,98.769936,-59.581989
0,75661.00,-3.471769,-3.821341,15.733101,2.155590,2.842957,1.459015,-9.456697,98.769936,-59.581989
0,75685.00,-2.409887,-4.399570,15.405079,2.130556,2.810466,1.458482,-9.456697,98.769936,-59.581989
0,75709.00,-0.302882,-6.243199,14.098975,2.017104,2.787829,1.460080,-9.456697,98.769936,-59.581989
0,75733.00,1.564691,-6.585588,12.021899,1.842664,2.790492,1.403088,3.677604,-47.458607,-138.629684
0,75757.00,3.775848,-6.517349,9.304342,1.565158,2.693818,1.222523,3.677604,-47.458607,-138.629684
0,75781.00,4.756324,-6.180947,7.617541,1.250901,2.349732,0.991357,3.677604,-47.458607,-138.629684
0,75805.00,5.198077,-6.493406,6.221650,0.989108,1.866627,0.802003,3.677604,-47.458607,-138.629684
0,75829.00,5.843347,-5.971443,4.800619,0.417052,0.837833,0.603595,3.677604,-47.458607,-138.629684
0,75853.00,5.887642,-5.499762,4.794633,0.138481,0.328362,0.412377,-28.194965,-84.234650,-83.110107
0,75877.00,5.374060,-5.413566,4.977799,-0.104935,-0.111332,0.166031,-28.194965,-84.234650,-83.110107
0,75901.00,4.983785,-5.680533,5.360891,-0.380311,-0.454885,-0.113339,-28.194965,-84.234650,-83.110107
0,75925.00,4.847308,-5.292653,5.821798,-0.651158,-0.802966,-0.282186,-28.194965,-84.234650,-83.110107
0,75949.00,3.808172,-4.944278,7.663033,-1.101772,-1.554521,-0.586856,-28.194965,-84.234650,-83.110107
0,75973.00,3.073114,-4.879632,8.829068,-1.304708,-1.891416,-0.792189,11.032812,-33.798931,12.356492
0,75997.00,2.039964,-5.237583,10.257283,-1.492996,-2.147084,-1.024687,11.032812,-33.798931,12.356492
0,76021.00,1.310892,-5.216034,11.544231,-1.697530,-2.321257,-1.199126,11.032812,-33.798931,12.356492
0,76045.00,0.594989,-4.952659,12.661183,-1.860784,-2.481049,-1.346402,11.032812,-33.798931,12.356492
0,76069.00,-1.606591,-5.079558,14.650867,-2.054133,-2.710617,-1.568513,11.032812,-33.798931,12.356492
0,76093.00,-2.401507,-4.622242,15.652891,-2.137491,-2.735385,-1.594346,-15.060664,46.933231,42.316753
0,76117.00,-3.773454,-3.563951,16.931459,-2.135627,-2.779062,-1.578100,-15.060664,46.933231,42.316753
0,76141.00,-5.856516,-2.818119,18.087919,-1.997673,-2.711683,-1.588220,-15.060664,46.933231,42.316753
0,76165.00,-7.856973,-2.497280,18.230381,-1.823766,-2.347623,-1.624706,-15.060664,46.933231,42.316753
0,76189.00,-8.481892,-0.314854,16.110207,-1.568897,-1.250916,-1.550136,-15.060664,46.933231,42.316753
0,76213.00,-8.785971,1.130121,14.844807,-1.352379,-0.956366,-1.392741,-15.060664,46.933231,42.316753
0,76237.00,-9.586872,2.393126,14.343196,-1.055698,-0.815483,-1.143199,-36.600918,14.535293,7.955550
0,76261.00,-10.491926,3.699230,14.527559,-0.761415,-0.585382,-0.869955,-36.600918,14.535293,7.955550
0,76285.00,-10.895370,4.963433,14.480869,-0.432509,-0.217328,-0.566083,-36.600918,14.535293,7.955550
0,76309.00,-10.459603,5.208851,13.978062,0.332362,0.492682,-0.048623,-36.600918,14.535293,7.955550
0,76333.00,-10.378196,4.338514,14.581431,0.708939,0.703341,0.252052,-36.600918,14.535293,7.955550
0,76357.00,-10.303972,2.898329,15.207547,1.084184,0.914799,0.633955,-39.928272,12.258680,-56.196648
0,76381.00,-9.669477,1.673632,15.703172,1.395512,1.177125,1.045952,-39.928272,12.258680,-56.196648
0,76405.00,-9.491099,-0.067041,16.788998,1.637597,1.494844,1.403887,-39.928272,12.258680,-56.196648
0,76429.00,-6.601151,-1.890319,16.809349,1.987276,2.208849,1.895780,-39.928272,12.258680,-56.196648
0,76453.00,-5.407580,-2.903117,16.648930,2.147334,2.426698,1.989258,-39.928272,12.258680,-56.196648
0,76477.00,-3.863241,-3.827327,16.098236,2.214713,2.624308,1.972746,63.044643,-1.751240,-70.076546
0,76501.00,-2.767838,-4.328937,15.903098,2.221904,2.685029,1.905368,63.044643,-1.751240,-70.076546
0,76525.00,-1.796940,-5.406383,15.590639,2.260787,2.692486,1.841451,63.044643,-1.751240,-70.076546
0,76549.00,0.811676,-7.050086,13.038290,2.026691,2.725510,1.660353,63.044643,-1.751240,-70.076546
0,76573.00,2.687628,-6.835794,11.141985,1.787003,2.679170,1.540509,63.044643,-1.751240,-70.076546
0,76597.00,4.378021,-6.937553,9.056529,1.555571,2.489284,1.341035,78.280434,-96.843575,-98.682671
0,76621.00,5.281878,-6.693332,7.118324,1.292979,2.136676,1.106141,78.280434,-96.843575,-98.682671
0,76645.00,5.620675,-6.751993,5.688913,1.006419,1.714292,0.836358,78.280434,-96.843575,-98.682671
0,76669.00,6.526927,-6.601151,3.676484,0.295344,0.898554,0.481886,78.280434,-96.843575,-98.682671
0,76693.00,6.870512,-6.286297,3.480150,-0.041285,0.368310,0.347661,78.280434,-96.843575,-98.682671
0,76717.00,6.596362,-5.837361,3.960212,-0.330509,-0.231177,0.169493,78.280434,-96.843575,-98.682671
0,76741.00,5.860107,-5.639830,4.759915,-0.585910,-0.800835,-0.047824,-53.938194,52.887451,-83.617905
0,76765.00,4.835337,-5.239977,6.130666,-0.842110,-1.251449,-0.297366,-53.938194,52.887451,-83.617905
0,76789.00,2.634953,-5.226809,8.860195,-1.332405,-1.792612,-0.921621,-53.938194,52.887451,-83.617905
0,76813.00,1.731096,-5.377651,9.980739,-1.529482,-1.962524,-1.168233,-53.938194,52.887451,-83.617905
0,76837.00,0.964912,-5.365679,11.253322,-1.700726,-2.143622,-1.344271,-53.938194,52.887451,-83.617905
0,76861.00,-0.111336,-5.269907,12.574988,-1.836017,-2.342030,-1.438282,53.587944,11.908432,-111.377693
0,76885.00,-1.236668,-5.123853,13.811656,-1.967046,-2.478652,-1.524303,53.587944,11.908432,-111.377693
0,76909.00,-3.304167,-4.064364,16.028801,-2.122843,-2.526590,-1.739756,53.587944,11.908432,-111.377693
0,76933.00,-4.838928,-3.738736,17.106245,-2.118050,-2.470130,-1.902478,53.587944,11.908432,-111.377693
0,76957.00,-6.514955,-3.487333,17.732361,-2.075172,-2.297022,-2.024186,53.587944,11.908432,-111.377693
0,76981.00,-7.974295,-2.151300,17.599476,-2.005662,-2.004070,-2.030578,-52.011829,165.492187,-57.381519
0,77005.00,-9.250469,-0.373515,16.930264,-1.829625,-1.654924,-1.935502,-52.011829,165.492187,-57.381519
0,77029.00,-10.514672,2.322494,15.096210,-1.254373,-0.975808,-1.449201,-52.011829,165.492187,-57.381519
0,77053.00,-11.046212,3.319730,14.272564,-0.954763,-0.696172,-1.075021,-52.011829,165.492187,-57.381519
0,77077.00,-11.015086,4.893998,13.577013,-0.690307,-0.434379,-0.667818,-52.011829,165.492187,-57.381519
0,77101.00,-10.381787,6.079188,13.026319,-0.333705,-0.271924,-0.279257,-52.011829,165.492187,-57.381519
0,77125.00,-11.622047,6.504180,13.992428,0.054590,-0.192294,0.069889,99.820686,-13.659673,-114.763039
0,77149.00,-11.778875,5.704476,16.014435,0.887373,0.506530,0.554325,99.820686,-13.659673,-114.763039
0,77173.00,-11.094099,4.319360,16.398724,1.271141,1.035975,0.636618,99.820686,-13.659673,-114.763039
0,77197.00,-10.161510,2.341649,16.440624,1.617357,1.518813,0.722906,99.820686,-13.659673,-114.763039
0,77221.00,-8.527384,0.289713,15.953379,1.840533,1.905510,0.871779,99.820686,-13.659673,-114.763039
0,77245.00,-5.952289,-2.197989,16.004856,2.158253,2.376098,1.427323,-67.072495,63.920261,-139.983826
0,77269.00,-4.087111,-2.470942,15.905493,2.197136,2.439482,1.522932,-67.072495,63.920261,-139.983826
0,77293.00,-3.387968,-3.717188,16.029997,2.311920,2.377962,1.510415,-67.072495,63.920261,-139.983826
0,77317.00,-2.438619,-4.929913,15.910281,2.324703,2.432824,1.425192,-67.072495,63.920261,-139.983826
0,77341.00,-1.286949,-6.076794,15.055508,2.263183,2.512187,1.374858,-67.072495,63.920261,-139.983826
0,77365.00,2.945018,-7.145859,10.695444,1.836805,2.653071,1.266732,9.281572,-19.789013,-89.203712
0,77389.00,4.212812,-7.516979,8.663860,1.523346,2.406192,1.119457,9.281572,-19.789013,-89.203712
0,77413.00,5.166951,-7.903663,6.809457,1.185386,1.993129,1.038495,9.281572,-19.789013,-89.203712
0,77437.00,5.982218,-7.628315,5.490184,0.807477,1.519612,1.067258,9.281572,-19.789013,-89.203712
0,77461.00,6.711289,-6.851357,4.423513,0.446614,0.983776,1.059002,9.281572,-19.789013,-89.203712
0,77485.00,6.009752,-5.846939,4.571961,-0.127306,-0.081238,0.595605,102.097298,6.479588,-4.231675
0,77509.00,5.359694,-5.779897,5.008925,-0.400551,-0.443167,0.221958,102.097298,6.479588,-4.231675
0,77533.00,4.630622,-5.682927,5.724828,-0.654887,-0.761953,-0.115203,102.097298,6.479588,-4.231675
0,77557.00,3.923099,-5.631449,6.283903,-0.889248,-1.041056,-0.400965,102.097298,6.479588,-4.231675
0,77581.00,3.340081,-5.427932,7.024946,-1.131067,-1.323622,-0.645447,102.097298,6.479588,-4.231675
0,77605.00,1.522790,-5.432721,9.473142,-1.569430,-1.889552,-0.990864,-42.555134,-82.833656,-47.564030
0,77629.00,0.614144,-5.256738,10.813963,-1.763844,-2.102608,-1.084875,-42.555134,-82.833656,-47.564030
0,77653.00,-0.260981,-4.977799,12.049434,-1.935887,-2.262667,-1.166369,-42.555134,-82.833656,-47.564030
0,77677.00,-1.343216,-4.496540,13.476451,-2.086890,-2.405148,-1.248129,-42.555134,-82.833656,-47.564030
0,77701.00,-2.661291,-3.988943,15.081845,-2.177439,-2.500757,-1.307253,-42.555134,-82.833656,-47.564030
0,77725.00,-5.551239,-2.217144,16.911108,-2.175841,-2.335106,-1.298198,-49.735218,25.568104,-68.722404
0,77749.00,-6.647840,-0.689565,17.040401,-2.084227,-2.109267,-1.251059,-49.735218,25.568104,-68.722404
0,77773.00,-7.527754,0.536328,16.653719,-1.915380,-1.812852,-1.228422,-49.735218,25.568104,-68.722404
0,77797.00,-8.244854,1.891516,16.107813,-1.726293,-1.486876,-1.190604,-49.735218,25.568104,-68.722404
0,77821.00,-9.250469,3.446629,15.974928,-1.510307,-1.181141,-1.126421,-49.735218,25.568104,-68.722404
0,77845.00,-11.100084,5.806235,15.397896,-0.793906,-0.601095,-0.686460,-13.659673,41.329266,44.686493
0,77869.00,-11.316771,6.986637,14.749034,-0.462870,-0.235704,-0.414281,-13.659673,41.329266,44.686493
0,77893.00,-12.076969,7.877325,15.491275,-0.091353,0.009311,-0.090968,-13.659673,41.329266,44.686493
0,77917.00,-12.140418,7.950352,16.179642,0.362190,0.299333,0.278684,-13.659673,41.329266,44.686493
0,77941.00,-11.683103,6.775936,16.336472,0.849290,0.682568,0.587083,-13.659673,41.329266,44.686493
0,77965.00,-10.102849,3.568739,16.417877,1.535064,1.540119,0.841951,-23.641741,82.483406,-56.365917
0,77989.00,-8.906884,1.569479,16.244289,1.808841,1.913500,0.925576,-23.641741,82.483406,-56.365917
0,78013.00,-7.666625,-0.137674,16.228725,2.001923,2.202457,1.019054,-23.641741,82.483406,-56.365917
0,78037.00,-6.401225,-1.662858,16.013237,2.169172,2.378495,1.163932,-23.641741,82.483406,-56.365917
0,78061.00,-5.004137,-2.719952,15.614582,2.237617,2.479430,1.245426,-23.641741,82.483406,-56.365917
0,78085.00,-3.050368,-5.206457,14.836427,2.258390,2.501801,1.319463,-23.641741,82.483406,-56.365917
0,78109.00,-1.699970,-6.008555,14.096581,2.150264,2.521242,1.344497,-57.440674,38.527283,-128.304398
0,78133.00,-0.296896,-6.682558,13.035895,2.003788,2.495409,1.352221,-57.440674,38.527283,-128.304398
0,78157.00,1.485678,-7.032129,11.151563,1.792596,2.467978,1.303218,-57.440674,38.527283,-128.304398
0,78181.00,2.970159,-6.938750,9.098430,1.512959,2.343074,1.177781,-57.440674,38.527283,-128.304398
0,78205.00,4.674917,-6.816639,5.668561,0.868198,1.704971,0.855800,-57.440674,38.527283,-128.304398
0,78229.00,5.150190,-6.332986,4.672523,0.552875,1.237579,0.794014,-23.116369,8.405952,-53.149841
0,78253.00,5.101107,-6.064822,4.281051,0.286555,0.701477,0.711188,-23.116369,8.405952,-53.149841
0,78277.00,4.786253,-5.727222,4.360064,0.011180,0.209850,0.551929,-23.116369,8.405952,-53.149841
0,78301.00,4.325346,-5.551239,4.865266,-0.265793,-0.152079,0.300522,-23.116369,8.405952,-53.149841
0,78325.00,4.107462,-5.168148,5.409975,-0.793639,-0.744375,-0.321868,-23.116369,8.405952,-53.149841
0,78349.00,3.410714,-5.251949,6.344958,-1.025338,-1.127078,-0.598308,38.527283,-51.836704,-92.081253
0,78373.00,2.642136,-5.736800,7.266772,-1.232002,-1.482082,-0.807370,38.527283,-51.836704,-92.081253
0,78397.00,1.982500,-5.520113,8.637523,-1.496725,-1.795807,-0.951449,38.527283,-51.836704,-92.081253
0,78421.00,1.279766,-5.485395,9.928063,-1.705253,-2.090358,-1.052650,38.527283,-51.836704,-92.081253
0,78445.00,-0.997236,-5.620675,12.982023,-2.080498,-2.502089,-1.306187,38.527283,-51.836704,-92.081253
0,78469.00,-1.608986,-5.007728,14.085806,-2.254139,-2.545499,-1.333086,38.527283,-51.836704,-92.081253
0,78493.00,-2.511646,-4.126617,15.387121,-2.346020,-2.598496,-1.340809,18.563145,29.070585,-72.107750
0,78517.00,-3.701624,-3.282618,16.707590,-2.346818,-2.617405,-1.365843,18.563145,29.070585,-72.107750
0,78541.00,-5.075966,-2.324888,17.491732,-2.262928,-2.524726,-1.389013,18.563145,29.070585,-72.107750
0,78565.00,-7.087198,0.099364,17.575533,-1.950800,-1.925505,-1.472904,18.563145,29.070585,-72.107750
0,78589.00,-7.641484,1.167233,16.501678,-1.737212,-1.535613,-1.496340,18.563145,29.070585,-72.107750
0,78613.00,-7.757609,2.508054,15.454163,-1.496192,-1.202446,-1.468110,-46.582985,36.075546,-84.294975
0,78637.00,-8.067674,3.830918,14.762203,-1.197647,-0.985395,-1.375164,-46.582985,36.075546,-84.294975
0,78661.00,-9.032586,4.634213,14.881919,-0.864481,-0.823206,-1.269701,-46.582985,36.075546,-84.294975
0,78685.00,-10.623614,5.781095,14.743049,-0.125442,-0.235171,-0.893391,-46.582985,36.075546,-84.294975
0,78709.00,-11.442473,5.502156,15.059099,0.243944,0.085744,-0.694716,-46.582985,36.075546,-84.294975
0,78733.00,-11.923732,4.264290,15.338037,0.647952,0.398937,-0.349033,-18.738268,69.874481,-173.160156
0,78757.00,-11.495148,3.423883,15.334446,0.996565,0.735832,0.131143,-18.738268,69.874481,-173.160156
0,78781.00,-10.590094,2.712769,15.474514,1.257026,1.109746,0.546070,-18.738268,69.874481,-173.160156
0,78805.00,-8.769211,0.504005,16.085066,1.729478,1.783535,1.023049,-18.738268,69.874481,-173.160156
0,78829.00,-7.671413,-0.544709,16.194008,1.892732,2.078085,1.156475,-18.738268,69.874481,-173.160156
0,78853.00,-6.997411,-1.849615,16.518438,2.068503,2.334285,1.302685,76.704315,67.247620,-80.571098
0,78877.00,-5.339342,-2.764247,16.136545,2.115908,2.630167,1.331980,76.704315,67.247620,-80.571098
0,78901.00,-4.340909,-3.583105,15.980913,2.158253,2.701807,1.364471,76.704315,67.247620,-80.571098
0,78925.00,-2.390732,-5.554831,15.298532,2.142540,2.767322,1.464341,76.704315,67.247620,-80.571098
0,78949.00,-1.266597,-6.462280,14.470096,2.073297,2.735363,1.505887,76.704315,67.247620,-80.571098
0,78973.00,0.525554,-6.643051,12.665973,1.928419,2.728972,1.525329,76.704315,67.247620,-80.571098
0,78997.00,2.746289,-7.030931,9.878980,1.726548,2.670382,1.450226,98.769936,-40.979015,-43.670891
0,79021.00,4.618650,-6.991425,7.369729,1.384327,2.458923,1.252084,98.769936,-40.979015,-43.670891
0,79045.00,6.147426,-6.589179,4.205629,0.664996,1.467147,0.965257,98.769936,-40.979015,-43.670891
0,79069.00,6.310240,-6.110314,3.617823,0.357929,0.832772,0.943685,98.769936,-40.979015,-43.670891
0,79093.00,5.886445,-5.396806,3.735145,0.070303,0.187212,0.823042,98.769936,-40.979015,-43.670891
0,79117.00,5.138219,-5.535676,4.308586,-0.180038,-0.353151,0.569772,25.217857,-2.101488,-1.692670
0,79141.00,4.447456,-5.405186,5.098712,-0.487371,-0.687649,0.237671,25.217857,-2.101488,-1.692670
0,79165.00,3.192831,-4.984982,6.475449,-1.043448,-1.253846,-0.331455,25.217857,-2.101488,-1.692670
0,79189.00,2.400310,-5.061600,7.392475,-1.262629,-1.557451,-0.532793,25.217857,-2.101488,-1.692670
0,79213.00,1.606591,-4.963433,8.521398,-1.493529,-1.829630,-0.673677,25.217857,-2.101488,-1.692670
0,79237.00,0.912237,-4.739564,9.827501,-1.710580,-2.048545,-0.798847,60.768028,-46.407860,-54.334713
0,79261.00,0.129293,-4.297811,11.244942,-1.894341,-2.207272,-0.942927,60.768028,-46.407860,-54.334713
0,79285.00,-1.641309,-4.041618,13.693137,-2.206468,-2.376385,-1.261712,60.768028,-46.407860,-54.334713
0,79309.00,-2.570307,-3.761482,14.846004,-2.257601,-2.417399,-1.325362,60.768028,-46.407860,-54.334713
0,79333.00,-3.666907,-3.252689,15.685215,-2.286364,-2.395827,-1.346668,60.768028,-46.407860,-54.334713
0,79357.00,-4.676114,-2.493688,16.590269,-2.282902,-2.316463,-1.298198,28.895460,28.895460,-90.896385
0,79381.00,-5.377651,-0.583018,17.301384,-2.248546,-2.171319,-1.196996,28.895460,28.895460,-90.896385
0,79405.00,-8.025773,1.905882,17.474972,-1.799264,-1.525493,-1.469708,28.895460,28.895460,-90.896385
0,79429.00,-8.781182,2.382352,16.120981,-1.507910,-1.008299,-1.621777,28.895460,28.895460,-90.896385
0,79453.00,-8.984699,3.672893,14.766992,-1.276212,-0.571534,-1.579698,28.895460,28.895460,-90.896385
0,79477.00,-9.269624,4.721606,13.915810,-0.953165,-0.398159,-1.341608,28.895460,28.895460,-90.896385
0,79501.00,-9.919683,5.024488,13.482437,-0.556614,-0.361940,-0.959438,-81.958031,32.923313,-50.441570
0,79525.00,-10.600868,6.348549,14.276155,0.196273,-0.173119,-0.058477,-81.958031,32.923313,-50.441570
0,79549.00,-11.036635,5.481804,14.978889,0.629309,0.046862,0.211039,-81.958031,32.923313,-50.441570
0,79573.00,-11.128817,4.285840,15.959365,0.980319,0.417579,0.411578,-81.958031,32.923313,-50.441570
0,79597.00,-10.626009,2.956990,16.627380,1.310290,0.883107,0.651532,-81.958031,32.923313,-50.441570
0,79621.00,-9.464762,1.677224,16.401117,1.573414,1.384055,0.846212,49.384968,27.319345,-110.362091
0,79645.00,-7.591203,-0.790127,16.288584,1.907380,2.009375,1.192695,49.384968,27.319345,-110.362091
0,79669.00,-6.208481,-1.763419,16.047955,2.021631,2.295669,1.300022,49.384968,27.319345,-110.362091
0,79693.00,-4.840126,-2.624179,15.584653,2.107919,2.449069,1.323192,49.384968,27.319345,-110.362091
0,79717.00,-4.000915,-3.717188,15.399093,2.182222,2.507660,1.300555,49.384968,27.319345,-110.362091
0,79741.00,-2.275805,-5.333356,14.484461,2.144937,2.604867,1.192695,0.875620,-11.032812,-54.673244
0,79765.00,-1.617366,-6.201298,13.741024,2.062112,2.628036,1.159938,0.875620,-11.032812,-54.673244
0,79789.00,-0.138871,-7.180577,11.879437,1.925489,2.695682,1.181776,0.875620,-11.032812,-54.673244
0,79813.00,2.226721,-7.531345,9.446804,1.642125,2.710596,1.204413,0.875620,-11.032812,-54.673244
0,79837.00,4.521680,-7.205717,6.769950,1.281261,2.489816,1.168726,0.875620,-11.032812,-54.673244
0,79861.00,6.403619,-6.516152,3.913522,0.574980,1.345705,1.048616,92.465477,47.633728,-84.633507
0,79885.00,6.487420,-6.055244,3.554374,0.263385,0.711597,0.985498,92.465477,47.633728,-41.301151
0,79909.00,6.216862,-5.223217,3.793806,-0.058596,0.135014,0.798807,92.465477,47.633728,-41.301151
0,79933.00,5.657787,-4.829351,4.342106,-0.333438,-0.372593,0.458983,92.465477,47.633728,-41.301151
0,79957.00,4.773084,-4.577947,5.220823,-0.604552,-0.760621,0.042724,92.465477,47.633728,-41.301151
0,79981.00,2.816922,-4.352880,7.103959,-1.046111,-1.375554,-0.586856,102.097298,1.225868,-51.287907
0,80005.00,1.893910,-4.451048,8.061687,-1.248780,-1.621368,-0.802043,102.097298,1.225868,-51.287907
0,80029.00,1.204345,-4.378021,9.068501,-1.473022,-1.822706,-0.981010,102.097298,1.225868,-51.287907
0,80053.00,0.598581,-4.314571,10.071723,-1.678355,-2.022979,-1.131481,102.097298,1.225868,-51.287907
0,80077.00,-0.138871,-4.169715,11.365854,-1.852262,-2.238165,-1.255586,102.097298,1.225868,-51.287907
0,80101.00,-2.047147,-4.045210,13.646448,-2.124175,-2.525791,-1.371702,-50.961086,-75.128197,-75.323822
0,80125.00,-3.265857,-3.390362,14.931003,-2.234964,-2.568402,-1.386616,-50.961086,-75.128197,-75.323822
0,80149.00,-4.646185,-2.486505,16.117390,-2.238160,-2.558282,-1.358919,-50.961086,-75.128197,-75.323822
0,80173.00,-5.978626,-1.680815,16.769844,-2.138556,-2.436041,-1.280088,-50.961086,-75.128197,-75.323822
0,80197.00,-7.052481,-0.008380,17.249905,-2.017380,-2.196886,-1.186610,-50.961086,-75.128197,-75.323822
0,80221.00,-9.203780,1.859192,16.500483,-1.526819,-1.481816,-1.118698,-4.728348,103.148041,46.886963
0,80245.00,-9.591660,2.959384,15.599019,-1.284201,-1.023745,-1.049455,-4.728348,103.148041,46.886963
0,80269.00,-9.799967,3.915916,14.620937,-1.005364,-0.664213,-0.890461,-4.728348,103.148041,46.886963
0,80293.00,-9.711377,5.226809,14.073834,-0.714809,-0.431716,-0.621212,-4.728348,103.148041,46.886963
0,80317.00,-10.987552,5.562014,13.687152,-0.362733,-0.294827,-0.322401,-4.728348,103.148041,46.886963
0,80341.00,-11.358671,5.340539,15.031564,0.273239,0.114507,0.460048,-4.728348,103.148041,46.886963
0,80365.00,-10.287211,5.341736,15.514020,0.646620,0.399736,0.848876,39.052654,-7.530332,-1.184869
0,80389.00,-9.464762,4.368443,15.882747,1.097500,0.636495,1.106407,39.052654,-7.530332,-1.184869
0,80413.00,-8.608790,3.073114,16.399920,1.417351,1.014137,1.110668,39.052654,-7.530332,-1.184869
0,80437.00,-7.564866,1.642506,16.628578,1.673817,1.466348,1.031305,39.052654,-7.530332,-1.184869
0,80461.00,-5.170542,-1.637717,16.358019,2.052524,2.117234,0.992955,39.052654,-7.530332,-1.184869
0,80485.00,-4.259502,-2.953398,16.164080,2.187815,2.250395,1.100282,-141.675323,-37.301414,-133.890213
0,80509.00,-3.235929,-4.407950,15.851620,2.242677,2.399534,1.148752,-141.675323,-37.301414,-133.890213
0,80533.00,-1.928628,-5.864896,14.660444,2.232557,2.536689,1.177781,-141.675323,-37.301414,-133.890213
0,80557.00,0.087393,-6.423971,12.727028,2.113245,2.642418,1.208141,-141.675323,-37.301414,-133.890213
0,80581.00,4.066759,-7.435572,8.090420,1.691927,2.416312,1.002276,-141.675323,-37.301414,-133.890213
0,80605.00,4.938293,-7.935986,6.204890,1.362489,2.032811,0.848077,40.278522,-29.070585,-111.377693
0,80629.00,5.536873,-8.037745,5.081952,0.975525,1.611759,0.754066,40.278522,-29.070585,-111.377693
0,80653.00,6.379675,-7.805495,3.826129,0.587231,1.159281,0.709057,40.278522,-29.070585,-111.377693
0,80677.00,6.911215,-7.279941,3.107832,0.199735,0.618385,0.607589,40.278522,-29.070585,-111.377693
0,80701.00,5.906796,-6.212073,4.492949,-0.496426,-0.614944,0.125816,40.278522,-29.070585,-111.377693
0,80725.00,4.648580,-6.010950,5.611098,-0.738777,-1.094853,-0.069929,55.339184,32.222816,-96.143661
0,80749.00,3.948240,-5.374060,6.670586,-1.031730,-1.406714,-0.318406,55.339184,32.222816,-96.143661
0,80773.00,3.052763,-5.067586,7.879719,-1.253042,-1.694340,-0.577802,55.339184,32.222816,-96.143661
0,80797.00,2.068696,-5.038854,9.236104,-1.478348,-1.887954,-0.864096,55.339184,32.222816,-96.143661
0,80821.00,0.363937,-4.666537,11.762115,-1.840278,-2.127909,-1.242270,55.339184,32.222816,-96.143661
0,80845.00,-0.845196,-4.407950,13.105330,-1.979297,-2.205674,-1.385018,55.339184,32.222816,-96.143661
0,80869.00,-1.635323,-4.015281,13.911020,-2.065052,-2.235236,-1.444141,-29.771080,-44.481499,-96.482201
0,80893.00,-2.543969,-3.452615,14.931003,-2.132431,-2.260004,-1.473703,-29.771080,-44.481499,-96.482201
0,80917.00,-3.853664,-2.824105,16.021618,-2.135893,-2.272787,-1.428428,-29.771080,-44.481499,-96.482201
0,80941.00,-6.353338,-0.134082,17.120611,-1.846936,-1.967584,-1.269435,-29.771080,-44.481499,-96.482201
0,80965.00,-7.613949,0.596187,16.578297,-1.584610,-1.494599,-1.399133,-29.771080,-44.481499,-96.482201
0,80989.00,-8.010210,1.852009,15.579865,-1.335068,-1.027207,-1.507792,-49.209846,112.604736,-53.657642
0,81013.00,-8.969136,2.636150,14.749034,-1.085526,-0.614678,-1.608194,-49.209846,112.604736,-53.657642
0,81037.00,-9.598844,3.130578,13.788910,-0.803227,-0.288169,-1.503264,-49.209846,112.604736,-53.657642
0,81061.00,-10.701429,4.394781,13.214272,-0.217323,-0.106006,-0.694716,-49.209846,112.604736,-53.657642
0,81085.00,-11.582541,4.836534,13.895457,0.105724,-0.060732,-0.129052,-49.209846,112.604736,-53.657642
0,81109.00,-12.088941,4.563581,14.753822,0.453538,0.110512,0.421165,-80.381920,38.352158,-12.356492
0,81133.00,-11.226984,4.425907,15.267406,0.781112,0.419976,0.925309,-80.381920,38.352158,-12.356492
0,81157.00,-10.059752,3.832115,15.935421,1.133453,0.680437,1.324257,-80.381920,38.352158,-12.356492
0,81181.00,-8.319077,1.674829,17.446239,1.768094,1.381925,1.567141,-80.381920,38.352158,-12.356492
0,81205.00,-6.996214,0.359149,17.628208,2.005385,1.817092,1.474462,-80.381920,38.352158,-12.356492
0,81229.00,-5.703279,-1.217514,17.587505,2.204593,2.181950,1.358879,-80.381920,38.352158,-12.356492
0,81253.00,-4.460625,-2.638545,17.272652,2.344411,2.442678,1.276586,84.409767,5.603968,13.202827
0,81277.00,-3.277829,-3.761482,16.717169,2.420312,2.619248,1.227849,84.409767,5.603968,13.202827
0,81301.00,-0.970898,-6.049259,14.655656,2.384093,2.805672,1.139431,84.409767,5.603968,13.202827
0,81325.00,0.689565,-6.523335,12.524707,2.235220,2.861866,1.110935,84.409767,5.603968,13.202827
0,81349.00,2.438619,-7.017763,10.177073,1.992336,2.797949,1.022250,84.409767,5.603968,13.202827
0,81373.00,3.870424,-6.997411,8.010210,1.662898,2.552668,0.942354,21.014881,32.573067,-35.546074
0,81397.00,4.866463,-6.898046,6.168975,1.329998,2.121229,0.900275,21.014881,32.573067,-35.546074
0,81421.00,5.304624,-6.496997,4.181686,0.684970,0.968329,0.857930,21.014881,32.573067,-35.546074
0,81445.00,5.390820,-6.258762,3.949437,0.354200,0.452467,0.773507,21.014881,32.573067,-35.546074
0,81469.00,5.502156,-5.660181,3.937465,0.011979,0.017034,0.571370,21.014881,32.573067,-35.546074
0,81493.00,4.724000,-5.692504,4.755127,-0.287897,-0.376587,0.270961,-17.337276,57.265549,2.877539
0,81517.00,4.316966,-5.874473,5.247160,-0.549424,-0.670338,-0.024921,-17.337276,57.265549,2.877539
0,81541.00,3.743525,-5.819404,6.420379,-1.087923,-1.250117,-0.551170,-17.337276,57.265549,2.877539
0,81565.00,3.252689,-5.896022,7.263181,-1.342792,-1.553723,-0.795119,-17.337276,57.265549,2.877539
0,81589.00,2.622982,-6.331789,8.371753,-1.599258,-1.851202,-1.002050,-17.337276,57.265549,2.877539
0,81613.00,2.107005,-5.903205,10.039399,-1.880758,-2.132170,-1.140270,12.258680,8.055704,-172.313828
0,81637.00,1.430608,-6.343760,11.163534,-2.082895,-2.422459,-1.227889,12.258680,8.055704,-172.313828
0,81661.00,-1.279766,-5.697293,14.948960,-2.418192,-2.879731,-1.236411,12.258680,8.055704,-172.313828
0,81685.00,-2.358409,-4.980193,16.367598,-2.547358,-2.856028,-1.268103,12.258680,8.055704,-172.313828
0,81709.00,-3.203605,-4.166123,17.345678,-2.608079,-2.735119,-1.310182,12.258680,8.055704,-172.313828
0,81733.00,-4.389993,-3.036002,18.449461,-2.605948,-2.621134,-1.311514,12.258680,8.055704,-172.313828
0,81757.00,-5.753560,-1.081037,19.310221,-2.493028,-2.465337,-1.212709,-41.329266,22.415873,-23.697382
0,81781.00,-7.617541,1.043925,17.412720,-1.927631,-1.666110,-1.199393,-41.329266,22.415873,-23.697382
0,81805.00,-7.916831,2.008838,16.203587,-1.710313,-1.185934,-1.276626,-41.329266,22.415873,-23.697382
0,81829.00,-8.192179,3.249097,15.549935,-1.494594,-0.830397,-1.244135,-41.329266,22.415873,-23.697382
0,81853.00,-8.339430,4.720409,14.770583,-1.153438,-0.644772,-1.026018,-41.329266,22.415873,-23.697382
0,81877.00,-9.679053,4.704846,14.755020,-0.729456,-0.541972,-0.725609,-79.856544,30.821825,-123.226387
0,81901.00,-10.117215,5.801446,15.171632,0.014110,-0.027175,-0.063537,-79.856544,30.821825,-123.226387
0,81925.00,-9.946021,5.969049,15.688807,0.426906,0.257521,0.209441,-79.856544,30.821825,-123.226387
0,81949.00,-10.120807,4.698860,16.329288,0.913207,0.541685,0.441672,-79.856544,30.821825,-123.226387
0,81973.00,-9.681448,3.128184,16.906321,1.310822,0.932376,0.660587,-79.856544,30.821825,-123.226387
0,81997.00,-8.642311,1.543142,17.164907,1.628276,1.377131,0.891753,3.677604,62.169022,19.465706
0,82021.00,-6.228833,-1.369553,17.163710,2.171037,2.008310,1.310675,3.677604,62.169022,19.465706
0,82045.00,-5.269907,-2.498477,17.065542,2.320442,2.234149,1.434514,3.677604,62.169022,19.465706
0,82069.00,-4.261896,-3.444235,16.796181,2.431498,2.384620,1.542107,3.677604,62.169022,19.465706
0,82093.00,-3.135367,-4.322951,16.530411,2.503937,2.475968,1.599632,3.677604,62.169022,19.465706
0,82117.00,-2.194398,-5.089135,16.154503,2.529770,2.524172,1.625731,-2.276612,29.595957,-25.897854
0,82141.00,-0.739846,-6.184538,14.556291,2.419780,2.522307,1.504289,-2.276612,29.595957,-25.897854
0,82165.00,-0.057464,-6.692135,13.374692,2.287152,2.522307,1.408414,-2.276612,29.595957,-25.897854
0,82189.00,1.288146,-7.040509,11.259307,2.099396,2.526302,1.317333,-2.276612,29.595957,-25.897854
0,82213.00,2.627770,-7.039312,9.097233,1.823223,2.418975,1.191896,-2.276612,29.595957,-25.897854
0,82237.00,3.759088,-6.842977,7.241632,1.499910,2.166770,1.050480,-2.276612,29.595957,-25.897854
0,82261.00,4.593510,-6.365310,4.755127,0.880715,1.339580,0.806264,127.140030,43.080505,-109.685028
0,82285.00,4.994559,-5.918768,4.112251,0.558202,0.906543,0.677365,127.140030,43.080505,-109.685028
0,82309.00,5.013714,-5.643421,3.860847,0.266049,0.474572,0.489343,127.140030,43.080505,-109.685028
0,82333.00,4.889209,-5.466241,3.926691,-0.043682,0.086543,0.220893,127.140030,43.080505,-109.685028
0,82357.00,4.362458,-5.335751,4.633017,-0.638907,-0.622934,-0.358354,65.496376,12.258680,-109.685028
0,82381.00,3.775848,-5.248358,5.462649,-0.924136,-1.006967,-0.582862,65.496376,12.258680,-57.212250
0,82405.00,3.197619,-5.217231,6.411999,-1.190190,-1.390468,-0.761829,65.496376,12.258680,-57.212250
0,82429.00,2.514040,-5.121459,7.690568,-1.446124,-1.761985,-0.915229,65.496376,12.258680,-57.212250
0,82453.00,1.636520,-5.035263,9.261244,-1.672762,-2.082901,-1.073157,65.496376,12.258680,-57.212250
0,82477.00,-0.135279,-5.265118,12.063800,-2.161460,-2.386239,-1.375963,-23.991989,-78.280434,-30.975864
0,82501.00,-0.861957,-5.286667,13.335186,-2.340427,-2.495697,-1.507525,-23.991989,-78.280434,-30.975864
0,82525.00,-1.863981,-5.071177,14.812484,-2.505812,-2.624063,-1.589285,-23.991989,-78.280434,-30.975864
0,82549.00,-3.386771,-4.427104,16.421469,-2.584376,-2.728727,-1.566116,-23.991989,-78.280434,-30.975864
0,82573.00,-4.914350,-3.522050,17.751516,-2.585708,-2.704492,-1.492611,-23.991989,-78.280434,-30.975864
0,82597.00,-7.555288,-0.334008,18.466221,-2.337764,-2.154541,-1.390344,-23.991989,-78.280434,-30.975864
0,82621.00,-8.586045,0.612947,17.666517,-2.065851,-1.718308,-1.412183,-8.931324,-13.484549,51.964973
0,82645.00,-8.935616,1.886727,16.664494,-1.822701,-1.258906,-1.366908,-8.931324,-13.484549,51.964973
0,82669.00,-9.189414,3.024031,15.628948,-1.517231,-0.914554,-1.226557,-8.931324,-13.484549,51.964973
0,82693.00,-9.368989,3.829721,14.822061,-1.195250,-0.686584,-0.991663,-8.931324,-13.484549,51.964973
0,82717.00,-10.282423,5.450678,14.998044,-0.475653,-0.462342,-0.258217,-8.931324,-13.484549,51.964973
0,82741.00,-10.648755,5.984612,15.685215,-0.053269,-0.238900,0.097320,-102.622665,62.694393,-11.510157
0,82765.00,-10.810371,5.401594,16.360415,0.417052,0.097995,0.384147,-102.622665,62.694393,-11.510157
0,82789.00,-10.319535,4.479780,16.878784,0.827718,0.543815,0.621438,-102.622665,62.694393,-11.510157
0,82813.00,-9.310328,3.359236,16.941038,1.245041,0.984042,0.886693,-102.622665,62.694393,-11.510157
0,82837.00,-6.431153,0.209503,16.359217,1.880215,1.646913,1.312273,-102.622665,62.694393,-11.510157
0,82861.00,-5.815812,-0.902660,16.804562,2.091673,1.792590,1.498963,-7.180084,94.742088,-56.027382
0,82885.00,-4.916744,-2.578687,16.664494,2.307126,1.995526,1.724802,-7.180084,94.742088,-56.027382
0,82909.00,-3.053960,-2.652911,16.161686,2.348672,2.180619,1.829466,-7.180084,94.742088,-56.027382
0,82933.00,-2.170455,-3.125790,15.828874,2.471446,2.144665,1.788986,-7.180084,94.742088,-56.027382
0,82957.00,-1.450960,-5.620675,15.121351,2.548146,2.241606,1.390304,-7.180084,94.742088,-56.027382
0,82981.00,-0.518371,-6.656220,13.843980,2.449608,2.406991,1.228648,32.222816,161.464325,-70.415077
0,83005.00,1.286949,-6.977059,11.720215,2.252264,2.595812,1.070454,32.222816,161.464325,-70.415077
0,83029.00,3.299378,-7.652258,8.833858,2.002722,2.634961,0.827570,32.222816,161.464325,-70.415077
0,83053.00,4.755127,-8.210136,6.244396,1.627743,2.432025,0.585751,32.222816,161.464325,-70.415077
0,83077.00,6.222847,-7.891691,3.071917,0.779247,1.394175,0.446732,32.222816,161.464325,-70.415077
0,83101.00,6.396436,-7.430784,2.511646,0.397078,0.706537,0.493072,32.222816,161.464325,-70.415077
0,83125.00,6.115103,-6.781922,2.808542,0.021833,0.028486,0.440607,-45.707367,55.164062,-130.843399
0,83149.00,5.521310,-6.268340,3.568739,-0.324117,-0.565142,0.243263,-45.707367,55.164062,-130.843399
0,83173.00,4.600693,-5.982218,4.756324,-0.645299,-1.050377,-0.039036,-45.707367,55.164062,-130.843399
0,83197.00,2.609813,-5.611098,7.453530,-1.201109,-1.747604,-0.529598,-45.707367,55.164062,-130.843399
0,83221.00,1.670041,-5.372862,8.782379,-1.455445,-1.943349,-0.711228,-45.707367,55.164062,-130.843399
0,83245.00,0.871534,-5.053220,10.143553,-1.697530,-2.046149,-0.927214,-7.355208,-0.350248,-31.145130
0,83269.00,0.228658,-4.940687,11.243744,-1.889547,-2.108734,-1.147194,-7.355208,-0.350248,-31.145130
0,83293.00,-0.567455,-4.715621,12.416963,-2.066916,-2.161998,-1.351195,-7.355208,-0.350248,-31.145130
0,83317.00,-2.600235,-4.210418,14.629318,-2.254405,-2.237633,-1.569844,-7.355208,-0.350248,-31.145130
0,83341.00,-3.876410,-3.561557,15.421839,-2.288228,-2.211001,-1.566648,-7.355208,-0.350248,-31.145130
0,83365.00,-5.032868,-2.285382,15.919858,-2.264792,-2.123648,-1.502731,-63.394890,-51.486458,-58.904922
0,83389.00,-6.365310,-0.954138,16.493299,-2.145480,-1.988357,-1.434820,-63.394890,-51.486458,-58.904922
0,83413.00,-7.436769,0.305276,16.777027,-1.967312,-1.742543,-1.352527,-63.394890,-51.486458,-58.904922
0,83437.00,-8.787168,3.283815,15.783381,-1.502051,-1.002440,-1.172495,-63.394890,-51.486458,-58.904922
0,83461.00,-9.377369,4.395978,15.267406,-1.204571,-0.733456,-1.029481,-63.394890,-51.486458,-58.904922
0,83485.00,-10.054962,5.675745,15.171632,-0.887917,-0.492170,-0.814826,29.771080,112.429611,26.067120
0,83509.00,-10.572136,6.599953,15.111774,-0.483909,-0.249020,-0.513352,29.771080,112.429611,26.067120
0,83533.00,-11.194660,6.965087,15.573878,-0.047943,-0.005603,-0.208149,29.771080,112.429611,26.067120
0,83557.00,-10.939665,5.241175,16.823715,0.878585,0.633831,0.382016,29.771080,112.429611,26.067120
0,83581.00,-10.500306,3.647752,17.158920,1.308958,1.021327,0.702932,29.771080,112.429611,26.067120
0,83605.00,-8.923644,2.215947,16.975756,1.604307,1.489784,0.927973,29.771080,112.429611,26.067120
0,83629.00,-6.995017,0.580624,16.323301,1.870894,1.827478,1.114397,-18.913393,99.470436,-42.316753
0,83653.00,-5.946303,-0.539920,16.407103,2.080221,1.991265,1.260873,-18.913393,99.470436,-42.316753
0,83677.00,-3.069523,-3.079100,15.739087,2.364651,2.262912,1.402022,-18.913393,99.470436,-42.316753
0,83701.00,-2.673262,-4.600693,15.488880,2.417649,2.277559,1.333845,-18.913393,99.470436,-42.316753
0,83725.00,-1.178007,-6.231227,14.030737,2.377701,2.446939,1.262471,-18.913393,99.470436,-42.316753
0,83749.00,1.170824,-7.056072,11.489162,2.186483,2.592616,1.215332,24.517361,-22.065624,-29.113926
0,83773.00,3.507684,-7.398460,8.841041,1.873823,2.530563,1.090428,24.517361,-22.065624,-29.113926
0,83797.00,5.888839,-7.810284,4.861674,1.197636,1.575007,0.853669,24.517361,-22.065624,-29.113926
0,83821.00,5.963063,-7.633104,4.350486,0.851953,0.891097,0.863257,24.517361,-22.065624,-29.113926
0,83845.00,5.698491,-7.333814,4.248727,0.520651,0.308388,0.811324,24.517361,-22.065624,-29.113926
0,83869.00,5.166951,-7.093184,4.442667,0.175766,-0.118257,0.611052,80.381920,19.789013,-125.765388
0,83893.00,4.473794,-6.740021,5.340539,-0.193620,-0.389371,0.290668,80.381920,19.789013,-125.765388
0,83917.00,3.846481,-6.226439,5.882854,-0.802428,-0.710286,-0.160478,80.381920,19.789013,-125.765388
0,83941.00,3.511276,-5.785883,6.469463,-1.036790,-1.030403,-0.306155,80.381920,19.789013,-125.765388
0,83965.00,2.736712,-5.613492,7.562471,-1.256504,-1.371560,-0.478464,80.381920,19.789013,-125.765388
0,83989.00,1.983697,-5.523705,8.730902,-1.477283,-1.646935,-0.639854,80.381920,19.789013,-125.765388
0,84013.00,1.167233,-5.406383,10.141158,-1.691405,-1.845609,-0.784732,-22.065624,-9.456697,-206.844284
0,84037.00,-0.584215,-4.496540,12.857518,-2.018979,-2.018718,-1.109110,-22.065624,-9.456697,-206.844284
0,84061.00,-1.597014,-4.325346,13.754192,-2.120979,-1.992085,-1.277158,-22.065624,-9.456697,-206.844284
0,84085.00,-2.354817,-3.926691,14.370730,-2.197946,-1.908994,-1.353326,-22.065624,-9.456697,-206.844284
0,84109.00,-3.119804,-2.795373,15.300925,-2.240024,-1.865051,-1.330955,-22.065624,-9.456697,-206.844284
0,84133.00,-4.362458,-1.155261,16.481327,-2.156932,-1.866116,-1.245999,-44.831745,29.420834,-99.529007
0,84157.00,-7.380503,1.046319,16.756674,-1.686611,-1.344395,-1.239341,-44.831745,29.420834,-99.529007
0,84181.00,-7.488247,1.786165,15.014804,-1.486871,-0.812820,-1.318704,-44.831745,29.420834,-99.529007
0,84205.00,-7.714511,2.891146,14.177988,-1.321486,-0.521732,-1.297665,-44.831745,29.420834,-99.529007
0,84229.00,-8.511821,4.415133,14.488052,-1.051171,-0.487377,-1.030280,-44.831745,29.420834,-99.529007
0,84253.00,-9.215752,5.601521,14.465306,-0.635712,-0.503888,-0.645447,18.037773,39.753147,-47.225498
0,84277.00,-12.049434,6.213270,15.547541,0.124100,-0.033034,-0.098159,18.037773,39.753147,-47.225498
0,84301.00,-11.918943,6.324606,16.374781,0.476175,0.418112,0.146589,18.037773,39.753147,-47.225498
0,84325.00,-11.254519,5.194485,16.561537,0.946763,0.802412,0.470967,18.037773,39.753147,-47.225498
0,84349.00,-10.924102,3.753102,16.815336,1.395246,1.094832,0.811058,18.037773,39.753147,-47.225498
0,84373.00,-9.926867,2.438619,17.053570,1.708705,1.485257,1.006271,16.461657,-52.887451,-108.330887
0,84397.00,-6.973468,-0.712311,16.878784,2.172901,2.170499,1.258476,16.461657,-52.887451,-108.330887
0,84421.00,-5.591943,-2.423056,16.724352,2.376369,2.326562,1.422795,16.461657,-52.887451,-108.330887
0,84445.00,-3.929085,-3.723173,16.234713,2.459994,2.433357,1.525861,16.461657,-52.887451,-108.330887
0,84469.00,-2.593053,-5.023291,15.552330,2.485561,2.442411,1.575930,16.461657,-52.887451,-108.330887
0,84493.00,-1.355187,-6.402421,14.459321,2.438689,2.454396,1.573266,16.461657,-52.887451,-108.330887
0,84517.00,2.232707,-7.591203,10.538616,2.024028,2.355058,1.455020,45.006870,4.027852,16.080366
0,84541.00,3.641766,-8.235276,8.553721,1.752914,2.132415,1.318398,45.006870,4.027852,16.080366
0,84565.00,4.817379,-8.510624,6.644248,1.403768,1.818690,1.182308,45.006870,4.027852,16.080366
0,84589.00,5.562014,-8.238868,5.109487,1.012278,1.429862,1.057937,45.006870,4.027852,16.080366
0,84613.00,5.965457,-7.866550,4.029647,0.628244,0.990967,0.908531,45.006870,4.027852,16.080366
0,84637.00,5.305821,-6.711289,3.932677,-0.097745,0.015969,0.505855,-76.003815,-77.755058,-37.238743
0,84661.00,5.013714,-6.552067,4.191264,-0.380577,-0.405350,0.253916,-76.003815,-77.755058,-37.238743
0,84685.00,4.374429,-6.285100,4.923927,-0.682318,-0.729462,-0.006811,-76.003815,-77.755058,-37.238743
0,84709.00,3.795003,-5.861304,5.819404,-0.979264,-1.038926,-0.257152,-76.003815,-77.755058,-37.238743
0,84733.00,2.897132,-5.702082,6.973468,-1.225078,-1.365168,-0.482193,-76.003815,-77.755058,-37.238743
0,84757.00,1.191176,-5.176528,9.706589,-1.694600,-1.853865,-0.855573,48.509350,-96.143082,-65.844872
0,84781.00,0.184363,-4.131405,11.636414,-1.903928,-1.985960,-1.051319,48.509350,-96.143082,-65.844872
0,84805.00,-0.764986,-4.550412,12.569002,-2.036023,-2.021647,-1.273430,48.509350,-96.143082,-65.844872
0,84829.00,-1.556310,-3.729159,13.670391,-2.195016,-2.017919,-1.419107,48.509350,-96.143082,-65.844872
0,84853.00,-3.719582,-2.741501,15.401487,-2.252541,-2.032300,-1.545875,-37.126289,-95.617706,-65.844872
0,84877.00,-5.060403,-2.039964,16.080278,-2.173178,-1.981699,-1.491280,-37.126289,83.709274,-8.801885
0,84901.00,-6.020527,-0.970898,16.389145,-2.086890,-1.820842,-1.387415,-37.126289,83.709274,-8.801885
0,84925.00,-7.107550,0.633299,16.796181,-1.988352,-1.574495,-1.317639,-37.126289,83.709274,-8.801885
0,84949.00,-7.047692,1.296526,15.365572,-1.714308,-1.294327,-1.202056,-37.126289,83.709274,-8.801885
0,84973.00,-8.824280,4.387598,15.217124,-1.180869,-1.122816,-0.709630,-37.126289,83.709274,-8.801885
0,84997.00,-9.287581,5.557225,14.905862,-0.853561,-0.893781,-0.429195,-62.519268,18.738268,-90.896385
0,85021.00,-9.677856,6.395238,14.879524,-0.548891,-0.669273,-0.192703,-62.519268,18.738268,-90.896385
0,85045.00,-10.125595,8.088025,16.360415,-0.155270,-0.457549,0.038197,-62.519268,18.738268,-90.896385
0,85069.00,-10.626009,7.442755,16.973360,0.427439,-0.131040,0.184673,-62.519268,18.738268,-90.896385
0,85093.00,-10.207002,4.727592,17.240328,1.282060,1.018664,0.220360,-62.519268,18.738268,-90.896385
0,85117.00,-9.145120,3.037200,17.058359,1.613096,1.529999,0.266966,16.811905,-43.080505,-52.472775
0,85141.00,-8.054505,0.956532,16.888363,1.928952,1.856773,0.471766,16.811905,-43.080505,-52.472775
0,85165.00,-6.927976,-0.569849,16.681253,2.172901,2.067965,0.809993,16.811905,-43.080505,-52.472775
0,85189.00,-5.772715,-1.649689,16.358019,2.331095,2.232551,1.102679,16.811905,-43.080505,-52.472775
0,85213.00,-3.505290,-3.530430,15.572681,2.488757,2.466380,1.371396,16.811905,-43.080505,-52.472775
0,85237.00,-2.273410,-4.253516,14.832835,2.468783,2.498605,1.366868,40.103397,-6.129340,-131.181931
0,85261.00,-1.485678,-4.974207,14.185171,2.421111,2.457858,1.336774,40.103397,-6.129340,-131.181931
0,85285.00,-0.950547,-5.904402,13.450113,2.327899,2.437085,1.263003,40.103397,-6.129340,-131.181931
0,85309.00,-0.330417,-6.554461,12.491187,2.157987,2.418176,1.212669,40.103397,-6.129340,-131.181931
0,85333.00,2.456576,-6.884878,9.012235,1.741462,2.364912,1.168193,40.103397,-6.129340,-131.181931
0,85357.00,4.144574,-7.015368,6.571221,1.424009,2.223496,1.025712,40.103397,-6.129340,-131.181931
0,85381.00,5.748771,-6.769950,4.340909,0.996298,1.939865,0.789752,-4.553224,46.582985,-167.912872
0,85405.00,6.646643,-5.794263,3.077903,0.559800,1.452500,0.527161,-4.553224,46.582985,-167.912872
0,85429.00,6.459885,-5.552437,2.678051,0.249803,0.786699,0.300789,-4.553224,46.582985,-167.912872
0,85453.00,5.321384,-4.927518,3.366419,-0.343558,-0.440504,-0.158081,-4.553224,46.582985,-167.912872
0,85477.00,4.483371,-5.024488,4.230770,-0.645299,-0.905233,-0.477931,-4.553224,46.582985,-167.912872
0,85501.00,3.702821,-5.042446,5.267512,-0.980596,-1.314301,-0.779939,-40.278522,80.557045,-48.410366
0,85525.00,2.601433,-5.175331,6.692135,-1.258634,-1.747870,-0.936801,-40.278522,80.557045,-48.410366
0,85549.00,1.922642,-5.341736,7.955141,-1.531879,-2.124713,-0.990065,-40.278522,80.557045,-48.410366
0,85573.00,0.568652,-4.937096,11.466416,-2.099674,-2.757490,-1.021491,-40.278522,80.557045,-48.410366
0,85597.00,-0.367529,-4.609073,13.506380,-2.330839,-2.948974,-1.126155,-40.278522,80.557045,-48.410366
0,85621.00,-1.321667,-4.284642,15.136914,-2.496490,-3.000906,-1.288876,-60.768028,58.316292,-97.667068
0,85645.00,-2.290171,-3.894367,16.395132,-2.583843,-2.937788,-1.449467,-60.768028,58.316292,-97.667068
0,85669.00,-3.320927,-3.466981,17.222370,-2.591300,-2.801166,-1.586356,-60.768028,58.316292,-97.667068
0,85693.00,-5.706871,-2.188412,17.852077,-2.396621,-2.382777,-1.742153,-60.768028,58.316292,-97.667068
0,85717.00,-7.120718,-1.240260,18.026863,-2.218186,-2.092222,-1.715255,-60.768028,58.316292,-97.667068
0,85741.00,-8.370556,0.031126,17.994539,-1.984357,-1.732423,-1.586090,13.134300,22.941244,-92.250519
0,85765.00,-9.002657,1.337230,16.997305,-1.682882,-1.306045,-1.386083,13.134300,22.941244,-92.250519
0,85789.00,-9.130754,2.924666,15.698383,-1.375815,-0.907097,-1.166635,13.134300,22.941244,-92.250519
0,85813.00,-9.779615,4.283445,14.152847,-0.714542,-0.426922,-0.751176,13.134300,22.941244,-92.250519
0,85837.00,-10.001090,5.116670,14.545517,-0.429580,-0.201615,-0.453696,13.134300,22.941244,-92.250519
0,85861.00,-10.001090,5.486593,14.719105,-0.031165,0.017034,-0.088571,13.134300,22.941244,-92.250519
0,85885.00,-10.406928,5.007728,15.140506,0.400008,0.181620,0.230480,11.558185,76.354065,-30.468063
0,85909.00,-10.665515,4.431893,16.143728,0.777650,0.476170,0.488278,11.558185,76.354065,-30.468063
0,85933.00,-8.839843,2.262636,16.913502,1.475142,1.344107,0.965524,11.558185,76.354065,-30.468063
0,85957.00,-7.855776,0.877520,17.029627,1.785671,1.675409,1.172454,11.558185,76.354065,-30.468063
0,85981.00,-6.790302,-0.591398,16.885967,2.046665,1.930278,1.386310,11.558185,76.354065,-30.468063
0,86005.00,-5.672153,-1.701167,16.743505,2.212583,2.137475,1.559418,-12.784052,-0.175124,-150.139847
0,86029.00,-4.652171,-2.913892,16.593861,2.339617,2.286082,1.673136,-12.784052,-0.175124,-150.139847
0,86053.00,-2.414675,-4.574356,15.529584,2.433895,2.463451,1.792181,-12.784052,-0.175124,-150.139847
0,86077.00,-1.571874,-5.389623,14.946566,2.426970,2.413383,1.802568,-12.784052,-0.175124,-150.139847
0,86101.00,-1.308498,-6.213270,14.460518,2.384359,2.351063,1.790051,-12.784052,-0.175124,-150.139847
0,86125.00,-0.575835,-6.859737,13.192723,2.291946,2.405393,1.782594,-32.047691,34.499428,-43.163090
0,86149.00,1.025968,-7.108747,11.141985,2.112713,2.503132,1.702698,-32.047691,34.499428,-43.163090
0,86173.00,4.324149,-7.408038,6.391647,1.516155,2.259982,1.206543,-32.047691,34.499428,-43.163090
0,86197.00,5.532085,-7.068044,4.459428,1.103093,1.872753,0.967654,-32.047691,34.499428,-43.163090
0,86221.00,6.180947,-6.632277,3.189239,0.690563,1.367011,0.759925,-32.047691,34.499428,-43.163090
0,86245.00,6.614319,-6.354535,2.515237,0.307594,0.783237,0.566043,18.388020,18.738268,-65.167801
0,86269.00,6.584390,-5.784686,2.608616,-0.093484,0.179223,0.329818,18.388020,18.738268,-65.167801
0,86293.00,4.882026,-5.371665,4.735972,-0.756621,-0.855431,-0.180452,18.388020,18.738268,-65.167801
0,86317.00,4.204432,-5.153782,5.844544,-1.059427,-1.242128,-0.419607,18.388020,18.738268,-65.167801
0,86341.00,3.451418,-5.190894,7.151845,-1.329476,-1.606454,-0.630799,18.388020,18.738268,-65.167801
0,86365.00,2.979736,-5.169345,8.544144,-1.611509,-1.899140,-0.831338,18.388020,18.738268,-65.167801
0,86389.00,2.381155,-5.183711,10.042991,-1.850398,-2.185967,-1.002582,-32.397942,-60.768028,-67.537537
0,86413.00,0.896674,-5.188499,13.439339,-2.291424,-2.541504,-1.353858,-32.397942,-60.768028,-67.537537
0,86437.00,0.195137,-5.287864,14.562277,-2.441362,-2.578522,-1.534157,-32.397942,-60.768028,-67.537537
0,86461.00,-0.470485,-5.336947,15.561907,-2.589170,-2.576126,-1.706466,-32.397942,-60.768028,-67.537537
0,86485.00,-1.245048,-5.172936,16.632170,-2.687442,-2.577724,-1.788227,-32.397942,-60.768028,-67.537537
0,86509.00,-2.526011,-4.346895,18.020878,-2.700225,-2.603557,-1.760263,-37.301414,-34.149181,-44.855759
0,86533.00,-5.573986,-3.118607,19.307827,-2.422187,-2.302615,-1.581829,-37.301414,-34.149181,-44.855759
0,86557.00,-6.786711,-1.786165,19.366488,-2.254672,-1.877035,-1.499802,-37.301414,-34.149181,-44.855759
0,86581.00,-7.822256,-0.284925,18.995367,-2.018179,-1.377152,-1.465713,-37.301414,-34.149181,-44.855759
0,86605.00,-8.946390,1.004419,17.854471,-1.698063,-0.785655,-1.421237,-37.301414,-34.149181,-44.855759
0,86629.00,-9.337862,2.002852,15.713946,-1.377679,-0.119588,-1.376496,-63.570015,6.479588,-26.574921
0,86653.00,-9.475536,3.085086,12.645620,-0.857556,0.746485,-1.007376,-63.570015,6.479588,-26.574921
0,86677.00,-9.973556,3.271843,11.895000,-0.577121,0.851415,-0.504564,-63.570015,6.479588,-26.574921
0,86701.00,-10.903750,3.626203,11.340714,-0.329177,1.028784,0.159106,-63.570015,6.479588,-26.574921
0,86725.00,-12.109292,4.352880,11.617259,-0.154205,1.216806,0.847011,-63.570015,6.479588,-26.574921
0,86749.00,-12.687521,6.170172,12.285275,0.110518,1.518813,1.553825,-63.570015,6.479588,-26.574921
0,86773.00,-16.069504,7.629512,15.369164,0.842099,1.947322,2.756261,51.486458,112.429611,-12.187225
0,86797.00,-17.901161,7.270364,16.794983,1.473278,2.145198,3.131506,51.486458,112.429611,-12.187225
0,86821.00,-18.858891,6.860935,19.489796,2.015239,2.590219,3.317930,51.486458,112.429611,-12.187225
0,86845.00,-19.416767,6.765162,22.233690,2.677311,3.262677,3.415936,51.486458,112.429611,-12.187225
0,86869.00,-19.119871,4.140983,23.007057,3.415817,4.097591,3.161067,51.486458,112.429611,-12.187225
0,86893.00,-12.993995,0.687171,19.057619,4.118370,4.650738,2.109103,127.140030,47.633728,-66.352669
0,86917.00,-9.054135,-1.319272,11.097691,3.845658,2.890362,0.898145,127.140030,47.633728,-66.352669
0,86941.00,0.859562,4.204432,1.513213,3.186782,-2.638711,-1.310448,127.140030,47.633728,-66.352669
1,86965.00,9.117584,2.500871,12.869490,4.036077,-6.892642,-3.239938,127.140030,47.633728,-66.352669
1,86989.00,14.002005,-16.381962,33.163776,5.999122,-6.883321,-3.259113,127.140030,47.633728,-66.352669
0,87013.00,9.625181,-8.632734,12.621677,0.687900,-1.165960,-0.778074,23.816864,39.578026,-145.908173
0,87037.00,11.965632,-2.511646,7.412826,0.637832,-0.153145,-0.596977,23.816864,39.578026,-145.908173
0,87061.00,6.148623,-8.115561,15.308108,2.459728,0.266842,-0.555697,23.816864,39.578026,-145.908173
0,87085.00,2.187215,-11.917747,11.479585,2.697551,2.325763,-0.130916,23.816864,39.578026,-145.908173
0,87109.00,10.961214,-9.403707,0.706325,1.804846,5.154616,0.576963,23.816864,39.578026,-145.908173
0,87133.00,5.467438,-3.895565,4.312177,1.185119,3.312479,0.028609,-30.646700,40.803894,16.080366
0,87157.00,3.393954,-6.082779,6.725655,1.045568,3.348166,-0.138906,-30.646700,40.803894,16.080366
0,87181.00,2.085456,-5.486593,8.201756,0.540891,3.686126,0.423829,-30.646700,40.803894,16.080366
0,87205.00,2.754669,-3.319730,6.991425,-0.145949,4.292538,1.066193,-30.646700,40.803894,16.080366
0,87229.00,3.784229,-4.656960,3.942254,-0.916946,4.635026,1.318398,-30.646700,40.803894,16.080366
0,87253.00,0.052675,-0.980476,3.365222,-1.751060,4.121294,2.475027,205.945831,49.735218,-164.866074
0,87277.00,-1.549127,-0.664425,3.629795,-2.257868,3.509556,2.402587,205.945831,49.735218,-164.866074
0,87301.00,-0.331614,0.169997,3.140156,-2.977465,2.826978,2.117092,205.945831,49.735218,-164.866074
0,87325.00,0.307671,1.770602,3.495713,-3.152437,2.427231,2.023880,205.945831,49.735218,-164.866074
0,87349.00,-1.604197,5.256738,4.218798,-2.670131,1.561158,0.990025,205.945831,49.735218,-164.866074
0,87373.00,-3.796200,3.428672,8.023378,-2.452281,0.874851,0.342867,-22.065624,-91.414734,-159.110992
0,87397.00,-4.965827,4.373232,7.169802,-2.652820,0.531831,-0.268604,-22.065624,-91.414734,-159.110992
0,87421.00,-6.587982,1.318075,10.008273,-2.582512,-0.235171,-1.171429,-22.065624,-91.414734,-159.110992
0,87445.00,-6.367704,2.224327,7.710919,-2.574789,-0.074847,-1.513917,-22.065624,-91.414734,-159.110992
0,87469.00,-9.564126,2.139328,8.729704,-2.218452,-1.041322,-2.283316,-22.065624,-91.414734,-159.110992
0,87493.00,-11.413741,1.046319,8.756042,-2.139089,-1.462108,-2.390110,-70.574974,26.443726,-7.617016
0,87517.00,-15.185998,-0.292107,10.414111,-2.261063,-1.852800,-2.339243,-70.574974,26.443726,-7.617016
0,87541.00,-15.509232,0.857168,10.799597,-2.651222,-1.981965,-2.138704,-70.574974,26.443726,-7.617016
0,87565.00,-14.564672,1.843629,11.036635,-2.791041,-1.714314,-1.827109,-70.574974,26.443726,-7.617016
0,87589.00,-11.784862,6.995017,10.687064,-2.433372,-1.639477,-1.766655,-70.574974,26.443726,-7.617016
0,87613.00,-15.237476,6.480237,13.931373,-1.743603,-1.888221,-1.774644,-70.574974,26.443726,-7.617016
0,87637.00,-17.455816,6.513758,13.095754,-0.943844,-1.188864,-1.023089,32.748188,43.255630,-49.256702
0,87661.00,-15.947393,8.961953,11.225786,-0.626124,-0.670072,-0.208682,32.748188,43.255630,-49.256702
0,87685.00,-14.041512,10.113624,10.274043,-0.275647,-0.548630,0.166563,32.748188,43.255630,-49.256702
0,87709.00,-12.983220,7.570851,11.576555,0.916935,-0.227448,0.297060,32.748188,43.255630,-49.256702
0,87733.00,-11.996758,5.953486,9.585675,1.579540,0.578437,0.963127,32.748188,43.255630,-49.256702
0,87757.00,-10.165101,4.898786,7.354165,1.683671,0.842360,1.494436,-94.742088,-108.401756,15.741833
0,87781.00,-8.389710,4.658157,6.644248,1.576610,0.466050,1.849440,-94.742088,-108.401756,15.741833
0,87805.00,-8.441188,3.525642,7.663033,1.505503,-0.022115,2.161834,-94.742088,-108.401756,15.741833
0,87829.00,-10.491926,2.145314,7.700145,1.231193,0.100392,3.668407,-94.742088,-108.401756,15.741833
0,87853.00,-8.568088,2.873188,6.857343,0.822125,0.041003,4.268959,-94.742088,-108.401756,15.741833
0,87877.00,-7.514585,2.718755,7.585217,0.403736,-0.468734,4.426088,134.144989,44.131248,-107.315285
0,87901.00,-6.772345,3.393954,8.119152,-0.092685,-1.092989,4.444730,134.144989,44.131248,-107.315285
0,87925.00,-7.862959,2.460168,9.985527,-0.218920,-1.437340,4.698267,134.144989,44.131248,-107.315285
0,87949.00,-3.859650,3.185648,8.882941,-0.396023,-1.614177,4.963255,134.144989,44.131248,-107.315285
0,87973.00,-2.271016,2.971356,8.691395,-0.406144,-2.027772,4.845809,134.144989,44.131248,-107.315285
0,87997.00,-2.050738,2.573898,8.973926,-0.465267,-2.464804,4.678825,18.212896,-30.471577,-18.957905
0,88021.00,-2.346437,2.917483,9.068501,-0.539037,-2.681056,4.589342,18.212896,-30.471577,-18.957905
0,88045.00,-1.974120,2.733120,9.155894,-0.504948,-2.799834,4.664444,18.212896,-30.471577,-18.957905
0,88069.00,2.054330,2.929455,8.547735,-0.670333,-2.961757,4.604522,18.212896,-30.471577,-18.957905
0,88093.00,3.038397,2.803753,8.092814,-0.871938,-3.262699,4.308108,18.212896,-30.471577,-18.957905
0,88117.00,1.709547,2.870794,9.535394,-0.996842,-3.588408,4.099845,18.212896,-30.471577,-18.957905
0,88141.00,1.506030,3.186845,8.879350,-0.857024,-3.403582,4.121950,0.000000,106.825645,-64.321465
0,88165.00,2.269819,2.421858,8.219713,-0.680187,-3.068818,4.037261,0.000000,106.825645,-64.321465
0,88189.00,5.189697,2.244678,7.720497,-0.512139,-2.680789,3.350954,0.000000,106.825645,-64.321465
0,88213.00,5.298638,2.684037,7.683385,-0.492964,-2.545233,2.846543,0.000000,106.825645,-64.321465
0,88237.00,3.842890,1.802926,8.096406,-0.236231,-2.289831,2.506452,0.000000,106.825645,-64.321465
0,88261.00,4.707241,0.972095,6.062428,-0.024773,-1.718308,2.251051,-50.610836,24.342237,-20.481308
0,88285.00,5.618280,0.493231,5.582366,0.037013,-1.409377,2.023348,-50.610836,24.342237,-20.481308
0,88309.00,6.804668,0.487245,5.814615,-0.012522,-1.354781,1.881132,-50.610836,24.342237,-20.481308
0,88333.00,6.516152,0.126899,5.885248,0.058319,-1.297789,1.782061,-50.610836,24.342237,-20.481308
0,88357.00,6.838189,-0.702734,5.097515,0.090810,-1.090592,1.634520,-50.610836,24.342237,-20.481308
0,88381.00,7.312264,-1.082234,4.562384,0.003723,-0.952904,1.478723,-62.519268,-23.641741,-55.011780
0,88405.00,7.697751,-1.103783,4.627030,-0.111327,-0.950241,1.391370,-62.519268,-23.641741,-55.011780
0,88429.00,8.122744,-2.055527,4.303797,-0.125442,-1.186733,1.380983,-62.519268,-23.641741,-55.011780
0,88453.00,7.958732,-2.438619,4.065562,-0.180038,-1.177945,1.379119,-62.519268,-23.641741,-55.011780
0,88477.00,7.739651,-2.675657,3.919508,-0.281239,-1.090059,1.344231,-62.519268,-23.641741,-55.011780
0,88501.00,8.238868,-2.432633,4.139786,-0.350749,-0.966753,1.303750,38.702404,190.009552,-65.167801
0,88525.00,8.744070,-2.419464,4.008098,-0.285767,-0.955567,1.278716,38.702404,190.009552,-65.167801
0,88549.00,8.295135,-3.081495,3.599866,-0.232237,-0.910027,1.103744,38.702404,190.009552,-65.167801
0,88573.00,8.374147,-3.360433,3.577120,-0.207202,-0.842115,0.995352,38.702404,190.009552,-65.167801
0,88597.00,8.311894,-3.457403,3.508881,-0.194952,-0.661017,0.855001,38.702404,190.009552,-65.167801
0,88621.00,8.368161,-3.338884,3.332899,-0.183234,-0.450624,0.722107,38.702404,190.009552,-65.167801
0,88645.00,8.432808,-3.475361,3.318533,-0.112392,-0.304947,0.611052,-18.563145,45.882488,-47.056229
0,88669.00,8.832660,-3.912325,2.824105,-0.103338,-0.158737,0.339938,-18.563145,45.882488,-47.056229
0,88693.00,8.683015,-3.817749,2.718755,-0.155270,-0.155542,0.221425,-18.563145,45.882488,-47.056229
0,88717.00,8.066477,-3.854861,3.136564,-0.165923,-0.151014,0.169226,-18.563145,45.882488,-47.056229
0,88741.00,8.323866,-3.601063,2.820513,-0.151542,-0.017854,0.179347,-18.563145,45.882488,-47.056229
0,88765.00,8.757239,-3.441840,2.779810,-0.140889,0.031681,0.165764,-45.357117,16.286533,-9.986753
0,88789.00,8.320275,-2.863611,3.118607,-0.148878,-0.067123,0.054975,-45.357117,16.286533,-9.986753
0,88813.00,8.184996,-3.015651,3.130578,-0.060726,-0.058867,0.052845,-45.357117,16.286533,-9.986753
0,88837.00,8.151475,-3.264660,3.068326,0.009849,-0.003739,0.094657,-45.357117,16.286533,-9.986753
0,88861.00,8.702169,-2.959384,2.900723,0.026893,0.070831,0.068025,-45.357117,16.286533,-9.986753
0,88885.00,8.649494,-3.599866,2.916286,0.052726,0.140340,-0.180718,30.821825,106.825645,-19.973507
0,88909.00,8.843434,-3.519656,3.135367,0.084418,0.120100,-0.105616,30.821825,106.825645,-19.973507
