0,105508.00,-6.196510,-1.689195,7.716905,0.046137,0.067529,0.015696,22.065624,59.892410,-66.352669
0,105532.00,-6.164186,-1.685604,7.616942,0.048534,0.072590,0.013565,22.065624,59.892410,-66.352669
0,105556.00,-6.216263,-1.784968,7.555887,0.049599,0.066198,0.011701,22.065624,59.892410,-66.352669
0,105580.00,-6.211474,-1.854404,7.497825,0.026696,0.062469,0.008771,22.065624,59.892410,-66.352669
0,105604.00,-6.517948,-1.835848,7.613949,-0.003931,0.038234,0.016761,44.306374,17.337276,-46.209896
0,105628.00,-6.597559,-1.772997,7.716905,-0.017513,0.050219,0.033006,44.306374,17.337276,-46.209896
0,105652.00,-6.614319,-1.535360,7.746834,-0.035090,0.070992,0.051116,44.306374,17.337276,-46.209896
0,105676.00,-6.616115,-1.337828,7.837220,-0.046009,0.061937,0.056176,44.306374,17.337276,-46.209896
0,105700.00,-6.757380,-1.092410,8.135912,-0.046276,0.013733,0.071090,44.306374,17.337276,-46.209896
0,105724.00,-7.296103,-0.499815,9.111599,0.321246,-0.182013,0.285478,33.798931,46.407860,-84.125710
0,105748.00,-7.335609,-0.816464,9.285188,0.498083,-0.199057,0.355254,33.798931,46.407860,-84.125710
0,105772.00,-7.186563,-0.476470,9.562929,0.510067,-0.132743,0.327556,33.798931,46.407860,-84.125710
0,105796.00,-6.863927,-0.375310,9.345644,0.493822,0.002281,0.252188,33.798931,46.407860,-84.125710
0,105820.00,-6.638861,-0.456717,9.043361,0.434698,0.147958,0.133675,33.798931,46.407860,-84.125710
0,105844.00,-6.346754,-0.746430,8.364570,0.417388,0.412680,-0.068994,-11.558185,-17.162153,-25.728586
0,105868.00,-6.102532,-0.972095,8.101793,0.383831,0.555961,-0.118530,-11.558185,-17.162153,-25.728586
0,105892.00,-5.655393,-1.076847,7.657047,0.367053,0.655831,-0.132911,-11.558185,-17.162153,-25.728586
0,105916.00,-5.266913,-1.137902,7.086001,0.384098,0.656097,-0.129715,-11.558185,-17.162153,-25.728586
0,105940.00,-5.146000,-1.408461,6.763366,0.407267,0.536253,-0.144895,-11.558185,-17.162153,-25.728586
0,105964.00,-5.262125,-1.900494,6.775338,0.422181,0.296565,-0.105214,7.530332,22.240749,-78.032097
0,105988.00,-5.073572,-2.073484,6.765162,0.421382,0.261943,-0.064999,7.530332,22.240749,-78.032097
0,106012.00,-4.838928,-2.537385,6.755584,0.409931,0.253421,-0.035971,7.530332,22.240749,-78.032097
0,106035.00,-4.133800,-2.573898,6.619707,0.362526,0.238773,0.015163,7.530332,22.240749,-78.032097
0,106059.00,-3.508283,-2.749881,6.469463,0.325773,0.174856,0.068693,7.530332,22.240749,-78.032097
0,106083.00,-2.193201,-2.390732,6.746605,0.218446,-0.129814,0.170428,63.745136,-17.512400,-93.435394
0,106107.00,-1.560501,-2.393126,6.808858,0.232828,-0.326092,0.148589,63.745136,-17.512400,-93.435394
0,106131.00,-1.000827,-2.868998,6.740021,0.242948,-0.537284,0.051915,63.745136,-17.512400,-93.435394
0,106155.00,-0.536328,-3.100649,6.697522,0.136686,-0.745013,-0.113470,63.745136,-17.512400,-93.435394
0,106179.00,-0.353761,-2.843858,7.179379,-0.010855,-0.997751,-0.254886,63.745136,-17.512400,-93.435394
0,106203.00,-0.835020,-2.395521,8.343619,-0.119780,-1.591911,-0.453827,63.745136,-17.512400,-93.435394
0,106227.00,-1.544339,-2.630763,9.352228,-0.162391,-1.881934,-0.612554,40.278522,-18.563145,-49.764503
0,106251.00,-2.299748,-2.667277,10.205805,-0.225509,-2.071288,-0.772079,40.278522,-18.563145,-49.764503
0,106275.00,-3.185648,-2.385944,10.820547,-0.318721,-2.123753,-0.873015,40.278522,-18.563145,-49.764503
0,106299.00,-3.709406,-1.857995,11.172513,-0.382638,-2.104045,-0.918023,40.278522,-18.563145,-49.764503
0,106323.00,-3.871023,-1.504833,12.054821,-0.286230,-2.139732,-0.796847,40.278522,-18.563145,-49.764503
0,106347.00,-3.741131,-1.469516,12.472033,-0.256935,-2.150918,-0.695113,56.565052,-14.185044,4.231675
0,106371.00,-3.911128,-1.246844,12.954489,-0.276909,-2.143993,-0.677269,56.565052,-14.185044,4.231675
0,106395.00,-4.461822,-0.903857,13.507577,-0.289160,-2.070489,-0.751839,56.565052,-14.185044,4.231675
0,106419.00,-5.100508,-1.278569,13.621307,-0.266256,-1.856900,-0.888994,56.565052,-14.185044,4.231675
0,106443.00,-4.678508,-0.996637,12.310415,-0.229504,-1.219063,-1.132943,56.565052,-14.185044,4.231675
0,106467.00,-4.429499,-1.344413,11.244343,-0.180767,-0.994023,-1.242933,-50.260590,64.971008,-95.297325
0,106491.00,-4.544426,-1.371948,10.101053,-0.143483,-0.846215,-1.247993,-50.260590,64.971008,-95.297325
0,106515.00,-4.865864,-1.476101,9.328884,-0.139488,-0.751139,-1.212839,-50.260590,64.971008,-95.297325
0,106539.00,-5.421348,-1.819686,9.060719,-0.162391,-0.708794,-1.136139,-50.260590,64.971008,-95.297325
0,106563.00,-6.692733,-1.794546,9.914296,-0.173311,-0.648605,-0.859965,-50.260590,64.971008,-95.297325
0,106587.00,-7.368531,-2.185419,10.126792,-0.119514,-0.544474,-0.711092,-50.260590,64.971008,-95.297325
0,106611.00,-8.363373,-2.281790,10.504497,-0.124840,-0.376160,-0.546506,9.106448,-14.360168,-99.867538
0,106635.00,-9.193604,-1.865777,11.162337,-0.153869,-0.119694,-0.328656,9.106448,-14.360168,-99.867538
0,106659.00,-10.150735,-1.335434,11.984787,-0.109127,0.221995,-0.073255,9.106448,-14.360168,-99.867538
0,106683.00,-10.613439,-1.808313,12.549848,0.032555,1.177286,0.381353,9.106448,-14.360168,-99.867538
0,106707.00,-9.921479,-2.078871,12.797062,0.087950,1.587419,0.711057,9.106448,-14.360168,-99.867538
0,106731.00,-9.786798,-2.362599,13.742820,0.147872,1.861196,1.099086,74.252579,29.420834,-62.967331
0,106755.00,-9.276209,-2.485907,14.622135,0.250139,2.085704,1.513214,74.252579,29.420834,-62.967331
0,106779.00,-9.206175,-2.956990,15.670849,0.383565,2.262007,1.925478,74.252579,29.420834,-62.967331
0,106803.00,-8.566890,-3.249097,18.150171,0.639232,2.688919,2.643743,74.252579,29.420834,-62.967331
0,106827.00,-7.587612,-3.612436,18.253725,0.843766,2.995187,2.911927,74.252579,29.420834,-62.967331
0,106851.00,-6.095350,-3.845882,17.367228,0.995569,3.319299,3.074649,107.175888,-81.958031,-49.087433
0,106875.00,-4.650974,-3.714195,16.152107,1.057355,3.546203,3.090096,107.175888,-81.958031,-49.087433
0,106899.00,-3.602260,-3.290399,15.011811,1.081590,3.621306,2.999813,107.175888,-81.958031,-49.087433
0,106923.00,-1.304906,-3.266456,11.430501,1.132724,3.487613,2.850141,107.175888,-81.958031,-49.087433
0,106947.00,-0.107146,-2.721149,9.735320,1.052029,3.253251,2.761989,107.175888,-81.958031,-49.087433
0,106971.00,0.812873,-2.293762,8.128729,0.986780,2.897181,2.605126,80.732162,-63.920261,-21.158377
0,106995.00,1.372546,-1.777785,6.862132,0.901291,2.477993,2.336409,80.732162,-63.920261,-21.158377
0,107019.00,1.510818,-1.706554,5.919367,0.810210,2.057207,1.969687,80.732162,-63.920261,-21.158377
0,107043.00,2.105209,-1.929825,4.369042,0.489827,1.387945,1.219196,80.732162,-63.920261,-21.158377
0,107067.00,2.317705,-1.863382,3.856657,0.314588,1.042528,0.898281,80.732162,-63.920261,-21.158377
0,107091.00,2.502667,-1.886727,3.353849,0.148138,0.674473,0.604263,80.732162,-63.920261,-21.158377
0,107115.00,2.578687,-1.764617,3.201211,-0.035889,0.295766,0.312376,68.473488,-35.900421,-103.760681
0,107139.00,2.488899,-1.890319,3.272442,-0.195681,-0.071490,0.020223,68.473488,-35.900421,-103.760681
0,107163.00,2.313515,-2.156687,3.906339,-0.577318,-0.804136,-0.585922,68.473488,-35.900421,-103.760681
0,107187.00,1.971726,-2.325487,4.652770,-0.779988,-1.220128,-0.867156,68.473488,-35.900421,-103.760681
0,107211.00,1.242654,-2.566116,5.644618,-0.967477,-1.618810,-1.082076,68.473488,-35.900421,-103.760681
0,107235.00,0.683579,-2.726536,6.666396,-1.170946,-1.950378,-1.243466,1.050744,-0.700496,-55.519581
0,107259.00,0.381895,-2.884562,7.818664,-1.373083,-2.253451,-1.379822,1.050744,-0.700496,-55.519581
0,107283.00,0.109540,-3.018644,10.073519,-1.754187,-2.877972,-1.664785,1.050744,-0.700496,-55.519581
0,107307.00,-0.711114,-3.109029,11.761517,-1.945671,-3.201284,-1.865057,1.050744,-0.700496,-55.519581
0,107331.00,-1.702963,-3.264062,13.514760,-2.086288,-3.465740,-2.033372,1.050744,-0.700496,-55.519581
0,107355.00,-2.149504,-3.731554,14.977692,-2.124638,-3.631391,-2.056275,-0.700496,-67.597862,-51.118637
0,107379.00,-1.931022,-4.048203,16.003660,-2.143813,-3.763220,-1.996087,-0.700496,-67.597862,-51.118637
0,107403.00,-3.217971,-4.627629,18.617064,-2.083891,-4.044187,-1.981706,-0.700496,-67.597862,-51.118637
0,107427.00,-4.888012,-4.771887,19.422155,-2.015181,-3.935795,-2.055476,-0.700496,-67.597862,-51.118637
0,107451.00,-6.423372,-4.706043,19.614300,-1.957656,-3.569605,-2.137769,-0.700496,-67.597862,-51.118637
0,107475.00,-7.588809,-3.495114,19.614300,-1.855655,-3.035367,-2.140965,-0.700496,-67.597862,-51.118637
0,107499.00,-8.777591,-1.704759,17.137970,-1.236727,-1.838258,-2.152417,-8.405952,-22.415873,-82.263771
0,107523.00,-9.509057,-1.775391,15.730108,-0.964281,-1.226520,-2.274658,-8.405952,-22.415873,-82.263771
0,107547.00,-9.616801,-1.801130,14.380907,-0.711810,-0.616647,-2.313008,-8.405952,-22.415873,-82.263771
0,107571.00,-9.473741,-1.983099,12.662381,-0.527783,-0.043792,-2.260543,-8.405952,-22.415873,-82.263771
0,107595.00,-9.260047,-2.329078,11.095895,-0.391959,0.353557,-2.090631,-8.405952,-22.415873,-82.263771
0,107619.00,-8.566292,-2.539180,9.093042,-0.185029,0.578332,-1.389143,28.194965,49.910343,-13.710629
0,107643.00,-9.234308,-3.047375,9.150507,-0.086490,0.455824,-0.966493,28.194965,49.910343,-13.710629
0,107667.00,-10.270452,-3.336490,10.011865,-0.028965,0.378591,-0.452495,28.194965,49.910343,-13.710629
0,107691.00,-11.223392,-3.460995,11.292828,0.035751,0.470206,0.128882,28.194965,49.910343,-13.710629
0,107715.00,-11.561590,-3.565148,12.451082,0.119642,0.781800,0.690018,28.194965,49.910343,-13.710629
0,107739.00,-11.034840,-3.993732,15.331453,0.324176,1.704599,1.543042,-32.748188,66.021751,-46.209896
0,107763.00,-10.643368,-3.737539,17.376205,0.461064,2.195427,1.888459,-32.748188,66.021751,-46.209896
0,107787.00,-10.068729,-4.548616,18.909771,0.743363,2.682527,2.222158,-32.748188,66.021751,-46.209896
0,107811.00,-8.611784,-6.046266,19.395817,0.980921,3.209042,2.596071,-32.748188,66.021751,-46.209896
0,107835.00,-6.091758,-5.668561,18.991776,1.020070,3.665248,3.027510,-32.748188,66.021751,-46.209896
0,107859.00,-1.746659,-4.777873,16.089855,1.356965,3.690815,3.485581,-25.743229,-27.144220,-73.292618
0,107883.00,-0.518970,-4.388197,14.286929,1.421947,3.504924,3.391836,-25.743229,-27.144220,-73.292618
0,107907.00,0.377705,-3.674688,12.898820,1.422214,3.273758,3.145224,-25.743229,-27.144220,-73.292618
0,107931.00,1.091213,-3.355046,11.322158,1.412360,3.016759,2.782496,-25.743229,-27.144220,-73.292618
0,107955.00,1.286350,-3.281421,9.990315,1.340720,2.681195,2.343334,-25.743229,-27.144220,-73.292618
0,107979.00,0.784740,-3.832115,8.310698,1.112217,1.933635,1.663152,21.715376,-97.018700,-22.681780
0,108003.00,0.993644,-3.830918,7.586415,0.955354,1.646009,1.499898,21.715376,-97.018700,-22.681780
0,108027.00,1.356983,-3.614830,6.739423,0.812074,1.370900,1.376325,21.715376,-97.018700,-22.681780
0,108051.00,1.737082,-3.313145,5.928944,0.655212,1.087003,1.172857,21.715376,-97.018700,-22.681780
0,108075.00,2.008838,-3.285611,5.354306,0.501278,0.781534,0.887628,21.715376,-97.018700,-22.681780
0,108099.00,2.168659,-3.314342,4.634213,0.150002,0.132512,0.234078,53.587944,11.908432,0.338534
0,108123.00,2.305734,-3.274238,4.391788,-0.026035,-0.216368,-0.078848,53.587944,11.908432,0.338534
0,108147.00,2.116582,-3.267653,4.579144,-0.194616,-0.603065,-0.384584,53.587944,11.908432,0.338534
0,108171.00,1.891516,-3.458002,4.876639,-0.336831,-0.959401,-0.661290,53.587944,11.908432,0.338534
0,108195.00,1.620359,-3.629795,5.362088,-0.500085,-1.303220,-0.929741,53.587944,11.908432,0.338534
0,108219.00,1.034348,-4.402563,7.089592,-0.864145,-2.014828,-1.472768,8.230828,80.031670,-45.532825
0,108243.00,0.513582,-4.484568,8.491469,-1.059624,-2.393269,-1.653333,8.230828,80.031670,-45.532825
0,108267.00,-0.104153,-4.674318,9.601238,-1.210361,-2.708592,-1.782498,8.230828,80.031670,-45.532825
0,108291.00,-0.833225,-5.081952,10.500306,-1.358169,-2.941888,-1.905538,8.230828,80.031670,-45.532825
0,108315.00,-1.404271,-5.069981,11.521485,-1.553382,-3.102213,-2.060004,8.230828,80.031670,-45.532825
0,108339.00,-3.435854,-4.852097,14.622135,-1.819968,-3.432184,-2.326058,8.230828,80.031670,-45.532825
0,108363.00,-4.861076,-4.636608,16.162882,-1.799195,-3.494503,-2.312742,-26.093477,29.245708,-25.559319
0,108387.00,-5.650005,-4.737169,16.629776,-1.674824,-3.371197,-2.193164,-26.093477,29.245708,-25.559319
0,108411.00,-6.007358,-4.627629,16.489109,-1.583476,-3.114464,-2.060536,-26.093477,29.245708,-25.559319
0,108435.00,-6.250382,-4.099681,16.353231,-1.525418,-2.828702,-1.975580,-26.093477,29.245708,-25.559319
0,108459.00,-7.433178,-2.839668,15.986300,-1.280403,-2.242798,-1.828039,-26.093477,29.245708,-25.559319
0,108483.00,-8.100595,-2.211158,15.600216,-1.087321,-1.856101,-1.699672,40.103397,76.178940,-28.267591
0,108515.00,-8.416646,-1.498847,14.829244,-0.866009,-1.387378,-1.557990,40.103397,76.178940,-28.267591
0,108539.00,-8.141898,-1.139698,12.330767,-0.509939,-0.426761,-1.487682,40.103397,76.178940,-28.267591
0,108563.00,-8.404077,-1.117551,11.671729,-0.358137,-0.171093,-1.353456,40.103397,76.178940,-28.267591
0,108587.00,-9.085261,-0.879315,11.611872,-0.239092,0.012668,-1.123089,40.103397,76.178940,-28.267591
0,108611.00,-10.320134,-1.304308,11.683702,-0.071310,0.151687,-0.791521,-45.357117,8.230828,-43.163090
0,108635.00,-11.756728,-1.571275,12.212847,0.063981,0.319202,-0.369936,-45.357117,8.230828,-43.163090
0,108659.00,-13.533317,-1.941797,14.580235,0.331633,0.939462,0.757930,-45.357117,8.230828,-43.163090
0,108683.00,-13.304060,-2.057921,16.302950,0.487696,1.406587,1.375526,-45.357117,8.230828,-43.163090
0,108707.00,-11.998554,-2.921075,17.388178,0.790768,1.869185,1.980606,-45.357117,8.230828,-43.163090
0,108731.00,-10.542208,-3.993732,18.376434,1.028859,2.335246,2.442937,43.956123,-2.626860,21.158377
0,108755.00,-8.461540,-4.412140,18.939100,1.217147,2.819416,2.784360,43.956123,-2.626860,21.158377
0,108779.00,-4.399570,-5.077163,18.237564,1.605708,3.453790,2.939891,43.956123,-2.626860,21.158377
0,108803.00,-2.911498,-5.796658,17.386381,1.747391,3.531289,2.828835,43.956123,-2.626860,21.158377
0,108827.00,-1.859791,-6.279114,16.325697,1.822759,3.490809,2.727900,43.956123,-2.626860,21.158377
0,108851.00,-0.900864,-6.646044,15.100401,1.852321,3.366437,2.646406,43.956123,-2.626860,21.158377
0,108875.00,-0.093977,-6.780725,13.804473,1.824357,3.181078,2.560917,8.055704,44.481499,-55.519581
0,108899.00,1.745462,-6.811851,10.364429,1.623285,2.853238,2.273292,8.055704,44.481499,-55.519581
0,108923.00,3.065932,-6.085174,8.510624,1.351639,2.680397,2.021619,8.055704,44.481499,-55.519581
0,108947.00,3.623809,-5.276491,7.103360,1.096238,2.348029,1.700171,8.055704,44.481499,-55.519581
0,108971.00,3.683667,-4.776077,6.027112,0.917004,1.890491,1.404289,8.055704,44.481499,-55.519581
0,108995.00,3.827327,-4.642594,4.908364,0.746027,1.447867,1.172857,64.620758,-16.286533,-55.011780
0,109019.00,4.167919,-3.675885,3.936268,0.311659,0.566613,0.729167,64.620758,-16.286533,-55.011780
0,109043.00,3.918909,-3.370609,3.893769,0.143610,0.085639,0.401593,64.620758,-16.286533,-55.011780
0,109067.00,3.577718,-3.602260,3.970387,-0.022840,-0.312776,0.025283,64.620758,-16.286533,-55.011780
0,109091.00,3.195824,-3.572930,4.349887,-0.254006,-0.637154,-0.349696,64.620758,-16.286533,-55.011780
0,109115.00,2.768437,-3.723173,4.794633,-0.462801,-0.955406,-0.714554,81.432663,31.697445,-13.710629
0,109139.00,1.922642,-4.367247,6.064822,-0.859618,-1.631859,-1.295398,81.432663,31.697445,-13.710629
0,109163.00,1.513811,-4.840724,7.080015,-1.074538,-2.006039,-1.507123,81.432663,31.697445,-13.710629
0,109187.00,1.100192,-5.266315,8.226896,-1.273479,-2.385812,-1.661322,81.432663,31.697445,-13.710629
0,109211.00,0.527948,-5.743983,9.576097,-1.481741,-2.742148,-1.807266,81.432663,31.697445,-13.710629
0,109235.00,-0.289713,-6.168975,11.130013,-1.690536,-3.048150,-1.969721,81.432663,31.697445,-13.710629
0,109259.00,-2.045950,-6.754986,14.483264,-2.066581,-3.402889,-2.158276,47.108356,51.661583,-72.615547
0,109283.00,-2.851640,-6.314430,16.047955,-2.170179,-3.479322,-2.191033,47.108356,51.661583,-72.615547
0,109307.00,-3.941057,-6.028308,17.262476,-2.143014,-3.503025,-2.205681,47.108356,51.661583,-72.615547
0,109331.00,-5.090931,-6.039083,17.782642,-2.043144,-3.377322,-2.169994,47.108356,51.661583,-72.615547
0,109355.00,-5.809826,-5.572788,17.992744,-1.986152,-3.114197,-2.038965,47.108356,51.661583,-72.615547
0,109379.00,-7.194344,-2.481717,18.691887,-1.796798,-2.529625,-1.680764,27.844717,84.584892,-32.668533
0,109403.00,-7.837220,-1.806517,17.766481,-1.493193,-2.092593,-1.560387,27.844717,84.584892,-32.668533
0,109427.00,-8.274783,-0.862555,16.112003,-1.199975,-1.517608,-1.572904,27.844717,84.584892,-32.668533
0,109451.00,-8.703965,-0.988257,14.328830,-0.928594,-0.934633,-1.670910,27.844717,84.584892,-32.668533
0,109475.00,-8.639318,-1.104382,12.603720,-0.768270,-0.413178,-1.734560,27.844717,84.584892,-32.668533
0,109499.00,-9.212759,-0.562068,11.520288,-0.488101,0.028380,-1.338010,42.555134,-29.946205,-95.635864
0,109523.00,-9.947817,-0.231651,11.215013,-0.277442,0.081644,-0.947584,42.555134,-29.946205,-95.635864
0,109547.00,-10.929489,-0.192743,11.496346,-0.029764,0.087503,-0.526532,42.555134,-29.946205,-95.635864
0,109571.00,-12.451082,-0.921216,12.676148,0.192347,0.183112,-0.126519,42.555134,-29.946205,-95.635864
0,109595.00,-13.472859,-1.616767,14.142672,0.367053,0.520806,0.354455,42.555134,-29.946205,-95.635864
0,109619.00,-12.164960,-2.318304,16.170065,0.729515,1.555460,1.464211,8.581077,-1.926364,-131.520462
0,109643.00,-11.281455,-3.672893,16.925474,1.007553,1.959202,1.891122,8.581077,-1.926364,-131.520462
0,109667.00,-10.179467,-5.286068,17.635391,1.230197,2.354421,2.299391,8.581077,-1.926364,-131.520462
0,109691.00,-8.343619,-6.141440,18.278866,1.355367,2.766951,2.711122,8.581077,-1.926364,-131.520462
0,109715.00,-6.228833,-6.131863,18.506327,1.503974,3.075616,3.061067,8.581077,-1.926364,-131.520462
0,109739.00,-3.038995,-6.399429,17.054768,1.911177,3.341669,3.067991,-80.381920,5.779092,-37.069477
0,109763.00,-2.136934,-7.078219,16.246084,1.982019,3.387210,2.764652,-80.381920,5.779092,-37.069477
0,109787.00,-1.264802,-7.457720,15.371558,1.945799,3.394401,2.482619,-80.381920,5.779092,-37.069477
0,109811.00,-0.618334,-7.542120,14.321648,1.891470,3.328886,2.308446,-80.381920,5.779092,-37.069477
0,109835.00,0.407634,-7.824650,12.633649,1.835542,3.228483,2.217098,-80.381920,5.779092,-37.069477
0,109859.00,3.023432,-6.926180,8.557912,1.400642,2.827139,1.948115,71.450592,42.029762,-17.942303
0,109883.00,3.870424,-6.023520,6.811252,1.121804,2.441241,1.682860,71.450592,42.029762,-17.942303
0,109907.00,4.126019,-5.102902,5.789474,0.870132,1.950679,1.407485,71.450592,42.029762,-17.942303
0,109931.00,4.046407,-4.300804,5.189098,0.698355,1.415110,1.137436,71.450592,42.029762,-17.942303
0,109955.00,3.687857,-3.984753,4.667734,0.587034,0.904574,0.860197,71.450592,42.029762,-17.942303
0,109979.00,3.458601,-3.537015,4.193658,0.231230,0.133577,0.231948,46.758110,-18.738268,-101.729477
0,110003.00,3.443038,-3.243710,4.207425,0.050398,-0.195861,-0.095626,46.758110,-18.738268,-101.729477
0,110027.00,3.275435,-3.313744,4.202637,-0.120046,-0.536751,-0.451696,46.758110,-18.738268,-101.729477
0,110051.00,2.801957,-3.442439,4.582736,-0.312063,-0.900544,-0.806168,46.758110,-18.738268,-101.729477
0,110075.00,1.821482,-3.970387,6.073202,-0.704087,-1.685123,-1.332417,46.758110,-18.738268,-101.729477
0,110099.00,1.371948,-4.161335,6.977059,-0.894506,-2.080343,-1.510852,46.758110,-18.738268,-101.729477
0,110123.00,0.776958,-4.449252,8.180805,-1.092381,-2.461180,-1.715385,109.627625,21.715376,-113.070366
0,110147.00,-0.164011,-4.767098,9.671272,-1.288926,-2.798608,-1.969455,109.627625,21.715376,-113.070366
0,110171.00,-1.207936,-5.247160,11.244343,-1.430874,-3.064662,-2.154814,109.627625,21.715376,-113.070366
0,110195.00,-2.813330,-5.435713,13.857747,-1.754986,-3.331249,-2.244031,109.627625,21.715376,-113.070366
0,110219.00,-3.831517,-4.782063,14.957939,-1.806652,-3.462278,-2.219796,109.627625,21.715376,-113.070366
0,110243.00,-5.086142,-4.515096,15.948590,-1.750458,-3.538978,-2.148688,19.789013,51.311333,-128.812195
0,110267.00,-6.233023,-4.387598,16.794983,-1.717967,-3.446033,-1.976113,19.789013,51.311333,-128.812195
0,110291.00,-7.210506,-3.343673,17.359446,-1.704651,-3.203148,-1.726571,19.789013,51.311333,-128.812195
0,110315.00,-8.683614,-2.199785,16.501080,-1.332070,-2.595140,-1.369436,19.789013,51.311333,-128.812195
0,110339.00,-9.364799,-2.202179,15.736692,-1.161358,-2.208443,-1.287942,19.789013,51.311333,-128.812195
0,110363.00,-9.850247,-2.202179,14.772379,-1.014350,-1.749040,-1.180082,3.677604,61.118279,-60.766857
0,110387.00,-9.933451,-1.813102,13.917605,-0.896103,-1.268865,-0.999517,3.677604,61.118279,-60.766857
0,110411.00,-9.580886,-0.782944,13.216667,-0.776792,-0.848878,-0.816289,3.677604,61.118279,-60.766857
0,110435.00,-11.279060,-0.422000,13.260962,-0.185561,-0.371100,-0.466078,3.677604,61.118279,-60.766857
0,110459.00,-12.445695,-1.148677,13.847571,0.030158,0.018527,-0.200823,3.677604,61.118279,-60.766857
0,110483.00,-12.589952,-1.452756,14.477279,0.176634,0.550901,0.282282,-18.037773,45.357117,-16.418900
0,110507.00,-11.626237,-1.268393,15.087831,0.331366,1.092862,0.823711,-18.037773,45.357117,-16.418900
0,110531.00,-10.427279,-1.931022,15.508634,0.592626,1.511251,1.330252,-18.037773,45.357117,-16.418900
0,110555.00,-8.004823,-2.870196,16.482525,1.054958,2.121657,2.191797,-18.037773,45.357117,-16.418900
0,110579.00,-6.792696,-3.440643,16.560339,1.275738,2.415674,2.458917,-18.037773,45.357117,-16.418900
0,110603.00,-5.387827,-3.575324,16.389744,1.463227,2.687054,2.562782,-18.037773,45.357117,-16.418900
0,110627.00,-4.189468,-3.936268,15.791163,1.649118,2.891855,2.471700,-6.129340,7.530332,-30.637329
0,110651.00,-3.236527,-4.677311,15.065683,1.779615,3.018357,2.254915,-6.129340,7.530332,-30.637329
0,110675.00,-2.111794,-6.510166,13.856550,1.806514,3.020487,1.948381,-6.129340,7.530332,-30.637329
0,110699.00,-1.163641,-6.699318,13.153816,1.737803,2.913160,2.001112,-6.129340,7.530332,-30.637329
0,110723.00,-0.443548,-6.632277,12.155383,1.674685,2.731530,2.072486,-6.129340,7.530332,-30.637329
0,110747.00,0.312459,-6.411999,10.706817,1.573217,2.541377,2.058105,-25.042732,2.276612,-74.646751
0,110771.00,1.286949,-5.843946,9.026002,1.399843,2.394369,1.936929,-25.042732,2.276612,-74.646751
0,110795.00,3.706413,-5.084346,5.557225,0.913009,2.010868,1.375526,-25.042732,2.276612,-74.646751
0,110819.00,4.483371,-4.202038,4.549215,0.643493,1.580228,1.089499,-25.042732,2.276612,-74.646751
0,110843.00,4.616855,-3.602260,4.008098,0.476777,0.997786,0.824510,-25.042732,2.276612,-74.646751
0,110867.00,4.151159,-3.594478,3.816552,0.359596,0.400430,0.525432,45.357117,50.610836,-21.496910
0,110891.00,3.632788,-3.686660,3.894966,0.210191,-0.087203,0.199190,45.357117,50.610836,-21.496910
0,110915.00,2.645129,-3.827925,4.627030,-0.195948,-0.772444,-0.513749,45.357117,50.610836,-21.496910
0,110939.00,1.996267,-4.133800,5.301033,-0.385568,-1.092028,-0.816821,45.357117,50.610836,-21.496910
0,110963.00,1.394095,-4.249326,6.052252,-0.578650,-1.390041,-1.043992,45.357117,50.610836,-21.496910
0,110987.00,0.952941,-4.496540,6.702311,-0.748296,-1.663818,-1.236808,45.357117,50.610836,-21.496910
0,111011.00,0.656643,-4.619848,7.474480,-0.935252,-1.928007,-1.435483,81.082413,12.083556,-44.178692
0,111035.00,-0.447140,-5.368074,9.786200,-1.319286,-2.496068,-1.893554,81.082413,12.083556,-44.178692
0,111059.00,-1.615570,-5.881656,11.112655,-1.484138,-2.733094,-2.014463,81.082413,12.083556,-44.178692
0,111083.00,-2.494885,-5.850530,12.456470,-1.645528,-2.884097,-2.037899,81.082413,12.083556,-44.178692
0,111107.00,-3.393954,-5.503952,13.699123,-1.752056,-3.001544,-2.016061,81.082413,12.083556,-44.178692
0,111131.00,-4.194257,-5.338743,14.698753,-1.769634,-3.071054,-1.968123,-5.253720,60.242657,-5.755078
0,111155.00,-5.423742,-4.983186,15.470324,-1.672959,-2.857198,-1.781965,-5.253720,60.242657,-5.755078
0,111179.00,-5.587753,-4.399570,15.462543,-1.648724,-2.598868,-1.668513,-5.253720,60.242657,-5.755078
0,111203.00,-6.027112,-3.408918,15.572083,-1.597058,-2.345331,-1.590215,-5.253720,60.242657,-5.755078
0,111227.00,-6.683156,-2.809739,15.372755,-1.447919,-2.097121,-1.511917,-5.253720,60.242657,-5.755078
0,111251.00,-7.243428,-2.420661,14.868751,-1.275343,-1.819881,-1.393937,16.636780,19.088516,8.971151
0,111275.00,-7.597189,-0.669812,13.630885,-0.999702,-1.117063,-1.110572,16.636780,19.088516,8.971151
0,111299.00,-8.086828,-0.065245,13.111916,-0.804489,-0.884032,-1.010170,16.636780,19.088516,8.971151
0,111323.00,-9.157091,0.544709,13.274729,-0.615136,-0.687488,-0.939328,16.636780,19.088516,8.971151
0,111347.00,-10.510483,0.790127,13.659019,-0.390095,-0.428625,-0.779536,16.636780,19.088516,8.971151
0,111371.00,-11.987182,0.703931,14.222282,-0.131232,-0.090665,-0.525467,67.772987,38.001907,-59.751255
0,111395.00,-12.966460,0.167603,15.695989,0.402207,0.857968,0.336611,67.772987,38.001907,-59.751255
0,111419.00,-12.388829,-0.694354,15.913873,0.672522,1.379689,0.782698,67.772987,38.001907,-59.751255
0,111443.00,-11.639406,-2.117181,16.229324,0.903955,1.830036,1.189901,67.772987,38.001907,-59.751255
0,111467.00,-10.346471,-3.660322,16.429251,1.120739,2.194895,1.629596,67.772987,38.001907,-59.751255
0,111491.00,-9.121775,-4.667734,16.990122,1.273074,2.456421,2.104711,67.772987,38.001907,-59.751255
0,111515.00,-5.964261,-4.805408,17.197229,1.682408,2.813290,2.754532,71.450592,19.964136,-80.232567
0,111539.00,-4.792838,-5.466840,17.055965,1.923694,2.938461,2.699936,71.450592,19.964136,-80.232567
0,111563.00,-3.962606,-6.489216,16.911707,2.076296,3.101981,2.496734,71.450592,19.964136,-80.232567
0,111587.00,-2.424851,-7.207513,16.004856,2.125831,3.315037,2.299923,71.450592,19.964136,-80.232567
0,111611.00,-0.557279,-7.837819,14.362350,2.096004,3.451660,2.129479,71.450592,19.964136,-80.232567
0,111635.00,3.310153,-6.851357,9.546767,1.714899,3.184541,1.876475,-42.380009,-82.308281,-36.900208
0,111659.00,3.727363,-6.074399,8.057498,1.483467,2.709159,1.614149,-42.380009,-82.308281,-36.900208
0,111683.00,3.520254,-5.737997,7.161422,1.299174,2.174654,1.352889,-42.380009,-82.308281,-36.900208
0,111707.00,3.038397,-5.269907,6.775338,1.103695,1.731498,1.129447,-42.380009,-82.308281,-36.900208
0,111731.00,3.514867,-5.455467,5.524902,0.948430,1.432420,0.950213,-42.380009,-82.308281,-36.900208
0,111755.00,4.834139,-4.206228,4.004507,0.438161,0.697110,0.454858,66.897369,-44.831745,-78.539894
0,111779.00,4.357669,-4.209221,3.969190,0.269580,0.187640,0.125153,66.897369,-44.831745,-78.539894
0,111803.00,3.755497,-4.498934,4.061970,0.076498,-0.249924,-0.161407,66.897369,-44.831745,-78.539894
0,111827.00,3.675885,-4.647382,4.178693,-0.172512,-0.587085,-0.375795,66.897369,-44.831745,-78.539894
0,111851.00,3.560359,-4.382810,4.539638,-0.440163,-0.939960,-0.588319,66.897369,-44.831745,-78.539894
0,111875.00,2.235700,-4.710233,6.384464,-0.870004,-1.806033,-1.065831,77.755058,-31.172073,-67.368271
0,111899.00,1.431806,-5.143606,7.595393,-1.055895,-2.167962,-1.270098,77.755058,-31.172073,-67.368271
0,111923.00,0.620728,-5.666766,8.802133,-1.259630,-2.449462,-1.453326,77.755058,-31.172073,-67.368271
0,111947.00,0.029929,-6.101336,9.990914,-1.482274,-2.689151,-1.629364,77.755058,-31.172073,-67.368271
0,111971.00,-0.657242,-6.373690,11.223991,-1.716370,-2.934698,-1.803005,77.755058,-31.172073,-67.368271
0,111995.00,-2.022006,-6.534708,13.688947,-2.095609,-3.491573,-2.109806,-59.367039,54.813812,-78.709160
0,112019.00,-3.302969,-5.995985,15.895316,-2.227971,-3.694509,-2.173190,-59.367039,54.813812,-78.709160
0,112043.00,-4.645586,-5.739792,17.165504,-2.105197,-3.668410,-2.106077,-59.367039,54.813812,-78.709160
0,112067.00,-5.711061,-5.673350,17.048183,-1.902261,-3.358147,-1.989429,-59.367039,54.813812,-78.709160
0,112091.00,-5.918768,-5.104100,16.422068,-1.838344,-2.893684,-1.925778,-59.367039,54.813812,-78.709160
0,112115.00,-7.047093,-2.786394,16.604635,-1.777090,-2.142928,-2.034703,-15.410913,106.475395,-79.555496
0,112139.00,-7.994048,-2.363796,16.457384,-1.468692,-1.779667,-1.899413,-15.410913,106.475395,-79.555496
0,112163.00,-8.192777,-2.491892,15.463141,-1.077201,-1.265669,-1.630962,-15.410913,106.475395,-79.555496
0,112187.00,-7.837220,-2.156687,13.875106,-0.820468,-0.774042,-1.368370,-15.410913,106.475395,-79.555496
0,112211.00,-7.685779,-1.255224,12.753366,-0.681449,-0.449398,-1.234145,-15.410913,106.475395,-79.555496
0,112235.00,-9.338461,-0.400451,13.284307,-0.407672,-0.105312,-1.062901,33.623810,117.683334,-20.989109
0,112259.00,-11.065367,0.012570,14.623332,-0.218052,0.126386,-0.812560,33.623810,117.683334,-20.989109
0,112283.00,-12.352316,-0.062851,15.262018,0.091944,0.517344,-0.417607,33.623810,117.683334,-20.989109
0,112307.00,-12.569601,-0.855372,15.420043,0.380635,1.047588,0.002646,33.623810,117.683334,-20.989109
0,112331.00,-12.261930,-1.578458,16.064714,0.608339,1.551998,0.459119,33.623810,117.683334,-20.989109
0,112355.00,-10.693049,-4.565377,17.896971,1.160687,2.254284,1.694045,33.623810,117.683334,-20.989109
0,112379.00,-8.994876,-5.509937,18.314182,1.395582,2.599169,2.449595,-60.067535,55.864559,-127.119530
0,112403.00,-6.913610,-5.520712,18.198656,1.624351,2.877740,3.037630,-60.067535,55.864559,-127.119530
0,112427.00,-5.383038,-5.526099,17.926901,1.865370,3.054843,3.220326,-60.067535,55.864559,-127.119530
0,112451.00,-4.275663,-5.988204,17.385185,2.056056,3.194661,3.062398,-60.067535,55.864559,-127.119530
0,112475.00,-2.456576,-7.190753,15.473915,2.154594,3.499864,2.563314,-60.067535,55.864559,-127.119530
0,112499.00,-1.271984,-7.321243,13.879296,2.094938,3.525430,2.429621,9.982068,73.727203,-77.693558
0,112523.00,-0.127498,-7.093782,12.157777,1.983883,3.363508,2.330018,9.982068,73.727203,-77.693558
0,112547.00,0.591997,-6.869913,10.766675,1.861642,3.037798,2.212570,9.982068,73.727203,-77.693558
0,112571.00,2.282988,-6.560447,7.538528,1.531937,2.435382,1.954240,9.982068,73.727203,-77.693558
0,112595.00,3.404728,-6.055244,5.972042,1.226202,2.141897,1.702834,9.982068,73.727203,-77.693558
0,112619.00,4.128413,-5.475220,4.834139,0.921532,1.726171,1.383250,97.018700,37.126289,-80.909630
0,112643.00,4.228375,-4.860477,4.248727,0.665864,1.226289,1.069791,97.018700,37.126289,-80.909630
0,112667.00,4.109258,-4.651572,3.736342,0.469320,0.751972,0.796280,97.018700,37.126289,-80.909630
0,112691.00,4.236756,-4.191862,3.174873,0.025364,-0.034737,0.212772,97.018700,37.126289,-80.909630
0,112715.00,3.994330,-4.011689,3.471171,-0.215655,-0.436615,-0.148890,97.018700,37.126289,-80.909630
0,112739.00,3.526240,-4.047604,4.112251,-0.434571,-0.825442,-0.495905,97.018700,37.126289,-80.909630
0,112763.00,3.059347,-4.473794,4.683896,-0.626854,-1.171658,-0.807500,39.753147,54.463566,40.454815
0,112787.00,2.676255,-4.865266,5.493776,-0.873733,-1.512282,-1.101251,39.753147,54.463566,40.454815
0,112811.00,1.814299,-5.436911,7.785143,-1.354973,-2.311242,-1.524434,39.753147,54.463566,40.454815
0,112835.00,1.288146,-5.962465,9.222337,-1.548321,-2.720044,-1.662388,39.753147,54.463566,40.454815
0,112859.00,0.490238,-6.550869,10.737944,-1.752855,-3.075581,-1.773177,39.753147,54.463566,40.454815
0,112883.00,-0.073027,-6.782520,12.120067,-1.986951,-3.324590,-1.846681,-1.400992,15.761161,-3.723874
0,112907.00,-0.514780,-6.969876,13.779333,-2.213057,-3.542707,-1.893820,-1.400992,15.761161,-3.723874
0,112931.00,-2.293164,-5.972641,17.931688,-2.438364,-3.998380,-1.774508,-1.400992,15.761161,-3.723874
0,112955.00,-4.091899,-5.545254,19.261137,-2.317987,-4.006903,-1.630962,-1.400992,15.761161,-3.723874
0,112979.00,-5.764933,-5.064593,19.534090,-2.164853,-3.673203,-1.510319,-1.400992,15.761161,-3.723874
0,113003.00,-6.548475,-4.171511,19.020508,-2.088685,-3.058803,-1.509786,-16.111408,106.475395,-21.327644
0,113027.00,-6.782520,-2.712170,18.599705,-2.034622,-2.385013,-1.660257,-16.111408,106.475395,-21.327644
0,113051.00,-7.189556,-1.543740,16.170065,-1.462034,-1.380187,-1.825642,-16.111408,106.475395,-21.327644
0,113075.00,-7.797115,-1.269590,14.763400,-1.138987,-1.033172,-1.731897,-16.111408,106.475395,-21.327644
0,113099.00,-7.973098,-0.906850,13.342369,-0.873999,-0.721843,-1.599003,-16.111408,106.475395,-21.327644
0,113123.00,-8.137109,-0.292706,12.842554,-0.696097,-0.538615,-1.440277,0.175124,54.463566,-34.022671
0,113147.00,-8.915264,0.386683,13.235822,-0.532576,-0.446468,-1.260777,0.175124,54.463566,-34.022671
0,113171.00,-12.624072,0.462104,15.339234,0.039746,-0.090931,-0.775542,0.175124,54.463566,-34.022671
0,113195.00,-13.879894,-0.765585,16.299358,0.387826,0.445970,-0.376860,0.175124,54.463566,-34.022671
0,113219.00,-14.045103,-1.386912,16.757273,0.625916,1.139468,0.183211,0.175124,54.463566,-34.022671
0,113243.00,-13.315433,-2.372176,17.381594,0.860012,1.740819,0.799476,0.175124,54.463566,-34.022671
0,113267.00,-12.073378,-4.045210,17.990349,1.158557,2.162936,1.564880,-0.350248,11.908432,-53.149841
0,113291.00,-8.155665,-5.583563,18.930122,1.653912,2.823677,3.067991,-0.350248,11.908432,-53.149841
0,113315.00,-6.126476,-5.597330,18.672132,1.882149,3.061234,3.421398,-0.350248,11.908432,-53.149841
0,113339.00,-4.580341,-5.722434,18.427912,2.067241,3.230348,3.347094,-0.350248,11.908432,-53.149841
0,113363.00,-3.595077,-6.661008,17.977779,2.202532,3.370166,3.042957,-0.350248,11.908432,-53.149841
0,113387.00,-2.478125,-7.382298,17.357649,2.224370,3.496135,2.753201,31.872568,119.784821,-34.869003
0,113411.00,-0.278340,-8.124539,14.994452,2.171905,3.375758,2.560118,31.872568,119.784821,-34.869003
0,113435.00,0.430380,-7.701342,13.581203,2.098667,3.123021,2.525497,31.872568,119.784821,-34.869003
0,113459.00,0.923610,-7.701342,12.030878,2.015575,2.876142,2.409381,31.872568,119.784821,-34.869003
0,113483.00,1.905283,-7.311068,10.146545,1.820629,2.707828,2.234941,31.872568,119.784821,-34.869003
0,113507.00,2.998890,-6.513758,8.292142,1.550314,2.529127,1.962762,40.278522,57.090424,-49.087433
0,113531.00,3.736941,-5.092727,5.920564,1.095971,1.783164,1.284978,40.278522,57.090424,-49.087433
0,113555.00,3.194028,-4.925124,5.520113,0.927124,1.330420,1.004010,40.278522,57.090424,-49.087433
0,113579.00,3.231140,-5.028678,4.615059,0.776920,1.019890,0.824510,40.278522,57.090424,-49.087433
0,113603.00,3.838700,-4.850301,3.432263,0.520986,0.807899,0.622906,40.278522,57.090424,-49.087433
0,113627.00,4.895793,-4.122427,2.469146,0.212055,0.526932,0.366706,40.278522,57.090424,-49.087433
0,113651.00,4.747345,-3.435256,2.806147,-0.258799,-0.558057,-0.380589,91.239609,-45.707367,-58.735653
0,113675.00,3.455608,-3.938064,3.880600,-0.470257,-1.124786,-0.747844,91.239609,-45.707367,-58.735653
0,113699.00,2.382951,-4.419921,4.940088,-0.717935,-1.531989,-1.028279,91.239609,-45.707367,-58.735653
0,113723.00,1.817890,-4.574954,6.031301,-0.984522,-1.829469,-1.253853,91.239609,-45.707367,-58.735653
0,113747.00,1.456946,-4.963433,7.015368,-1.234330,-2.113633,-1.472501,91.239609,-45.707367,-58.735653
0,113771.00,0.520167,-5.845143,9.892747,-1.688406,-2.816718,-1.807532,40.278522,83.008781,-69.738007
0,113795.00,-0.181370,-6.261755,11.596907,-1.894005,-3.138699,-1.902076,40.278522,83.008781,-69.738007
0,113819.00,-1.053502,-6.537701,13.357932,-2.072173,-3.378121,-1.994223,40.278522,83.008781,-69.738007
0,113843.00,-1.588634,-6.800478,14.716112,-2.215454,-3.517673,-2.081842,40.278522,83.008781,-69.738007
0,113867.00,-1.982500,-7.115332,15.782784,-2.335830,-3.583187,-2.143096,40.278522,83.008781,-69.738007
0,113891.00,-3.289202,-6.853153,17.895775,-2.441293,-3.632989,-2.018991,0.700496,22.065624,-67.368271
0,113915.00,-4.364254,-6.291684,18.793047,-2.418656,-3.570937,-1.918854,0.700496,22.065624,-67.368271
0,113939.00,-5.583563,-5.439903,19.318003,-2.334765,-3.365870,-1.798744,0.700496,22.065624,-67.368271
0,113963.00,-6.358127,-4.227777,19.404797,-2.180033,-3.006072,-1.615782,0.700496,22.065624,-67.368271
0,113987.00,-6.894455,-2.645728,18.993572,-1.968308,-2.519238,-1.455990,0.700496,22.065624,-67.368271
0,114011.00,-7.878522,-0.679389,16.381962,-1.392790,-1.448099,-1.457587,-22.240749,36.250668,-17.773037
0,114035.00,-8.190981,0.102357,15.578069,-1.169881,-0.881369,-1.641082,-22.240749,36.250668,-17.773037
0,114059.00,-9.003256,0.181969,15.016001,-0.917143,-0.404656,-1.750273,-22.240749,36.250668,-17.773037
0,114083.00,-9.624582,0.607560,14.127707,-0.679319,0.058475,-1.691683,-22.240749,36.250668,-17.773037
0,114107.00,-9.683843,0.966110,13.012550,-0.412200,0.395902,-1.460251,-22.240749,36.250668,-17.773037
0,114131.00,-11.073747,-0.044295,13.840388,0.162519,0.590582,-0.643180,0.875620,108.051514,-46.548428
0,114155.00,-12.135031,-1.371349,14.459321,0.479707,0.747711,-0.004545,0.875620,108.051514,-46.548428
0,114179.00,-11.730391,-2.507456,14.692169,0.709274,1.089134,0.753935,0.875620,108.051514,-46.548428
0,114203.00,-10.727169,-2.857625,15.553527,0.856550,1.393538,1.496702,0.875620,108.051514,-46.548428
0,114227.00,-9.825108,-3.408918,16.953009,1.113815,1.603930,2.131343,0.875620,108.051514,-46.548428
0,114251.00,-7.597189,-5.514726,18.757132,1.703980,2.288373,3.008868,50.785961,121.185814,-50.103035
0,114275.00,-5.351314,-5.858910,18.624247,1.883214,2.798909,3.187036,50.785961,121.185814,-50.103035
0,114299.00,-3.378391,-5.178324,18.160946,2.084019,3.150984,3.126315,50.785961,121.185814,-50.103035
0,114323.00,-1.978909,-5.783489,17.447437,2.247806,3.367236,2.746010,50.785961,121.185814,-50.103035
0,114347.00,-1.540747,-6.222249,16.699810,2.309060,3.496668,2.289537,50.785961,121.185814,-50.103035
0,114371.00,-0.302283,-7.345187,14.438969,2.168176,3.698805,1.703633,27.319345,46.582985,-39.608482
0,114395.00,0.747029,-7.542718,12.619882,2.057387,3.634089,1.624802,27.319345,46.582985,-39.608482
0,114419.00,1.808313,-7.609759,10.515870,1.882947,3.415706,1.572870,27.319345,46.582985,-39.608482
0,114443.00,2.781007,-7.084205,8.628544,1.616095,3.064963,1.520405,27.319345,46.582985,-39.608482
0,114467.00,3.786024,-6.820830,6.781323,1.324208,2.636187,1.420534,27.319345,46.582985,-39.608482
0,114491.00,4.762310,-5.206457,4.668333,0.759609,1.487815,1.187771,27.319345,46.582985,-39.608482
0,114515.00,4.591714,-4.567173,4.340310,0.560135,0.842787,1.015462,56.389931,-25.918352,-78.878426
0,114539.00,4.273269,-4.376225,4.248129,0.403273,0.309082,0.778437,56.389931,-25.918352,-78.878426
0,114563.00,4.303797,-4.366049,4.060174,0.196875,-0.050983,0.470304,56.389931,-25.918352,-78.878426
0,114587.00,4.539039,-3.808770,4.142180,-0.072109,-0.339674,0.097989,56.389931,-25.918352,-78.878426
0,114611.00,3.711800,-4.345099,5.210647,-0.495824,-1.052613,-0.737458,56.389931,-25.918352,-78.878426
0,114635.00,2.913892,-4.840724,6.060632,-0.693434,-1.417205,-1.022687,11.032812,67.072495,-93.266121
0,114659.00,2.381753,-5.298638,6.936356,-0.913414,-1.749307,-1.243466,11.032812,67.072495,-93.266121
0,114683.00,1.898100,-5.293251,8.126334,-1.133128,-2.101648,-1.417373,11.032812,67.072495,-93.266121
0,114707.00,1.300118,-5.727821,9.327686,-1.289458,-2.447066,-1.593943,11.032812,67.072495,-93.266121
0,114731.00,-0.151441,-6.631080,11.963239,-1.692134,-2.937894,-1.922050,11.032812,67.072495,-93.266121
0,114755.00,-0.716501,-6.719071,13.271137,-1.844469,-3.109404,-1.997951,64.971008,-23.291492,0.846335
0,114779.00,-1.637119,-6.762169,14.511397,-1.950731,-3.252950,-2.034970,64.971008,-23.291492,0.846335
0,114803.00,-2.876780,-6.658016,15.776199,-2.034622,-3.331249,-2.065330,64.971008,-23.291492,0.846335
0,114827.00,-3.899156,-6.437140,16.764456,-2.066048,-3.288371,-2.062667,64.971008,-23.291492,0.846335
0,114851.00,-4.940088,-5.122057,17.792219,-2.023437,-2.938959,-1.897016,64.971008,-23.291492,0.846335
0,114875.00,-5.680533,-4.701254,17.547998,-1.895869,-2.743214,-1.837893,32.397942,-62.869518,-64.490730
0,114899.00,-6.753788,-3.733948,17.174484,-1.746730,-2.475562,-1.726305,32.397942,-62.869518,-64.490730
0,114923.00,-7.516381,-2.757064,16.220945,-1.533674,-2.126949,-1.572105,32.397942,-62.869518,-64.490730
0,114947.00,-8.525588,-2.102815,15.524197,-1.278539,-1.801505,-1.413112,32.397942,-62.869518,-64.490730
0,114971.00,-9.087057,-0.347776,14.207318,-0.795701,-1.031041,-0.855704,32.397942,-62.869518,-64.490730
0,114995.00,-8.705761,0.482456,13.097549,-0.574389,-0.667248,-0.598705,32.397942,-62.869518,-64.490730
0,115019.00,-8.578263,1.177409,12.429533,-0.356805,-0.390808,-0.412814,85.460518,81.607788,-63.982933
0,115043.00,-8.890124,1.582049,12.451082,-0.160793,-0.184143,-0.332385,85.460518,81.607788,-63.982933
0,115067.00,-10.232142,1.305505,13.144238,0.077829,0.005211,-0.266337,85.460518,81.607788,-63.982933
0,115091.00,-12.434920,0.289115,15.090225,0.569989,0.778871,0.034871,85.460518,81.607788,-63.982933
0,115115.00,-12.576185,-0.817662,16.148516,0.842168,1.355188,0.330486,85.460518,81.607788,-63.982933
0,115139.00,-11.701060,-2.223728,16.886566,1.092243,1.974382,0.702535,59.717285,14.185044,17.095968
0,115163.00,-10.254290,-3.394552,17.437859,1.315952,2.516077,1.138768,59.717285,14.185044,17.095968
0,115187.00,-6.432949,-5.357898,17.443846,1.682675,3.213037,1.953175,59.717285,14.185044,17.095968
0,115211.00,-4.625834,-6.165383,17.634792,1.807313,3.358181,2.240534,59.717285,14.185044,17.095968
0,115235.00,-2.657699,-6.167179,17.845493,1.887741,3.423163,2.390472,59.717285,14.185044,17.095968
0,115259.00,-1.298322,-6.315029,17.889189,2.031021,3.388009,2.382749,0.875620,30.996948,-12.695026
0,115283.00,-0.178976,-7.637893,16.567522,2.130359,3.393602,2.204847,0.875620,30.996948,-12.695026
0,115307.00,3.183253,-7.669019,12.180523,1.669092,3.447398,1.821879,0.875620,30.996948,-12.695026
0,115331.00,4.396577,-6.886075,10.274043,1.424078,3.127814,1.634123,0.875620,30.996948,-12.695026
0,115355.00,4.604883,-6.444921,8.681219,1.280531,2.554960,1.492974,0.875620,30.996948,-12.695026
0,115379.00,4.248129,-6.286297,7.870740,1.166280,1.951212,1.406952,0.875620,30.996948,-12.695026
0,115403.00,4.193658,-6.133659,7.027939,1.000895,1.524833,1.278053,48.859596,3.327356,-18.111570
0,115427.00,4.524673,-5.081952,5.559021,0.559336,0.947451,0.741418,48.859596,3.327356,-18.111570
0,115451.00,4.564179,-5.014911,5.065790,0.352405,0.638520,0.400795,48.859596,3.327356,-18.111570
0,115475.00,4.508512,-5.076565,4.633017,0.163584,0.268867,0.127017,48.859596,3.327356,-18.111570
0,115499.00,4.422316,-5.146000,4.530659,-0.030563,-0.142597,-0.074321,48.859596,3.327356,-18.111570
0,115523.00,4.272671,-4.951461,4.883822,-0.238293,-0.577232,-0.251424,5.428844,12.083556,18.111570
0,115547.00,3.358638,-5.497367,6.153412,-0.633245,-1.344500,-0.809098,5.428844,12.083556,18.111570
0,115571.00,2.754669,-5.823594,7.135085,-0.872135,-1.657426,-1.117763,5.428844,12.083556,18.111570
0,115595.00,2.013626,-6.126476,8.105384,-1.100371,-1.963961,-1.343336,5.428844,12.083556,18.111570
0,115619.00,1.491065,-6.452104,9.204977,-1.306769,-2.298193,-1.467974,5.428844,12.083556,18.111570
0,115643.00,1.038538,-6.519743,10.481750,-1.490530,-2.666247,-1.527363,86.686378,11.733308,-32.329998
0,115667.00,-0.495026,-6.792098,12.914384,-1.794668,-3.255081,-1.671975,86.686378,11.733308,-32.329998
0,115691.00,-1.339624,-6.977658,14.275557,-1.952595,-3.397829,-1.779036,86.686378,11.733308,-32.329998
0,115715.00,-2.227320,-6.857942,15.797748,-2.098539,-3.465740,-1.885564,86.686378,11.733308,-32.329998
0,115739.00,-3.941057,-6.382668,17.326523,-2.166983,-3.470001,-1.991293,86.686378,11.733308,-32.329998
0,115763.00,-6.161792,-5.381243,18.787659,-2.129965,-3.342168,-2.088500,100.696304,93.341095,-80.401833
0,115787.00,-9.403707,-3.208394,18.493158,-1.761111,-2.365571,-2.079179,100.696304,93.341095,-80.401833
0,115811.00,-9.640744,-2.254256,16.671078,-1.450049,-1.639316,-1.859997,100.696304,93.341095,-80.401833
0,115835.00,-8.590235,-0.535131,14.687979,-1.176538,-1.033971,-1.620842,100.696304,93.341095,-80.401833
0,115859.00,-8.107779,0.149645,12.938327,-0.849764,-0.774042,-1.506857,100.696304,93.341095,-80.401833
0,115883.00,-9.065508,0.162215,12.629459,-0.627386,-0.678433,-1.432820,100.696304,93.341095,-80.401833
0,115907.00,-10.997128,0.966708,13.252582,-0.273447,-0.223825,-1.120160,10.332316,30.646700,-24.543716
0,115931.00,-12.272705,0.700340,13.777537,-0.029764,0.052083,-0.892722,10.332316,30.646700,-24.543716
0,115955.00,-13.585393,-0.769176,14.404850,0.253068,0.362080,-0.535321,10.332316,30.646700,-24.543716
0,115979.00,-13.910422,-1.867573,15.384129,0.469853,0.796714,0.065497,10.332316,30.646700,-24.543716
0,116003.00,-12.840758,-2.017816,16.140734,0.648553,1.306451,0.824244,10.332316,30.646700,-24.543716
0,116027.00,-9.929260,-4.184679,16.632170,1.147904,1.994090,2.152382,78.105309,-27.669592,-36.561676
0,116051.00,-8.566890,-4.579144,17.725777,1.314354,2.230315,2.688218,78.105309,-27.669592,-36.561676
0,116075.00,-6.896850,-5.047235,18.095699,1.563896,2.508354,3.087432,78.105309,-27.669592,-36.561676
0,116099.00,-5.117867,-5.042446,17.932287,1.805981,2.785327,3.223256,78.105309,-27.669592,-36.561676
0,116123.00,-3.292195,-5.180718,17.871830,2.019037,3.004508,3.010998,78.105309,-27.669592,-36.561676
0,116147.00,-1.538353,-7.361947,17.379198,2.221973,3.365372,2.126283,-41.854637,43.255630,-66.860474
0,116171.00,-0.783542,-8.307106,16.280802,2.175633,3.539545,1.854636,-41.854637,43.255630,-66.860474
0,116195.00,0.490836,-8.689599,14.488052,2.040343,3.637285,1.763821,-41.854637,43.255630,-66.860474
0,116219.00,2.050140,-8.653685,12.057216,1.864305,3.552062,1.780067,-41.854637,43.255630,-66.860474
0,116243.00,3.607647,-7.943169,9.548563,1.641661,3.251121,1.809895,-41.854637,43.255630,-66.860474
0,116267.00,4.500132,-6.212671,6.072604,1.098102,2.187704,1.559287,71.275467,7.180084,-94.620262
0,116291.00,4.176299,-5.854122,4.946074,0.840570,1.687289,1.350759,71.275467,7.180084,-94.620262
0,116315.00,4.789246,-5.855319,3.402933,0.563065,1.300326,1.175520,71.275467,7.180084,-94.620262
0,116339.00,5.848135,-5.157373,2.625376,0.200070,0.855304,1.015195,71.275467,7.180084,-94.620262
0,116363.00,6.239009,-4.403162,2.481717,-0.096344,0.207348,0.762191,71.275467,7.180084,-94.620262
0,116387.00,4.093695,-4.476787,4.350486,-0.434038,-1.144227,0.176020,19.789013,-38.001907,-67.199005
0,116411.00,3.179662,-4.717416,5.430925,-0.647094,-1.462214,-0.161940,19.789013,-38.001907,-67.199005
0,116435.00,2.681044,-4.787450,6.225840,-0.872934,-1.638251,-0.551833,19.789013,-38.001907,-67.199005
0,116459.00,2.257847,-4.917941,7.142866,-1.094778,-1.818017,-0.966493,19.789013,-38.001907,-67.199005
0,116483.00,1.613176,-5.127444,8.173622,-1.258299,-2.043857,-1.293002,19.789013,-38.001907,-67.199005
0,116507.00,0.456717,-5.905600,10.293198,-1.508107,-2.516575,-1.624038,30.296453,49.910343,-17.773037
0,116531.00,-0.263974,-6.166581,11.398777,-1.662306,-2.695542,-1.780101,30.296453,49.910343,-17.773037
0,116555.00,-0.797908,-6.570623,12.355309,-1.825294,-2.810593,-1.954807,30.296453,49.910343,-17.773037
0,116579.00,-1.176810,-6.816639,13.409410,-2.014116,-2.902739,-2.116197,30.296453,49.910343,-17.773037
0,116603.00,-1.910072,-6.778330,14.790336,-2.147808,-3.037231,-2.200621,30.296453,49.910343,-17.773037
0,116627.00,-4.482772,-6.198904,17.260679,-2.218649,-3.210339,-2.022719,54.113316,45.707367,-7.278481
0,116651.00,-5.436312,-5.129838,18.035841,-2.176837,-3.091560,-1.810195,54.113316,45.707367,-7.278481
0,116675.00,-6.326402,-3.767468,18.287844,-2.068978,-2.866253,-1.602199,54.113316,45.707367,-7.278481
0,116699.00,-6.994418,-1.895706,18.364462,-1.912381,-2.575432,-1.424031,54.113316,45.707367,-7.278481
0,116723.00,-7.686976,-0.955335,17.877817,-1.615434,-2.197524,-1.294866,54.113316,45.707367,-7.278481
0,116747.00,-8.427421,0.247813,15.654687,-0.938182,-1.175387,-1.155580,54.113316,45.707367,-7.278481
0,116771.00,-8.337634,0.564462,14.185171,-0.672661,-0.614783,-1.199257,-19.088516,10.682565,-29.283194
0,116795.00,-8.416048,0.501611,13.241209,-0.480378,-0.156712,-1.298328,-19.088516,10.682565,-29.283194
0,116819.00,-9.106212,0.302283,13.018537,-0.298747,0.151420,-1.282881,-19.088516,10.682565,-29.283194
0,116843.00,-10.384182,0.332811,12.968854,-0.103268,0.395636,-1.074086,-19.088516,10.682565,-29.283194
0,116867.00,-12.683929,-0.919420,13.961900,0.357466,0.839858,-0.282849,-19.088516,10.682565,-29.283194
0,116891.00,-14.147460,-1.901093,15.273391,0.613133,1.070225,0.343003,91.764977,32.573067,-38.931412
0,116915.00,-14.733471,-2.753472,17.084099,0.831782,1.479559,1.075384,91.764977,32.573067,-38.931412
0,116939.00,-14.012779,-3.712399,18.502735,1.103961,2.057740,1.834929,91.764977,32.573067,-38.931412
0,116963.00,-12.094328,-4.924525,19.268320,1.409164,2.655629,2.469569,91.764977,32.573067,-38.931412
0,116987.00,-8.346612,-6.937553,19.488598,1.836874,3.508652,3.184106,91.764977,32.573067,-38.931412
0,117011.00,-6.377880,-7.576239,19.184519,1.966306,3.743813,3.357214,-8.581077,55.864559,-50.949371
0,117035.00,-4.235559,-7.895881,18.228584,2.062181,3.830367,3.470933,-8.581077,55.864559,-50.949371
0,117059.00,-2.512843,-8.139503,17.278038,2.149267,3.700136,3.530589,-8.581077,55.864559,-50.949371
0,117083.00,-0.980476,-8.077849,16.236507,2.198537,3.467639,3.511680,-8.581077,55.864559,-50.949371
0,117107.00,1.977711,-7.502015,12.641431,2.171638,3.103846,3.023249,-8.581077,55.864559,-50.949371
0,117131.00,4.139786,-7.091987,9.648526,1.986280,3.003975,2.508718,-8.581077,55.864559,-50.949371
0,117155.00,5.325574,-6.259959,7.509198,1.663233,2.715018,1.820281,30.646700,-18.738268,-71.261414
0,117179.00,5.550641,-5.800249,6.145630,1.410762,2.191166,1.189102,30.646700,-18.738268,-71.261414
0,117203.00,5.112480,-5.978626,5.211844,1.220609,1.593011,0.762457,30.646700,-18.738268,-71.261414
0,117227.00,4.980792,-5.540465,3.987746,0.759076,0.615883,0.415442,30.646700,-18.738268,-71.261414
0,117251.00,4.947271,-5.078959,3.669900,0.499681,0.200956,0.176287,30.646700,-18.738268,-71.261414
0,117275.00,4.528863,-5.153782,3.648351,0.234159,-0.154049,-0.125454,69.349106,-18.212896,-97.159264
0,117299.00,4.267283,-5.247759,3.787820,-0.064652,-0.453126,-0.410417,69.349106,-18.212896,-97.159264
0,117323.00,4.152356,-5.239379,4.130807,-0.354675,-0.790021,-0.651436,69.349106,-18.212896,-97.159264
0,117347.00,3.335293,-5.696096,5.735004,-0.864678,-1.622805,-1.077549,69.349106,-18.212896,-97.159264
0,117371.00,2.900125,-5.952289,6.672980,-1.126737,-2.041460,-1.279419,69.349106,-18.212896,-97.159264
0,117395.00,2.378162,-6.223446,7.898275,-1.384002,-2.463045,-1.477828,71.450592,-9.106448,-50.103035
0,117419.00,1.565289,-6.744211,9.464163,-1.627419,-2.862259,-1.663187,71.450592,-9.106448,-50.103035
0,117443.00,0.657840,-7.203921,11.157549,-1.882021,-3.189566,-1.842154,71.450592,-9.106448,-50.103035
0,117467.00,-1.097797,-8.496857,14.404251,-2.332102,-3.647371,-2.122056,71.450592,-9.106448,-50.103035
0,117491.00,-2.187813,-8.483687,16.571114,-2.591498,-3.801570,-2.151884,71.450592,-9.106448,-50.103035
0,117515.00,-3.811763,-7.895881,18.673330,-2.727854,-3.913424,-2.123122,3.677604,-62.869518,-17.773037
0,117539.00,-5.721835,-7.308673,19.614300,-2.665002,-3.893184,-2.002745,3.677604,-62.869518,-17.773037
0,117563.00,-6.766957,-6.587982,19.614300,-2.532641,-3.615412,-1.817652,3.677604,-62.869518,-17.773037
0,117587.00,-8.592629,-2.949807,19.614300,-2.152069,-2.632424,-1.635489,3.677604,-62.869518,-17.773037
0,117611.00,-8.858399,-2.059118,19.614300,-1.845535,-1.965292,-1.714054,3.677604,-62.869518,-17.773037
0,117635.00,-8.872167,-1.200155,17.612047,-1.500384,-1.225455,-1.760926,3.677604,-62.869518,-17.773037
0,117659.00,-8.845230,-0.198729,15.003431,-1.231667,-0.615848,-1.798477,-49.560093,65.671501,27.590523
0,117683.00,-9.467754,0.591997,12.021899,-0.795967,-0.013698,-1.819250,-49.560093,65.671501,27.590523
0,117707.00,-10.267459,1.375539,12.554636,-0.633778,0.002281,-1.512183,-49.560093,65.671501,27.590523
0,117731.00,-11.223392,1.855002,13.262159,-0.352810,-0.039798,-1.014164,-49.560093,65.671501,27.590523
0,117755.00,-12.738999,1.249238,13.928978,0.149736,-0.170561,-0.264740,-49.560093,65.671501,27.590523
0,117779.00,-14.148059,-0.156828,14.779562,0.478641,0.098423,0.288141,5.603968,-4.903472,7.786283
0,117803.00,-12.301436,-0.878118,17.515076,0.821662,1.257981,1.212538,5.603968,-4.903472,7.786283
0,117827.00,-10.915123,-2.634953,17.658136,1.251236,1.612453,1.849843,5.603968,-4.903472,7.786283
0,117851.00,-9.336066,-4.229573,17.680285,1.589995,1.842021,2.503126,5.603968,-4.903472,7.786283
0,117875.00,-7.871938,-5.228604,18.205839,1.877355,2.024184,3.108738,5.603968,-4.903472,7.786283
0,117899.00,-6.093554,-5.916374,18.525480,2.041142,2.354953,3.337240,-23.641741,22.941244,-23.189581
0,117923.00,-3.935071,-6.126476,18.705055,2.459797,2.998649,2.821645,-23.641741,22.941244,-23.189581
0,117947.00,-2.946814,-7.282934,18.399778,2.565792,3.324359,2.375825,-23.641741,22.941244,-23.189581
0,117971.00,-1.664055,-8.686007,17.644369,2.615062,3.545937,2.040528,-23.641741,22.941244,-23.189581
0,117995.00,-0.595588,-9.055931,16.466362,2.550079,3.626366,1.942522,-23.641741,22.941244,-23.189581
0,118019.00,0.515378,-9.595252,14.383301,2.503207,3.622105,1.949446,-23.641741,22.941244,-23.189581
0,118043.00,4.464815,-8.611185,8.359781,1.988410,3.326489,1.818683,92.815720,-4.553224,-72.784813
0,118067.00,5.702681,-7.543915,6.074998,1.592925,2.847646,1.550499,92.815720,-4.553224,-72.784813
0,118091.00,5.609900,-6.492209,5.062798,1.249105,2.159208,1.279385,92.815720,-4.553224,-72.784813
0,118115.00,5.416559,-6.306050,4.060174,1.019538,1.479293,1.082841,92.815720,-4.553224,-72.784813
0,118139.00,5.278286,-5.896022,3.395750,0.733776,0.909634,0.935033,92.815720,-4.553224,-72.784813
0,118163.00,5.502755,-4.735373,3.010263,0.134023,-0.011568,0.401327,71.275467,-68.823730,-112.224030
0,118187.00,5.104698,-4.713226,3.316737,-0.116851,-0.430223,-0.017594,71.275467,-68.823730,-112.224030
0,118211.00,4.545624,-4.982588,3.927289,-0.371719,-0.826774,-0.429592,71.275467,-68.823730,-112.224030
0,118235.00,3.952430,-5.183112,4.689881,-0.630316,-1.192698,-0.786993,71.275467,-68.823730,-112.224030
0,118259.00,3.259273,-5.568000,5.549444,-0.874532,-1.548235,-1.091397,71.275467,-68.823730,-112.224030
0,118283.00,2.032781,-6.477843,7.624125,-1.373083,-2.278485,-1.583024,37.651661,-8.581077,-40.116283
0,118307.00,1.498847,-6.959102,8.839843,-1.639669,-2.655328,-1.742284,37.651661,-8.581077,-40.116283
0,118331.00,0.940371,-7.196140,10.511081,-1.912115,-3.042291,-1.856002,37.651661,-8.581077,-40.116283
0,118355.00,0.057464,-7.701941,12.396611,-2.129965,-3.391171,-1.954275,37.651661,-8.581077,-40.116283
0,118379.00,-0.800303,-8.084434,14.194748,-2.336895,-3.617276,-2.014197,37.651661,-8.581077,-40.116283
0,118403.00,-3.023432,-7.661836,18.119045,-2.720397,-3.776003,-2.123388,-15.235788,21.890501,-4.908743
0,118427.00,-4.501328,-6.805266,19.614300,-2.693498,-3.745110,-2.121524,-15.235788,21.890501,-4.908743
0,118451.00,-6.263551,-6.086371,19.614300,-2.517194,-3.538445,-2.061868,-15.235788,21.890501,-4.908743
0,118475.00,-7.953345,-4.898188,19.614300,-2.337961,-3.115529,-1.945486,-15.235788,21.890501,-4.908743
0,118499.00,-9.224133,-2.772627,19.614300,-2.193083,-2.494737,-1.813924,-15.235788,21.890501,-4.908743
0,118523.00,-9.618597,-0.404641,17.054768,-1.477214,-1.093360,-1.716451,-38.527283,-58.841667,-40.962616
0,118547.00,-9.232512,-0.152040,14.930404,-1.098507,-0.564981,-1.639218,-38.527283,-58.841667,-40.962616
0,118571.00,-9.289976,0.638686,13.603949,-0.884385,-0.186007,-1.527896,-38.527283,-58.841667,-40.962616
0,118595.00,-9.124767,1.376736,12.985016,-0.683580,0.067529,-1.375561,-38.527283,-58.841667,-40.962616
0,118619.00,-10.198023,2.096829,13.386065,-0.467062,0.151953,-1.147857,-38.527283,-58.841667,-40.962616
0,118643.00,-12.593544,0.987060,14.580235,0.365721,0.105347,-0.018926,23.116369,14.009920,-33.514870
0,118667.00,-13.096951,0.906252,16.211367,0.453873,0.628932,0.212240,23.116369,14.009920,-33.514870
0,118691.00,-12.521116,0.513582,17.519865,0.693828,1.238007,0.576566,23.116369,14.009920,-33.514870
0,118715.00,-11.418530,-1.212126,17.614441,1.139115,1.706198,1.141431,23.116369,14.009920,-33.514870
0,118739.00,-9.723948,-2.866604,17.649158,1.462428,2.084106,1.681795,23.116369,14.009920,-33.514870
0,118763.00,-6.016337,-4.780866,17.560568,1.885078,2.511283,2.712453,-77.755058,128.190765,-115.440102
0,118787.00,-4.468407,-4.724599,17.274446,2.053925,2.639383,2.909797,-77.755058,128.190765,-115.440102
0,118811.00,-3.708807,-5.229802,17.052973,2.245675,2.721676,2.788621,-77.755058,128.190765,-115.440102
0,118835.00,-3.092868,-6.216263,17.028431,2.336224,2.844183,2.460781,-77.755058,128.190765,-115.440102
0,118859.00,-2.457773,-7.036319,16.788399,2.350872,3.000780,2.164366,-77.755058,128.190765,-115.440102
0,118883.00,-1.120543,-7.841410,15.325467,2.287221,3.135538,1.894052,-77.755058,128.190765,-115.440102
0,118907.00,-0.453724,-8.018590,14.070243,2.240882,3.082007,1.855968,15.586037,9.631821,-76.339424
0,118931.00,-0.049682,-7.808488,12.832377,2.126897,2.985866,1.781398,15.586037,9.631821,-76.339424
0,118955.00,0.116125,-7.654054,11.479585,1.971898,2.881202,1.627465,15.586037,9.631821,-76.339424
0,118979.00,0.223869,-7.410432,10.209396,1.766299,2.789588,1.453558,15.586037,9.631821,-76.339424
0,119003.00,2.309924,-6.123483,6.508370,1.265085,2.537649,1.253285,15.586037,9.631821,-76.339424
0,119027.00,3.616626,-5.189697,4.496540,1.019271,2.182910,1.165133,-38.001907,29.245708,9.648220
0,119051.00,4.811992,-4.455836,2.710973,0.767066,1.662787,1.031973,-38.001907,29.245708,9.648220
0,119075.00,5.424340,-3.603457,1.651485,0.497284,1.035603,0.824244,-38.001907,29.245708,9.648220
0,119099.00,5.640428,-3.137163,1.189380,0.246410,0.392440,0.508122,-38.001907,29.245708,9.648220
0,119123.00,4.825161,-3.101248,2.154293,-0.271316,-0.788690,-0.328656,-38.001907,29.245708,9.648220
0,119147.00,3.885389,-3.668703,3.280822,-0.542164,-1.293100,-0.743583,73.552078,-97.719193,-23.697382
0,119171.00,2.901920,-4.213411,4.621045,-0.828192,-1.708027,-1.062635,73.552078,-97.719193,-23.697382
0,119195.00,2.381753,-4.606679,5.730215,-1.107029,-2.047053,-1.281283,73.552078,-97.719193,-23.697382
0,119219.00,2.241686,-4.940088,6.799281,-1.365093,-2.400992,-1.456789,73.552078,-97.719193,-23.697382
0,119243.00,1.298322,-6.631080,10.007674,-1.857253,-3.231645,-1.821381,73.552078,-97.719193,-23.697382
0,119267.00,0.461506,-7.171000,12.157179,-2.153667,-3.578660,-1.944154,131.518127,20.489508,-72.954086
0,119291.00,-0.696150,-7.643878,14.434779,-2.396285,-3.814087,-2.042693,131.518127,20.489508,-72.954086
0,119315.00,-1.962747,-7.980281,16.554953,-2.565398,-3.913158,-2.104479,131.518127,20.489508,-72.954086
0,119339.00,-3.249097,-8.007815,18.387209,-2.673524,-3.889988,-2.139367,131.518127,20.489508,-72.954086
0,119363.00,-6.209679,-6.469463,19.614300,-2.596558,-3.505955,-1.980907,131.518127,20.489508,-72.954086
0,119387.00,-7.260188,-5.056812,19.614300,-2.402144,-3.086234,-1.813391,131.518127,20.489508,-72.954086
0,119411.00,-8.204749,-3.775848,19.434128,-2.205600,-2.591145,-1.732962,-11.207936,56.389931,-33.853401
0,119435.00,-9.199591,-1.698174,19.322790,-2.037818,-2.078212,-1.647474,-11.207936,56.389931,-33.853401
0,119459.00,-9.547366,-0.341191,18.240557,-1.738208,-1.467274,-1.574236,-11.207936,56.389931,-33.853401
0,119483.00,-9.607822,1.244450,14.629916,-0.940046,-0.498933,-1.344135,-11.207936,56.389931,-33.853401
0,119507.00,-10.048378,1.307899,13.074803,-0.675590,-0.226754,-1.255983,-11.207936,56.389931,-33.853401
0,119531.00,-10.415308,1.592824,12.597734,-0.511004,0.008406,-1.144129,61.993896,4.903472,-115.440102
0,119555.00,-11.118042,1.899896,13.208286,-0.336032,0.163405,-0.956639,61.993896,4.903472,-115.440102
0,119579.00,-12.294253,1.834651,14.357562,-0.043879,0.268601,-0.613619,61.993896,4.903472,-115.440102
0,119603.00,-14.216895,-0.403444,16.197001,0.600350,0.812693,0.434884,61.993896,4.903472,-115.440102
0,119627.00,-13.948731,-1.604197,17.613842,0.873061,1.220696,1.151285,61.993896,4.903472,-115.440102
0,119651.00,-12.293056,-2.383549,18.528475,1.175068,1.639617,1.981405,89.313240,-6.304464,-26.067120
0,119675.00,-10.183658,-2.994102,19.058817,1.523948,1.983969,2.684223,89.313240,-6.304464,-26.067120
0,119699.00,-8.656677,-3.586697,19.109097,1.895198,2.267068,3.035766,89.313240,-6.304464,-26.067120
0,119723.00,-6.674177,-5.384235,18.509319,2.373243,2.993589,2.660787,89.313240,-6.304464,-26.067120
0,119747.00,-5.299836,-6.434146,18.192072,2.421180,3.428490,2.287673,89.313240,-6.304464,-26.067120
0,119771.00,-3.665111,-7.792925,17.443846,2.427306,3.712920,2.048784,89.313240,-6.304464,-26.067120
0,119795.00,-2.011232,-8.293938,16.431046,2.398809,3.743546,2.024549,-48.159100,-7.530332,-49.256702
0,119819.00,-0.861957,-9.124767,15.197371,2.391353,3.529958,2.113233,-48.159100,-7.530332,-49.256702
0,119843.00,0.737452,-8.885335,12.425343,2.067241,3.065762,2.291668,-48.159100,-7.530332,-49.256702
0,119867.00,2.353620,-8.246051,10.189045,1.841135,2.948581,2.265835,-48.159100,-7.530332,-49.256702
0,119891.00,3.803982,-6.929771,8.125137,1.537797,2.763488,2.055442,-48.159100,-7.530332,-49.256702
0,119915.00,5.022094,-6.511364,5.830777,1.313289,2.421267,1.752103,43.080505,-15.410913,-76.508690
0,119939.00,5.475818,-5.745180,4.309783,0.996101,1.940825,1.452759,43.080505,-15.410913,-76.508690
0,119963.00,6.263551,-4.787450,2.101618,0.426443,0.856370,0.975780,43.080505,-15.410913,-76.508690
0,119987.00,6.293480,-4.023661,2.040562,0.108456,0.267802,0.660190,43.080505,-15.410913,-76.508690
0,120011.00,5.965457,-3.601063,2.425450,-0.142684,-0.327690,0.261509,43.080505,-15.410913,-76.508690
0,120035.00,4.886216,-3.712399,3.228745,-0.344554,-0.868852,-0.209611,36.951164,-50.610836,-66.183403
0,120059.00,3.707610,-4.386401,4.130208,-0.561605,-1.256614,-0.675938,36.951164,-50.610836,-66.183403
0,120083.00,2.390732,-5.003538,5.997182,-1.117682,-1.818284,-1.357451,36.951164,-50.610836,-66.183403
0,120107.00,1.748455,-5.504550,7.189556,-1.349114,-2.194061,-1.598737,36.951164,-50.610836,-66.183403
0,120131.00,0.940969,-6.204291,8.737486,-1.557110,-2.608189,-1.786493,36.951164,-50.610836,-66.183403
0,120155.00,-0.128096,-6.559848,10.455413,-1.783216,-2.956003,-1.927110,107.526138,-36.075546,-6.432147
0,120179.00,-1.565289,-7.394270,13.384270,-2.246613,-3.302220,-2.171858,107.526138,-36.075546,-6.432147
0,120203.00,-2.065104,-7.732469,14.989065,-2.461533,-3.430852,-2.264538,107.526138,-36.075546,-6.432147
0,120227.00,-2.892343,-7.644477,16.734528,-2.605613,-3.554691,-2.287974,107.526138,-36.075546,-6.432147
0,120251.00,-4.254115,-7.388883,18.278267,-2.628783,-3.615412,-2.260543,107.526138,-36.075546,-6.432147
0,120275.00,-6.177954,-7.197337,19.614300,-2.593894,-3.513145,-2.224856,107.526138,-36.075546,-6.432147
0,120299.00,-9.267230,-4.200841,19.614300,-2.348347,-2.798874,-2.038698,45.181992,35.725296,40.624084
0,120323.00,-10.487138,-2.390732,19.614300,-2.031959,-2.225487,-1.955074,45.181992,35.725296,40.624084
0,120347.00,-11.111458,-1.512614,17.862253,-1.651654,-1.546903,-1.883966,45.181992,35.725296,40.624084
0,120371.00,-10.074117,-0.193342,15.208145,-1.348315,-0.904539,-1.719380,45.181992,35.725296,40.624084
0,120395.00,-9.762257,1.062481,13.805671,-1.097175,-0.535952,-1.513248,45.181992,35.725296,40.624084
0,120419.00,-10.293198,3.123994,12.847941,-0.657747,-0.325026,-1.131345,-25.918352,33.623810,-67.029739
0,120443.00,-11.588527,3.809968,14.239043,-0.384236,-0.339674,-0.883668,-25.918352,33.623810,-67.029739
0,120467.00,-13.088571,3.586098,16.016829,0.020571,-0.230483,-0.519608,-25.918352,33.623810,-67.029739
0,120491.00,-14.379111,2.569109,17.166103,0.434965,0.159943,-0.119595,-25.918352,33.623810,-67.029739
0,120515.00,-14.338408,0.932589,17.556976,0.802220,0.758364,0.326758,-25.918352,33.623810,-67.029739
0,120539.00,-11.627435,-2.281790,18.653578,1.359895,1.824177,1.494571,-70.574974,33.098438,11.679424
0,120563.00,-9.740707,-3.663315,18.955860,1.709307,2.090497,2.232278,-70.574974,33.098438,11.679424
0,120587.00,-7.903663,-4.600693,18.813997,2.028625,2.315272,2.760125,-70.574974,33.098438,11.679424
0,120611.00,-6.344958,-5.238182,18.614071,2.268845,2.547503,2.944152,-70.574974,33.098438,11.679424
0,120635.00,-5.015510,-6.326402,18.295027,2.427838,2.838591,2.798475,-70.574974,33.098438,11.679424
0,120659.00,-2.175842,-7.806094,16.801567,2.462460,3.339805,2.308712,44.831745,7.705456,-63.305862
0,120683.00,-1.045122,-8.029963,15.656483,2.428637,3.373628,2.182743,44.831745,7.705456,-63.305862
0,120707.00,-0.402246,-8.237671,14.342598,2.383363,3.256181,2.121223,44.831745,7.705456,-63.305862
0,120731.00,0.165807,-8.328655,12.943115,2.283493,3.096389,2.053311,44.831745,7.705456,-63.305862
0,120755.00,0.608757,-8.272388,11.328743,2.106124,2.942722,1.930005,44.831745,7.705456,-63.305862
0,120779.00,2.299748,-7.525958,7.664230,1.553509,2.638052,1.584055,81.082413,-83.183899,-59.074188
0,120803.00,3.131177,-6.809457,6.140243,1.235523,2.337376,1.429323,81.082413,-83.183899,-59.074188
0,120827.00,3.972782,-6.066019,4.831147,0.977193,1.900079,1.321730,81.082413,-83.183899,-59.074188
0,120851.00,4.176898,-5.531487,3.835706,0.722591,1.414311,1.210142,81.082413,-83.183899,-59.074188
0,120875.00,4.454041,-5.005932,3.176669,0.428573,0.984736,1.030109,81.082413,-83.183899,-59.074188
0,120899.00,5.001143,-3.635182,2.830091,-0.110193,0.152219,0.402925,58.141171,-44.831745,-72.107750
0,120923.00,4.964032,-3.182655,3.180859,-0.324847,-0.322630,-0.045292,58.141171,-44.831745,-72.107750
0,120947.00,4.257108,-3.419094,3.930282,-0.494493,-0.803071,-0.533457,58.141171,-44.831745,-72.107750
0,120971.00,3.390362,-3.835108,4.846710,-0.680917,-1.206280,-0.967026,58.141171,-44.831745,-72.107750
0,120995.00,2.706783,-4.423513,5.708666,-0.895571,-1.525065,-1.316704,58.141171,-44.831745,-72.107750
0,121019.00,2.063308,-5.215436,7.512191,-1.383469,-2.183675,-1.826441,-12.959176,42.730259,-49.425968
0,121043.00,1.697575,-5.772715,8.834455,-1.606646,-2.578894,-2.034171,-12.959176,42.730259,-49.425968
0,121066.00,0.934983,-6.511962,10.651748,-1.821300,-2.985299,-2.240036,-12.959176,42.730259,-49.425968
0,121090.00,-0.035316,-7.364940,12.475624,-2.035687,-3.315536,-2.393437,-12.959176,42.730259,-49.425968
0,121114.00,-1.031954,-7.944964,14.336612,-2.282833,-3.529391,-2.480523,-12.959176,42.730259,-49.425968
0,121138.00,-3.407721,-7.441558,18.595514,-2.595492,-3.796776,-2.474931,-12.959176,42.730259,-49.425968
0,121162.00,-5.080755,-7.257794,19.614300,-2.481774,-3.802369,-2.354554,46.407860,34.149181,-72.954086
0,121186.00,-6.725655,-6.864526,19.614300,-2.351277,-3.574399,-2.140166,46.407860,34.149181,-72.954086
0,121210.00,-7.752222,-5.521909,19.614300,-2.307867,-3.165597,-1.861063,46.407860,34.149181,-72.954086
0,121234.00,-8.981707,-2.798965,19.614300,-2.197610,-2.711788,-1.582492,46.407860,34.149181,-72.954086
0,121258.00,-10.351858,-0.236439,17.202618,-1.448185,-1.558621,-1.244265,46.407860,34.149181,-72.954086
0,121282.00,-10.904348,0.350170,15.220716,-1.123807,-0.996686,-1.201654,-20.139261,92.640602,-75.662354
0,121306.00,-11.043220,1.012200,14.138481,-0.924866,-0.558589,-1.133476,-20.139261,92.640602,-75.662354
0,121330.00,-11.212618,1.806517,13.555464,-0.712609,-0.214237,-0.992859,-20.139261,92.640602,-75.662354
0,121354.00,-11.349094,2.590658,13.601554,-0.472388,-0.027813,-0.765421,-20.139261,92.640602,-75.662354
0,121378.00,-13.281314,1.321667,15.515218,0.261590,0.203885,-0.074587,-20.139261,92.640602,-75.662354
0,121402.00,-13.281314,0.278939,16.241896,0.572120,0.646243,0.387479,-90.539108,66.371994,-107.823090
0,121426.00,-12.206861,-0.584215,16.878187,0.804351,1.198858,0.877508,-90.539108,66.371994,-107.823090
0,121450.00,-10.446434,-1.528177,17.309164,1.042974,1.638019,1.412012,-90.539108,66.371994,-107.823090
0,121474.00,-8.694986,-2.222531,17.768875,1.344714,1.839890,2.037864,-90.539108,66.371994,-107.823090
0,121498.00,-6.064223,-2.967166,18.202248,2.001992,2.107542,2.829634,-90.539108,66.371994,-107.823090
0,121522.00,-5.739194,-4.253516,18.292633,2.288819,2.384248,2.732161,-90.539108,66.371994,-107.823090
0,121546.00,-4.843118,-5.125648,18.068764,2.365520,2.824742,2.299124,1.225868,-12.784052,-86.156914
0,121570.00,-4.024260,-6.301261,17.664722,2.385227,3.219162,1.900177,1.225868,-12.784052,-86.156914
0,121594.00,-2.937835,-7.508599,16.636360,2.388689,3.471101,1.701236,1.225868,-12.784052,-86.156914
0,121618.00,-1.434200,-8.671043,14.721499,2.271775,3.293998,1.936397,1.225868,-12.784052,-86.156914
0,121642.00,-1.246246,-8.831463,13.835001,2.191612,3.033271,2.132408,1.225868,-12.784052,-86.156914
0,121666.00,-1.185789,-8.961953,12.810829,2.066708,2.844982,2.268764,0.700496,-11.207936,-147.939377
0,121690.00,-0.531540,-8.781781,11.341911,1.870697,2.815953,2.349459,0.700496,-11.207936,-147.939377
0,121714.00,1.074453,-7.938380,9.294166,1.628878,2.841520,2.353188,0.700496,-11.207936,-147.939377
0,121738.00,4.240946,-5.866692,4.886815,0.982519,2.413011,1.892187,0.700496,-11.207936,-147.939377
0,121762.00,4.636608,-4.974806,3.776447,0.700752,1.867321,1.598703,0.700496,-11.207936,-147.939377
0,121786.00,4.711431,-4.173306,3.199415,0.471717,1.275824,1.348362,-3.677604,105.950020,-126.442459
0,121810.00,4.594109,-3.723772,2.763648,0.293815,0.753038,1.113734,-3.677604,105.950020,-126.442459
0,121834.00,5.003538,-3.343075,2.168659,0.072769,0.346367,0.786426,-3.677604,105.950020,-126.442459
0,121858.00,5.430925,-2.512843,2.359007,-0.451881,-0.509586,-0.314541,-3.677604,105.950020,-126.442459
0,121882.00,4.596503,-3.039594,3.313744,-0.629517,-1.062733,-0.923616,-3.677604,105.950020,-126.442459
0,121906.00,3.323920,-4.047006,4.575552,-0.808218,-1.567144,-1.406987,-18.913393,52.887451,-23.020313
0,121930.00,2.158483,-4.899983,5.757151,-1.037253,-1.955438,-1.734827,-18.913393,52.887451,-23.020313
0,121954.00,1.761624,-5.530888,6.900441,-1.309699,-2.283279,-1.985967,-18.913393,52.887451,-23.020313
0,121978.00,0.593792,-7.074029,10.031618,-1.806652,-3.092093,-2.451494,-18.913393,52.887451,-23.020313
0,122002.00,-0.448936,-7.966514,12.088941,-2.075103,-3.448696,-2.620874,-18.913393,52.887451,-23.020313
0,122026.00,-1.539550,-8.727908,14.098975,-2.345950,-3.675867,-2.699705,-18.913393,52.887451,-23.020313
0,122050.00,-2.558335,-8.890124,16.002462,-2.593362,-3.818082,-2.693313,12.784052,-25.042732,-95.635864
0,122074.00,-3.741131,-8.568088,17.937675,-2.766204,-3.911027,-2.636321,12.784052,-25.042732,-95.635864
0,122098.00,-6.919596,-6.917201,19.614300,-2.665801,-3.853236,-2.333248,12.784052,-25.042732,-95.635864
0,122122.00,-8.383724,-5.582366,19.614300,-2.451413,-3.502226,-2.014463,12.784052,-25.042732,-95.635864
0,122146.00,-8.653685,-4.285840,19.614300,-2.211192,-2.977043,-1.654132,12.784052,-25.042732,-95.635864
0,122170.00,-8.643509,-2.470344,19.104908,-2.033024,-2.448131,-1.436282,5.603968,98.069443,-27.082722
0,122194.00,-9.036777,-1.246844,18.423723,-1.756051,-2.007105,-1.331618,5.603968,98.069443,-27.082722
0,122218.00,-10.122004,-0.108343,15.900703,-1.182398,-0.869918,-1.130014,5.603968,98.069443,-27.082722
0,122242.00,-9.505466,0.593194,14.209114,-0.908620,-0.301590,-0.953443,5.603968,98.069443,-27.082722
0,122266.00,-8.247847,1.272583,13.014346,-0.659877,0.015331,-0.860498,5.603968,98.069443,-27.082722
0,122290.00,-8.936214,2.021408,12.981424,-0.380508,0.010271,-0.687123,-40.803894,61.468525,-29.621727
0,122314.00,-10.013660,1.739476,13.168780,-0.062788,0.075519,-0.460219,-40.803894,61.468525,-29.621727
0,122338.00,-12.950298,1.592824,15.949189,0.347878,0.779403,0.364841,-40.803894,61.468525,-29.621727
0,122362.00,-14.941178,0.947554,17.509689,0.621655,1.334148,0.919320,-40.803894,61.468525,-29.621727
0,122386.00,-17.506098,-0.562068,19.614300,0.866936,2.023651,1.631993,-40.803894,61.468525,-29.621727
0,122410.00,-17.995737,0.134082,19.614300,1.230729,2.872946,2.744146,-40.803894,61.468525,-29.621727
0,122434.00,-18.774490,0.891287,19.614300,1.973763,3.536350,3.662417,24.692484,-2.626860,63.136597
0,122458.00,-19.280293,-2.471541,19.614300,3.823356,5.414440,3.447231,24.692484,-2.626860,63.136597
0,122482.00,-15.022586,-5.798453,19.614300,3.882213,6.694641,2.181677,24.692484,-2.626860,63.136597
0,122506.00,-11.477789,-9.825706,19.614300,3.368481,6.968418,1.445302,24.692484,-2.626860,63.136597
0,122530.00,-2.988116,-9.910106,9.965176,2.380700,5.105242,1.159807,24.692484,-2.626860,63.136597
0,122554.00,4.782661,2.235700,3.352053,2.052860,-0.962331,0.332084,86.686378,-6.829836,12.356492
1,122578.00,11.742362,-19.547258,19.614300,5.362154,-6.054372,-1.384882,86.686378,-6.829836,12.356492
0,122602.00,11.094099,-11.431100,10.846885,3.544253,-4.721706,-0.135042,86.686378,-6.829836,12.356492
0,122626.00,15.401487,-7.646871,-1.957360,3.279797,-2.287007,0.231415,86.686378,-6.829836,12.356492
0,122650.00,11.690884,-12.234396,-4.375028,4.349871,-0.843818,1.586452,86.686378,-6.829836,12.356492
0,122674.00,12.998185,-6.492209,-9.136141,3.306695,0.008673,1.904971,-44.481499,85.810760,-95.466599
0,122698.00,7.537331,-6.622699,2.260840,3.369014,1.314707,1.954240,-44.481499,85.810760,-95.466599
0,122722.00,5.989401,-13.323215,4.172708,3.161817,2.357350,2.370765,-44.481499,85.810760,-95.466599
0,122746.00,2.184820,-11.996161,10.327915,1.403571,2.699572,3.340436,-44.481499,85.810760,-95.466599
0,122770.00,4.826358,-5.989999,6.777133,-0.599423,3.443670,3.680794,-44.481499,85.810760,-95.466599
0,122794.00,4.312776,-5.408777,8.308303,-1.638604,5.270627,4.751134,68.298363,-43.080505,-48.071831
0,122818.00,1.388109,0.860759,7.779158,-2.493492,4.848509,3.609686,68.298363,-43.080505,-48.071831
0,122842.00,-1.354589,0.775761,7.361947,-2.244483,4.528658,2.521502,68.298363,-43.080505,-48.071831
0,122866.00,-2.703192,1.021179,7.541521,-2.535570,3.715317,1.156611,68.298363,-43.080505,-48.071831
0,122890.00,-5.817009,-2.513441,10.267459,-2.496688,3.058038,0.368836,68.298363,-43.080505,-48.071831
0,122914.00,-6.253375,-0.167603,10.502102,-2.859149,3.031673,0.189869,68.298363,-43.080505,-48.071831
0,122938.00,-5.360891,3.561557,8.468723,-3.085255,1.821248,-0.866357,48.859596,-8.581077,-109.515755
0,122962.00,-7.086001,3.316737,11.809403,-2.739305,0.869153,-1.655996,48.859596,-8.581077,-109.515755
0,122986.00,-9.855635,5.192689,14.725689,-2.155798,0.447036,-1.858932,48.859596,-8.581077,-109.515755
0,123010.00,-10.623015,4.606080,12.562418,-1.433005,0.665152,-1.793950,48.859596,-8.581077,-109.515755
0,123034.00,-10.496117,4.958644,10.745126,-1.458039,0.471271,-2.219796,48.859596,-8.581077,-109.515755
0,123058.00,-10.106441,3.369412,11.180893,-1.318753,-0.770314,-2.559887,53.938194,-94.566963,-63.644398
0,123082.00,-10.171685,3.021038,10.300980,-1.176006,-0.759395,-2.312475,53.938194,-94.566963,-63.644398
0,123106.00,-10.737944,2.783401,10.385978,-1.154168,-0.800142,-2.011800,53.938194,-94.566963,-63.644398
0,123130.00,-12.542665,2.077674,9.036178,-1.196779,-0.305052,-1.546006,53.938194,-94.566963,-63.644398
0,123154.00,-11.787255,3.256280,7.073431,-1.753122,-0.098122,-1.239471,53.938194,-94.566963,-63.644398
0,123178.00,-9.759263,5.630851,9.163076,-2.445022,-1.225455,-0.980075,-14.360168,-42.029762,-4.739476
0,123202.00,-9.522225,6.172566,9.533598,-2.203736,-1.378323,-0.585655,-14.360168,-42.029762,-4.739476
0,123226.00,-9.686236,6.628685,10.233339,-2.001865,-1.325325,-0.263408,-14.360168,-42.029762,-4.739476
0,123250.00,-7.792925,8.911673,10.148341,-1.716370,-1.282181,0.046855,-14.360168,-42.029762,-4.739476
0,123274.00,-7.909050,9.427649,10.581714,-1.223411,-1.373263,0.137138,-14.360168,-42.029762,-4.739476
0,123298.00,-8.308902,11.035438,10.700831,-0.055331,-1.568475,0.238872,23.116369,11.558185,-94.789528
0,123322.00,-8.504039,10.705021,11.584935,0.570522,-1.927741,0.130746,23.116369,11.558185,-94.789528
0,123346.00,-9.376172,9.081071,13.706306,1.347111,-2.106442,0.159775,23.116369,11.558185,-94.789528
0,123370.00,-10.062744,7.133289,14.432384,1.909047,-1.662220,0.367771,23.116369,11.558185,-94.789528
0,123394.00,-7.970704,4.570764,12.922165,2.199868,-1.321863,1.182444,23.116369,11.558185,-94.789528
0,123418.00,-7.318250,2.384746,13.407016,1.995335,-2.037998,1.455689,-28.194965,38.352158,-76.677956
0,123442.00,-6.599953,4.290030,15.212336,1.842467,-2.949612,1.675669,-28.194965,38.352158,-76.677956
0,123466.00,-10.791816,-0.081407,19.614300,2.721590,-3.048683,2.063165,-28.194965,38.352158,-76.677956
0,123490.00,-8.094610,-0.298692,18.779280,3.449975,-1.081109,2.988627,-28.194965,38.352158,-76.677956
0,123514.00,-3.592683,0.396859,15.244659,3.459030,-0.567644,2.923113,-28.194965,38.352158,-76.677956
0,123538.00,-2.590658,-1.101389,14.483264,3.539192,-1.047819,2.489543,-17.162153,16.461657,-1.015602
0,123562.00,-1.996267,-1.046918,14.014575,3.316016,-1.392438,2.030407,-17.162153,16.461657,-1.015602
0,123586.00,-2.967166,-2.798366,15.954576,3.331995,-1.504825,1.851174,-17.162153,16.461657,-1.015602
0,123610.00,-2.405098,-1.969331,13.667996,3.397244,-1.287507,2.104977,-17.162153,16.461657,-1.015602
0,123634.00,-0.500414,-2.442210,9.977745,3.170872,-1.664084,2.100982,-17.162153,16.461657,-1.015602
0,123658.00,0.448337,-2.271016,8.872765,2.888572,-2.177816,2.196858,-14.710417,113.130104,-79.216965
0,123682.00,0.959525,0.092181,9.386348,2.730378,-2.804201,2.548400,-14.710417,113.130104,-79.216965
0,123706.00,0.492034,0.509392,8.941602,2.826253,-3.288105,2.932966,-14.710417,113.130104,-79.216965
0,123730.00,1.157057,0.070633,6.832203,2.877653,-3.512346,3.326588,-14.710417,113.130104,-79.216965
0,123754.00,4.173905,0.747628,4.325346,2.353535,-3.714483,3.934064,-14.710417,113.130104,-79.216965
0,123778.00,5.112480,2.924068,3.923698,2.184688,-3.981602,4.262969,-14.710417,113.130104,-79.216965
0,123802.00,4.008098,4.845512,4.673720,2.363123,-4.138464,4.390537,-14.185044,-36.600918,-25.559319
0,123826.00,3.741131,2.077076,3.306561,2.537562,-3.891320,4.203846,-14.185044,-36.600918,-25.559319
0,123850.00,5.114275,3.289202,2.393725,2.194009,-3.250553,3.980936,-14.185044,-36.600918,-25.559319
0,123874.00,6.752592,2.643333,0.095174,1.624617,-2.132275,2.641080,-14.185044,-36.600918,-25.559319
0,123898.00,6.599953,3.256879,0.470485,1.354568,-1.875809,2.072486,-14.185044,-36.600918,-25.559319
0,123922.00,6.836991,2.611010,-0.227461,1.294913,-1.622805,1.732662,22.766121,18.913393,-28.436859
0,123946.00,7.703736,1.366560,-1.318075,1.289852,-1.384714,1.630661,22.766121,18.913393,-28.436859
0,123970.00,7.916233,1.649689,-2.026795,1.206228,-1.308014,1.741184,22.766121,18.913393,-28.436859
0,123994.00,7.586415,2.619390,-1.316878,1.088781,-1.321330,1.787257,22.766121,18.913393,-28.436859
0,124018.00,8.809316,2.128554,-2.105209,1.253100,-1.100284,1.641314,22.766121,18.913393,-28.436859
0,124042.00,9.038572,1.529973,-3.128184,1.297309,-0.907202,1.431720,32.047691,-72.676460,25.559319
0,124066.00,9.137338,1.216915,-3.763877,1.065611,-0.767384,1.118527,32.047691,-72.676460,25.559319
0,124090.00,9.284589,1.704759,-3.320927,0.861876,-0.730632,0.866322,32.047691,-72.676460,25.559319
0,124114.00,9.020615,0.686572,-3.795003,1.151899,-0.622506,0.833831,32.047691,-72.676460,25.559319
0,124138.00,8.879350,-0.205912,-4.616855,1.069606,-0.526631,0.838092,32.047691,-72.676460,25.559319
0,124162.00,8.780583,0.172391,-4.495941,0.860278,-0.501597,0.800541,32.047691,-72.676460,25.559319
0,124186.00,8.125736,0.452527,-3.423284,0.756147,-0.474432,0.707595,-74.602829,69.699356,-42.993820
0,124210.00,8.452561,-0.166405,-3.701624,0.891437,-0.310645,0.673506,-74.602829,69.699356,-42.993820
0,124234.00,8.529180,-1.626344,-4.718015,0.763071,-0.050450,0.499866,-74.602829,69.699356,-42.993820
0,124258.00,8.588439,-1.555712,-4.466611,0.570255,0.008140,0.455656,-74.602829,69.699356,-42.993820
0,124282.00,9.043960,-0.860161,-4.087709,0.451743,0.086172,0.427693,-74.602829,69.699356,-42.993820
0,124306.00,9.297159,-1.006214,-4.461822,0.460798,0.149290,0.346465,-41.504391,94.391838,120.687378
0,124330.00,8.918856,-2.056125,-4.931109,0.407534,0.159144,0.238606,-41.504391,94.391838,120.687378
0,124354.00,9.280398,-1.465925,-4.428302,0.045605,0.145561,0.170161,-41.504391,94.391838,120.687378
0,124378.00,9.315116,-1.202549,-4.025457,-0.027633,0.146627,0.105445,-41.504391,94.391838,120.687378
0,124402.00,9.575500,-1.188782,-4.150560,-0.046808,0.170595,0.071889,-41.504391,94.391838,120.687378
0,124426.00,10.039998,-1.485079,-4.409746,-0.063320,0.140768,0.044458,-111.203743,91.239609,88.526649
0,124450.00,10.011865,-1.519797,-4.398373,-0.137624,0.046224,0.005575,-111.203743,91.239609,88.526649
0,124474.00,9.264237,-0.951744,-3.488530,-0.299280,-0.119161,-0.074321,-111.203743,91.239609,88.526649
0,124498.00,8.413653,-0.669213,-2.823506,-0.214856,-0.191866,-0.005077,-111.203743,91.239609,88.526649
0,124522.00,7.959331,-0.307671,-2.660692,-0.120845,-0.099453,0.024484,-111.203743,91.239609,88.526649
0,124546.00,8.782379,-1.220507,-3.337089,-0.179436,0.127185,-0.214139,44.831745,-32.222816,1.354136
0,124570.00,8.608192,-0.486048,-2.981532,-0.190355,0.163405,-0.204551,44.831745,-32.222816,1.354136
