0,56184.00,-5.758348,-1.512015,8.234079,0.138034,-0.029976,0.004187,37.476536,-7.705456,-88.357384
0,56208.00,-5.814615,-1.428214,8.323866,0.212603,-0.046488,0.011111,37.476536,-7.705456,-88.357384
0,56232.00,-5.803841,-1.547930,8.449569,0.519138,-0.066462,0.039607,37.476536,-7.705456,-88.357384
0,56256.00,-5.535676,-1.479692,7.991055,0.461879,-0.016393,-0.098347,37.476536,-7.705456,-88.357384
0,56280.00,-5.795461,-1.373145,8.434005,0.318599,-0.045955,-0.176379,37.476536,-7.705456,-88.357384
0,56304.00,-5.599126,-0.548300,8.238868,0.205413,0.027283,-0.363868,43.080505,47.283482,-63.982933
0,56328.00,-5.536873,-0.223869,8.369358,0.271460,0.064035,-0.572397,43.080505,47.283482,-63.982933
0,56352.00,-5.721237,-0.383092,8.630340,0.417404,0.128485,-1.107434,43.080505,47.283482,-63.982933
0,56376.00,-5.959472,-0.179574,9.021811,0.415007,0.192135,-1.249915,43.080505,47.283482,-63.982933
0,56400.00,-5.992992,-0.011972,8.965545,0.428323,0.305854,-1.364965,43.080505,47.283482,-63.982933
0,56424.00,-5.563211,-0.001197,8.186193,0.285575,0.412648,-1.494131,9.982068,-4.027852,-80.401833
0,56448.00,-5.953486,-0.413021,8.700973,0.324458,0.388946,-1.351117,9.982068,-4.027852,-80.401833
0,56472.00,-6.173764,-0.585412,8.522595,0.074117,0.345003,-1.162562,9.982068,-4.027852,-80.401833
0,56496.00,-7.148253,-1.417440,9.652716,0.556156,0.281353,-0.779594,9.982068,-4.027852,-80.401833
0,56520.00,-6.953116,-1.425820,8.785971,0.540710,0.318371,-0.619003,9.982068,-4.027852,-80.401833
0,56544.00,-6.906427,-1.215119,8.659072,0.571603,0.369771,-0.439237,9.982068,-4.027852,-80.401833
0,56568.00,-7.102761,-0.675199,9.280398,0.592376,0.402795,-0.357743,38.177032,-9.106448,-23.358849
0,56592.00,-6.422773,-2.002852,8.234079,0.793448,0.343405,-0.281042,38.177032,-9.106448,-23.358849
0,56616.00,-7.059663,-2.712769,9.203780,0.600898,0.416111,-0.119386,38.177032,-9.106448,-23.358849
0,56640.00,-7.302687,-2.816922,8.884138,0.251220,0.739423,0.116574,38.177032,-9.106448,-23.358849
0,56664.00,-7.078818,-2.761853,8.335838,0.004874,1.057942,0.376768,38.177032,-9.106448,-23.358849
0,56688.00,-6.961496,-3.058748,8.671043,-0.175958,1.270466,0.559464,17.162153,0.350248,-36.223141
0,56712.00,-7.647470,-3.307758,7.657047,-0.393808,1.658228,0.866798,17.162153,0.350248,-36.223141
0,56736.00,-6.127074,-6.191721,6.483829,-0.151989,1.823080,1.063342,17.162153,0.350248,-36.223141
0,56760.00,-2.710374,-7.181774,4.394781,-0.205786,1.970621,1.568285,17.162153,0.350248,-36.223141
0,56784.00,2.713966,-7.349377,2.482914,-0.310183,1.876877,2.152858,17.162153,0.350248,-36.223141
0,56808.00,5.050826,-5.876867,1.601803,-0.370371,1.087770,2.301464,84.935143,6.129340,-66.521935
0,56832.00,2.632559,-7.800706,3.453812,-0.304058,-0.653431,0.994898,84.935143,6.129340,-66.521935
0,56856.00,1.324061,-8.964348,5.510536,-0.491014,-1.040927,0.395944,84.935143,6.129340,-66.521935
0,56880.00,1.398285,-8.222108,6.555658,-0.808734,-1.227351,0.208720,84.935143,6.129340,-66.521935
0,56904.00,1.798137,-6.768753,7.191351,-1.065467,-1.563980,0.212982,84.935143,6.129340,-66.521935
0,56928.00,1.146881,-5.605112,8.212530,-1.245233,-2.089163,0.152527,69.349106,57.440674,-77.862823
0,56952.00,-2.029189,-3.674090,11.616061,-1.711560,-2.789319,-0.415268,69.349106,57.440674,-77.862823
0,56976.00,-3.506487,-3.572331,12.946108,-1.833801,-2.820478,-0.871740,69.349106,57.440674,-77.862823
0,57000.00,-5.163359,-3.572331,14.598191,-1.910767,-2.818614,-1.290129,69.349106,57.440674,-77.862823
0,57024.00,-6.914807,-2.848048,15.767818,-1.898783,-2.764285,-1.533013,69.349106,57.440674,-77.862823
0,57048.00,-8.491469,-2.032781,16.360415,-1.763492,-2.609020,-1.698931,69.349106,57.440674,-77.862823
0,57072.00,-10.500306,-0.921815,15.824085,-1.173593,-1.887026,-1.972708,67.247620,-4.553224,-57.550785
0,57096.00,-10.964806,-0.881111,14.375520,-0.856406,-1.390339,-2.169785,67.247620,-4.553224,-57.550785
0,57120.00,-10.740936,-0.961321,12.053025,-0.566916,-0.963428,-2.325849,67.247620,-4.553224,-57.550785
0,57144.00,-10.417703,-1.297723,9.820318,-0.345071,-0.743447,-2.336501,67.247620,-4.553224,-57.550785
0,57168.00,-10.026231,-0.738649,8.254431,-0.231086,-0.735458,-2.161263,67.247620,-4.553224,-57.550785
0,57192.00,-10.393759,-0.901463,6.402421,-0.031080,-0.942389,-1.644069,25.743229,20.839756,-58.735653
0,57216.00,-11.039029,0.122111,6.815443,-0.113905,-0.977543,-1.335670,25.743229,20.839756,-58.735653
0,57240.00,-12.360696,0.757803,8.295135,-0.108312,-0.962629,-1.150578,25.743229,20.839756,-58.735653
0,57264.00,-15.245856,0.259784,11.325151,-0.053450,-0.821746,-0.990253,25.743229,20.839756,-58.735653
0,57288.00,-18.681711,-1.222302,15.848028,0.093026,-0.376458,-0.600627,25.743229,20.839756,-58.735653
0,57312.00,-17.543209,-3.235929,19.287474,0.664549,1.434785,1.156288,-2.801984,60.592907,-91.404190
0,57336.00,-14.326436,-3.862044,19.040859,0.997982,2.074220,1.943796,-2.801984,60.592907,-91.404190
0,57360.00,-11.460430,-5.447086,18.789455,1.335143,2.368504,2.603471,-2.801984,60.592907,-91.404190
0,57384.00,-8.569284,-6.309043,18.828962,1.485614,2.520572,3.249298,-2.801984,60.592907,-91.404190
0,57408.00,-6.072005,-6.689741,18.438686,1.664315,2.536019,3.830408,-2.801984,60.592907,-91.404190
0,57432.00,-2.069893,-6.708895,16.195206,1.976442,2.469173,4.138541,-17.162153,38.177032,-62.290260
0,57456.00,-0.974490,-6.568827,14.660444,2.054740,2.456656,3.836800,-17.162153,38.177032,-62.290260
0,57480.00,0.142462,-6.713684,12.861110,2.023580,2.472635,3.396573,-17.162153,38.177032,-62.290260
0,57504.00,1.081037,-6.577207,11.017481,1.936227,2.389809,2.984043,-17.162153,38.177032,-62.290260
0,57528.00,1.999260,-7.023748,8.857800,1.868582,2.221495,2.575508,-17.162153,38.177032,-62.290260
0,57552.00,3.427474,-7.452332,4.799422,1.430485,1.636123,1.873221,-26.969097,16.811905,-47.394764
0,57576.00,3.948240,-7.374517,3.197619,1.141262,1.289641,1.554703,-26.969097,16.811905,-47.394764
0,57600.00,4.248727,-6.874104,2.214749,0.795578,0.944490,1.186382,-26.969097,16.811905,-47.394764
0,57624.00,4.490554,-6.772345,1.529973,0.464276,0.601203,0.735502,-26.969097,16.811905,-47.394764
0,57648.00,4.290628,-7.380503,1.497649,0.123120,0.235013,0.254528,-26.969097,16.811905,-47.394764
0,57672.00,4.129011,-7.431981,2.249467,-0.700608,-0.528793,-0.405148,145.002670,-13.659673,-84.633507
0,57696.00,4.247530,-6.977059,3.414306,-1.055081,-1.051580,-0.634715,145.002670,-13.659673,-84.633507
0,57720.00,4.282248,-6.649037,4.612665,-1.367740,-1.589014,-0.859490,145.002670,-13.659673,-84.633507
0,57744.00,4.023661,-6.158201,6.329395,-1.661225,-2.049215,-1.160964,145.002670,-13.659673,-84.633507
0,57768.00,3.310153,-5.939120,8.479497,-1.868156,-2.438575,-1.454982,145.002670,-13.659673,-84.633507
0,57792.00,1.804123,-6.147426,11.708243,-2.286012,-2.732060,-2.121847,-23.466616,40.278522,-37.238743
0,57816.00,0.961321,-6.534110,13.372298,-2.462849,-2.810358,-2.528252,-23.466616,40.278522,-37.238743
0,57840.00,0.152040,-7.453530,14.980086,-2.594677,-2.899575,-2.851831,-23.466616,40.278522,-37.238743
0,57864.00,-0.790127,-7.896480,16.885967,-2.755002,-3.010897,-3.037722,-23.466616,40.278522,-37.238743
0,57888.00,-2.011232,-7.627118,18.599106,-2.777373,-3.143791,-3.081665,-23.466616,40.278522,-37.238743
0,57912.00,-5.682927,-7.415221,21.007795,-2.416509,-3.182674,-2.910155,-23.466616,40.278522,-37.238743
0,57936.00,-7.736060,-6.627488,21.165821,-2.189338,-2.803434,-2.742373,27.319345,-4.553224,-29.452461
0,57960.00,-9.140330,-5.585957,20.182951,-1.905707,-2.145889,-2.568733,27.319345,-4.553224,-29.452461
0,57984.00,-9.698208,-4.083519,18.625444,-1.634327,-1.353320,-2.456612,27.319345,-4.553224,-29.452461
0,58008.00,-10.037005,-2.231510,14.579037,-0.909670,-0.138901,-2.295488,27.319345,-4.553224,-29.452461
0,58032.00,-10.195030,-1.727505,12.723436,-0.561323,0.145263,-2.025706,27.319345,-4.553224,-29.452461
0,58056.00,-10.815160,-1.228288,11.454445,-0.259050,0.257916,-1.603588,-1.400992,29.420834,-33.853401
0,58080.00,-11.060578,-0.927800,10.084891,-0.002317,0.352194,-1.179340,-1.400992,29.420834,-33.853401
0,58104.00,-11.739369,-0.785338,9.975949,0.140164,0.357254,-0.791844,-1.400992,29.420834,-33.853401
0,58128.00,-13.727855,-1.059488,12.403794,0.390239,0.521840,0.219640,-1.400992,29.420834,-33.853401
0,58152.00,-14.617346,-2.036372,14.468898,0.585984,0.790823,0.831643,-1.400992,29.420834,-33.853401
0,58176.00,-14.458123,-3.603457,16.061123,0.764685,1.292570,1.526206,-42.204884,-5.078596,-50.272305
0,58200.00,-12.439709,-3.986549,17.170893,0.860560,1.945055,2.192806,-42.204884,-5.078596,-50.272305
0,58224.00,-9.795178,-4.294219,17.587505,1.101314,2.417240,2.678041,-42.204884,-5.078596,-50.272305
0,58248.00,-5.778700,-6.447914,17.246313,1.603594,2.784762,3.033845,-42.204884,-5.078596,-50.272305
0,58272.00,-4.743155,-7.145859,17.832924,1.713318,2.836428,3.075923,-42.204884,-5.078596,-50.272305
0,58296.00,-3.107832,-8.362176,17.227160,1.881366,2.935499,3.194968,-42.204884,-5.078596,-50.272305
0,58320.00,-1.070263,-8.076054,15.579865,1.956734,2.928308,3.269804,-15.936284,3.677604,-43.501621
0,58344.00,-0.227461,-8.765619,13.779333,2.074181,2.710991,3.243439,-15.936284,3.677604,-43.501621
0,58368.00,2.108202,-8.139503,10.463195,1.740749,2.406055,2.734235,-15.936284,3.677604,-43.501621
0,58392.00,2.911498,-8.158658,8.714141,1.513045,2.269699,2.404264,-15.936284,3.677604,-43.501621
0,58416.00,3.622612,-7.543317,7.279941,1.235539,2.006841,2.144602,-15.936284,3.677604,-43.501621
0,58440.00,3.795003,-7.567260,6.086371,1.037930,1.668881,1.886271,29.771080,-4.202976,-65.337067
0,58464.00,4.102674,-7.387686,4.976602,0.789986,1.386848,1.624212,29.771080,-4.202976,-65.337067
0,58488.00,5.022094,-6.947130,2.795373,0.200885,0.889095,0.931513,29.771080,-4.202976,-65.337067
0,58512.00,5.005334,-6.652628,2.611010,-0.163973,0.550869,0.504070,29.771080,-4.202976,-65.337067
0,58536.00,5.237583,-6.336578,2.657699,-0.500069,0.162307,0.094735,29.771080,-4.202976,-65.337067
0,58560.00,5.125050,-6.085174,3.015651,-0.782369,-0.346098,-0.301283,72.501335,-24.517361,-37.238743
0,58584.00,4.619848,-6.010950,3.839298,-1.038569,-0.905636,-0.714079,72.501335,-24.517361,-37.238743
0,58608.00,2.901920,-6.264748,6.621502,-1.471872,-1.839887,-1.568967,72.501335,-24.517361,-37.238743
0,58632.00,1.670041,-7.281138,8.386119,-1.674275,-2.270793,-1.853663,72.501335,-24.517361,-37.238743
0,58656.00,0.427387,-7.136282,10.660727,-1.957906,-2.609553,-2.017450,72.501335,-24.517361,-37.238743
0,58680.00,-0.967307,-7.052481,12.717450,-2.085207,-2.862823,-2.100542,14.360168,23.816864,-16.926701
0,58704.00,-2.555941,-6.518546,14.699950,-2.196795,-2.968819,-2.223848,14.360168,23.816864,-16.926701
0,58728.00,-6.111511,-5.991795,18.085524,-2.176555,-2.685454,-2.428116,14.360168,23.816864,-16.926701
0,58752.00,-7.290716,-4.971813,18.490166,-1.993060,-2.369865,-2.370590,14.360168,23.816864,-16.926701
0,58776.00,-8.182601,-4.021266,18.025665,-1.687058,-2.010865,-2.305342,14.360168,23.816864,-16.926701
0,58800.00,-8.538158,-3.116212,16.833292,-1.366143,-1.603129,-2.279243,14.360168,23.816864,-16.926701
0,58824.00,-8.410062,-2.655305,15.133323,-1.098757,-1.167695,-2.329311,6.304464,52.537201,-93.773926
0,58848.00,-8.457949,-1.872361,12.182319,-0.670781,-0.617478,-2.281906,6.304464,52.537201,-93.773926
0,58872.00,-8.947588,-1.764617,11.071353,-0.467845,-0.451028,-2.135962,6.304464,52.537201,-93.773926
0,58896.00,-9.231315,-1.704759,9.673068,-0.314711,-0.309079,-1.927700,6.304464,52.537201,-93.773926
0,58920.00,-9.705391,-1.720322,8.698578,-0.253723,-0.263006,-1.667771,6.304464,52.537201,-93.773926
0,58944.00,-10.586502,-1.682012,8.643509,-0.219102,-0.282181,-1.306908,35.024799,42.730259,-46.379162
0,58968.00,-12.569002,-1.963345,9.541380,-0.093931,-0.224656,-0.320191,35.024799,42.730259,-46.379162
0,58992.00,-13.770953,-2.316508,11.307194,-0.073691,-0.127183,0.192475,35.024799,42.730259,-46.379162
0,59016.00,-14.374322,-2.182426,13.750601,0.023250,0.088537,0.855079,35.024799,42.730259,-46.379162
0,59040.00,-14.143270,-2.718755,15.670849,0.289836,0.479228,1.553105,35.024799,42.730259,-46.379162
0,59064.00,-12.846744,-3.741131,16.856039,0.598235,0.956474,2.210116,13.134300,76.879440,-48.241100
0,59088.00,-8.460342,-4.539638,18.327351,1.125815,1.762892,3.118268,13.134300,76.879440,-48.241100
0,59112.00,-6.468266,-5.348919,18.397984,1.472031,1.971953,3.364881,13.134300,76.879440,-48.241100
0,59136.00,-4.917941,-6.246790,18.093904,1.784691,2.110439,3.498307,13.134300,76.879440,-48.241100
0,59160.00,-3.356842,-7.040509,17.447437,1.991089,2.260644,3.481529,13.134300,76.879440,-48.241100
0,59184.00,-2.148906,-7.937183,16.346048,2.135435,2.388744,3.380860,13.134300,76.879440,-48.241100
0,59208.00,1.065474,-8.726112,12.321190,2.153811,2.539215,3.014670,39.052654,-4.728348,-41.808952
0,59232.00,2.845654,-8.576468,9.716166,2.050212,2.477695,2.757138,39.052654,-4.728348,-41.808952
0,59256.00,4.129011,-8.252037,7.368531,1.839287,2.283547,2.409590,39.052654,-4.728348,-41.808952
0,59280.00,4.686889,-7.860565,5.696096,1.546601,1.942125,1.987206,39.052654,-4.728348,-41.808952
0,59304.00,4.581538,-7.661836,4.667734,1.256845,1.506692,1.580536,39.052654,-4.728348,-41.808952
0,59328.00,4.020070,-7.617541,3.375996,0.712220,0.791888,0.868129,44.306374,60.067535,-16.418900
0,59352.00,3.980563,-7.594795,2.749881,0.395299,0.543678,0.475840,44.306374,60.067535,-16.418900
0,59376.00,4.014084,-7.743243,2.383549,0.034702,0.267770,0.093670,44.306374,60.067535,-16.418900
0,59400.00,4.175701,-7.657047,2.144117,-0.351463,-0.076582,-0.217924,44.306374,60.067535,-16.418900
0,59424.00,3.931479,-7.464304,2.737909,-0.743752,-0.541310,-0.472260,44.306374,60.067535,-16.418900
0,59448.00,3.222760,-6.886075,5.056812,-1.413814,-1.578627,-0.962556,49.384968,9.106448,-60.936127
0,59472.00,1.933416,-7.281138,7.093184,-1.673210,-1.990358,-1.364965,49.384968,9.106448,-60.936127
0,59496.00,1.182796,-7.776763,8.934419,-1.943258,-2.241232,-1.705056,49.384968,9.106448,-60.936127
0,59520.00,0.232249,-7.490642,10.847484,-2.170429,-2.427656,-1.960990,49.384968,9.106448,-60.936127
0,59544.00,-0.791324,-7.422403,12.626466,-2.323830,-2.529657,-2.252877,49.384968,9.106448,-60.936127
0,59568.00,-3.541205,-7.427192,15.625357,-2.434353,-2.495035,-2.776995,-12.083556,16.636780,-18.450104
0,59592.00,-4.877237,-7.339799,16.545975,-2.405590,-2.341102,-2.945842,-12.083556,16.636780,-18.450104
0,59616.00,-5.964261,-6.791499,17.241526,-2.290007,-2.183707,-2.987122,-12.083556,16.636780,-18.450104
0,59640.00,-7.279941,-6.282705,17.374411,-2.100920,-1.995951,-2.933325,-12.083556,16.636780,-18.450104
0,59664.00,-8.328655,-5.382440,16.802166,-1.861232,-1.736822,-2.780990,-12.083556,16.636780,-18.450104
0,59688.00,-9.458776,-3.190436,14.976495,-1.317406,-1.065162,-2.429980,-22.941244,-3.677604,-36.730942
0,59712.00,-9.766446,-2.390732,13.711095,-1.052151,-0.676068,-2.302413,-22.941244,-3.677604,-36.730942
0,59736.00,-10.181862,-1.461735,12.580974,-0.808202,-0.327988,-2.180704,-22.941244,-3.677604,-36.730942
0,59760.00,-10.944453,-0.715903,11.917747,-0.536289,-0.062733,-2.016651,-22.941244,-3.677604,-36.730942
0,59784.00,-12.038660,-0.688368,11.248532,-0.279556,0.164438,-1.818242,-22.941244,-3.677604,-36.730942
0,59808.00,-13.899049,-0.900266,11.345503,0.057871,0.526367,-0.882127,17.337276,40.103397,16.418900
0,59832.00,-14.523968,-0.944561,12.246965,0.231246,0.613454,-0.151344,17.337276,40.103397,16.418900
0,59856.00,-14.538334,-1.431806,13.430959,0.473331,0.693616,0.668123,17.337276,40.103397,16.418900
0,59880.00,-13.489620,-2.074682,14.575445,0.733792,0.847283,1.476937,17.337276,40.103397,16.418900
0,59904.00,-11.898592,-2.528406,15.666060,0.967887,1.052616,2.135813,17.337276,40.103397,16.418900
0,59928.00,-8.710549,-4.540835,17.410324,1.535682,1.500300,2.891097,-9.982068,63.920261,-66.521935
0,59952.00,-6.912413,-5.702082,17.659334,1.800937,1.762892,3.054351,-9.982068,63.920261,-66.521935
0,59976.00,-5.211246,-6.877695,17.544407,2.014792,1.981274,3.122263,-9.982068,63.920261,-66.521935
0,60000.00,-3.498107,-7.737257,17.128992,2.182840,2.121625,3.131318,-9.982068,63.920261,-66.521935
0,60024.00,-2.278199,-8.839843,16.129362,2.329849,2.177019,3.087908,-9.982068,63.920261,-66.521935
0,60048.00,0.229855,-9.698208,13.240610,2.283775,2.285412,2.843426,-9.982068,63.920261,-66.521935
0,60072.00,1.650886,-9.944823,11.216209,2.172720,2.314441,2.645550,-7.180084,16.636780,-63.813663
0,60096.00,3.566345,-10.149538,8.626748,1.964990,2.299260,2.446342,-7.180084,16.636780,-63.813663
0,60120.00,5.199274,-9.112796,6.360521,1.590810,2.124022,2.188811,-7.180084,16.636780,-63.813663
0,60144.00,6.067216,-8.425625,4.476188,1.268296,1.737059,1.835670,-7.180084,16.636780,-63.813663
0,60168.00,6.475449,-7.940774,2.192003,0.595306,0.823847,1.059347,-7.180084,16.636780,-63.813663
0,60192.00,6.151018,-7.801904,1.799334,0.224588,0.373499,0.649214,8.581077,12.083556,-99.359734
0,60216.00,5.741588,-7.706131,1.867573,-0.142668,-0.080310,0.240679,8.581077,12.083556,-99.359734
0,60240.00,4.989770,-7.773172,2.415873,-0.481427,-0.527195,-0.151877,8.581077,12.083556,-99.359734
0,60264.00,4.219995,-7.907254,3.183253,-0.808734,-0.921083,-0.510610,8.581077,12.083556,-99.359734
0,60288.00,2.569109,-8.284360,5.664970,-1.436451,-1.577828,-1.218489,8.581077,12.083556,-99.359734
0,60312.00,1.751448,-8.524989,7.198534,-1.726740,-1.808195,-1.529285,-4.378100,-8.931324,-66.860474
0,60336.00,1.205542,-8.615973,8.509426,-2.007175,-1.944285,-1.803595,-4.378100,-8.931324,-66.860474
0,60360.00,0.624918,-8.873363,10.054962,-2.242336,-2.164798,-2.012123,-4.378100,-8.931324,-66.860474
0,60384.00,-0.275347,-9.169063,11.879437,-2.456990,-2.378387,-2.236631,-4.378100,-8.931324,-66.860474
0,60408.00,-3.016848,-9.530605,15.019592,-2.709994,-2.493437,-2.562874,-4.378100,-8.931324,-66.860474
0,60432.00,-4.166123,-9.093641,16.264641,-2.818919,-2.366136,-2.656085,-19.088516,51.311333,-62.459530
0,60456.00,-5.247160,-8.175418,17.496521,-2.792553,-2.254814,-2.644367,-19.088516,51.311333,-62.459530
0,60480.00,-6.136652,-7.181774,17.965807,-2.595476,-2.149352,-2.549557,-19.088516,51.311333,-62.459530
0,60504.00,-8.264009,-6.204890,18.257915,-2.306785,-1.939225,-2.461139,-19.088516,51.311333,-62.459530
0,60528.00,-9.949613,-3.045580,16.519636,-1.756302,-0.901642,-2.137560,-19.088516,51.311333,-62.459530
0,60552.00,-9.849051,-1.415045,14.908257,-1.438848,-0.366338,-2.010259,-19.088516,51.311333,-62.459530
0,60576.00,-9.732925,-0.469287,13.410607,-1.099023,-0.043824,-1.872838,-20.489508,25.042732,-52.303509
0,60600.00,-10.075315,0.605764,12.750971,-0.806870,0.109310,-1.673630,-20.489508,25.042732,-52.303509
0,60624.00,-11.559794,0.946955,12.388231,-0.174626,0.254721,-0.952968,-20.489508,25.042732,-52.303509
0,60648.00,-11.908169,1.183993,12.973643,0.045887,0.320235,-0.475190,-20.489508,25.042732,-52.303509
0,60672.00,-12.236192,1.227091,14.438969,0.331382,0.347134,0.085681,-20.489508,25.042732,-52.303509
0,60696.00,-12.436117,0.517174,16.059927,0.721275,0.418241,0.688097,-25.568104,6.304464,-51.795708
0,60720.00,-12.513933,-0.594989,17.935879,1.146855,0.580430,1.304894,-25.568104,6.304464,-51.795708
0,60744.00,-10.361436,-3.350856,19.951899,2.000411,1.372733,2.300931,-25.568104,6.304464,-51.795708
0,60768.00,-8.552525,-4.935898,20.027321,2.337306,1.850777,2.536092,-25.568104,6.304464,-51.795708
0,60792.00,-6.638262,-6.687346,19.755566,2.619072,2.214837,2.652740,-25.568104,6.304464,-51.795708
0,60816.00,-5.228006,-8.077251,19.240786,2.848108,2.431622,2.739295,-48.859596,28.194965,-91.573456
0,60840.00,-3.769863,-9.249272,18.263901,2.998579,2.563184,2.800814,-48.859596,28.194965,-91.573456
0,60864.00,-1.215119,-10.943256,15.690003,3.076610,2.573570,2.747817,-48.859596,28.194965,-91.573456
0,60888.00,-0.565060,-11.885423,14.116933,3.002041,2.538949,2.619983,-48.859596,28.194965,-91.573456
0,60912.00,0.793718,-12.530693,11.795636,2.799904,2.621774,2.526771,-48.859596,28.194965,-91.573456
0,60936.00,3.445432,-12.728225,8.325064,2.460346,2.737623,2.430097,-48.859596,28.194965,-91.573456
0,60960.00,6.137849,-11.608878,4.721606,1.981768,2.620709,2.262049,24.692484,45.707367,-85.818375
0,60984.00,8.572876,-9.936443,0.029929,0.979339,1.461950,1.589857,24.692484,45.707367,-85.818375
0,61008.00,8.467525,-9.658702,-0.306473,0.485848,0.706400,1.219405,24.692484,45.707367,-85.818375
0,61032.00,7.733665,-9.427649,0.205912,0.047219,-0.015062,0.868662,24.692484,45.707367,-85.818375
0,61056.00,6.825020,-9.268427,0.991250,-0.350930,-0.586052,0.498743,24.692484,45.707367,-85.818375
0,61080.00,6.060033,-9.243287,1.914262,-0.760530,-0.963960,0.056119,61.293400,-2.101488,-65.675598
0,61104.00,4.753930,-8.575271,4.259502,-1.543512,-1.532554,-0.922075,61.293400,-2.101488,-65.675598
0,61128.00,3.210788,-8.487878,6.670586,-1.879608,-1.826039,-1.479483,61.293400,-2.101488,-65.675598
0,61152.00,1.902290,-9.286385,8.654283,-2.144330,-2.048416,-1.926635,61.293400,-2.101488,-65.675598
0,61176.00,0.411824,-9.632364,10.852272,-2.398932,-2.238302,-2.145017,61.293400,-2.101488,-65.675598
0,61200.00,-0.395063,-9.257652,12.602523,-2.615184,-2.333645,-2.247284,0.525372,50.260590,-57.042984
0,61224.00,-3.885987,-8.026970,16.786604,-2.871118,-2.441505,-2.608680,0.525372,50.260590,-57.042984
0,61248.00,-5.746377,-7.861762,18.200451,-2.823979,-2.281180,-2.694436,0.525372,50.260590,-57.042984
0,61272.00,-7.278744,-6.570024,19.362896,-2.746480,-2.001277,-2.565270,0.525372,50.260590,-57.042984
0,61296.00,-8.277177,-4.633017,19.177336,-2.499867,-1.705662,-2.348752,0.525372,50.260590,-57.042984
0,61320.00,-9.412086,-3.569937,18.005314,-2.127552,-1.440940,-2.198015,-45.882488,52.537201,-44.347958
0,61344.00,-10.715796,-0.914632,15.413459,-1.595711,-0.634522,-1.996144,-45.882488,52.537201,-44.347958
0,61368.00,-10.582911,0.094576,14.024751,-1.304090,-0.337575,-1.801464,-45.882488,52.537201,-44.347958
0,61392.00,-11.078536,1.292935,13.418987,-1.050020,-0.198024,-1.570298,-45.882488,52.537201,-44.347958
0,61416.00,-11.893803,1.489269,13.237019,-0.710729,-0.128248,-1.229941,-45.882488,52.537201,-44.347958
0,61440.00,-12.485201,1.531170,12.958080,-0.394340,0.002249,-0.755625,-45.882488,52.537201,-44.347958
0,61464.00,-12.404991,1.867573,14.336013,0.105276,0.152720,0.341614,-36.600918,71.975967,-35.715340
0,61488.00,-12.554636,1.017588,15.680426,0.492772,0.161775,0.925654,-36.600918,71.975967,-35.715340
0,61512.00,-11.927323,-0.302882,16.517242,0.941255,0.299462,1.534995,-36.600918,71.975967,-35.715340
0,61536.00,-10.551785,-1.309695,17.058359,1.319164,0.580963,2.056716,-36.600918,71.975967,-35.715340
0,61560.00,-8.558510,-2.096231,17.131386,1.658456,0.913330,2.372572,-36.600918,71.975967,-35.715340
0,61584.00,-1.567085,-6.980651,13.793699,2.295227,1.022788,2.714793,-2.801984,51.136208,9.140419
0,61608.00,-5.715250,-5.533282,16.695620,2.542638,0.348465,3.216274,-2.801984,51.136208,9.140419
0,61632.00,-4.271473,-6.649037,17.575533,2.479254,1.145562,2.592020,-2.801984,51.136208,9.140419
0,61656.00,-3.920705,-7.495430,17.330114,2.488309,1.865691,2.114774,-2.801984,51.136208,9.140419
0,61680.00,-1.908276,-9.528212,14.984875,2.564743,2.418572,1.743257,-2.801984,51.136208,9.140419
0,61704.00,0.502808,-10.671501,9.869402,2.526393,2.314441,1.916365,9.982068,23.641741,-59.412724
0,61728.00,2.682840,-10.289606,6.859737,2.306679,2.198858,1.977885,9.982068,23.641741,-59.412724
0,61752.00,4.211616,-9.753278,4.660551,1.922379,2.008173,1.756840,9.982068,23.641741,-59.412724
0,61776.00,5.402792,-9.547366,2.871991,1.481619,1.747978,1.387453,9.982068,23.641741,-59.412724
0,61800.00,6.202496,-9.058924,1.917853,0.981736,1.404158,0.989305,9.982068,23.641741,-59.412724
0,61824.00,6.631080,-8.301120,0.944561,0.173721,0.352460,0.385557,25.042732,30.646700,-46.548428
0,61848.00,6.008555,-7.897677,1.628140,-0.237211,-0.242765,0.035346,25.042732,30.646700,-46.548428
0,61872.00,5.229203,-7.819861,2.682840,-0.606864,-0.752769,-0.329779,25.042732,30.646700,-46.548428
0,61896.00,4.372035,-7.643878,4.023661,-0.959738,-1.155178,-0.665342,25.042732,30.646700,-46.548428
0,61920.00,3.625006,-7.514585,5.225612,-1.270800,-1.464376,-1.001971,25.042732,30.646700,-46.548428
0,61944.00,2.092639,-7.981478,7.968309,-1.851112,-1.904870,-1.723432,99.820686,46.582985,-51.118637
0,61968.00,1.506030,-8.055702,9.679053,-2.086539,-2.090229,-2.004134,99.820686,46.582985,-51.118637
0,61992.00,0.305276,-8.325064,11.479585,-2.277224,-2.260141,-2.221984,99.820686,46.582985,-51.118637
0,62016.00,-1.154064,-8.508229,13.223850,-2.427162,-2.363473,-2.417995,99.820686,46.582985,-51.118637
0,62040.00,-2.473336,-8.601608,14.890299,-2.574171,-2.328851,-2.580184,99.820686,46.582985,-51.118637
0,62064.00,-5.536873,-7.411629,17.720390,-2.552599,-2.053476,-2.703224,19.964136,33.623810,-29.452461
0,62088.00,-6.920793,-6.386858,18.227987,-2.358984,-1.837224,-2.553286,19.964136,33.623810,-29.452461
0,62112.00,-7.994647,-4.867660,18.114256,-2.065766,-1.544805,-2.331441,19.964136,33.623810,-29.452461
0,62136.00,-9.295961,-3.347265,17.480957,-1.723011,-1.165565,-2.147148,19.964136,33.623810,-29.452461
0,62160.00,-10.186650,-2.121371,16.313725,-1.384252,-0.677666,-2.040087,19.964136,33.623810,-29.452461
0,62184.00,-10.432069,-0.482456,13.408213,-0.824980,0.280021,-1.728492,26.268600,5.954216,0.338534
0,62208.00,-10.037005,0.411824,12.169150,-0.558127,0.454727,-1.377749,26.268600,5.954216,0.338534
0,62232.00,-10.117215,1.118149,11.443670,-0.254788,0.395338,-0.921010,26.268600,5.954216,0.338534
0,62256.00,-10.353056,1.442580,11.547823,0.022451,0.237143,-0.435242,26.268600,5.954216,0.338534
0,62280.00,-10.875018,1.168430,12.293655,0.283711,0.121827,0.057983,26.268600,5.954216,0.338534
0,62304.00,-10.677486,0.229855,14.486856,0.832863,0.153785,1.111013,26.268600,5.954216,0.338534
0,62328.00,-10.535025,-0.816464,15.919858,1.157241,0.247264,1.592786,17.862648,40.628769,-91.742722
0,62352.00,-10.187847,-1.899896,17.296595,1.488543,0.488283,2.034611,17.862648,40.628769,-91.742722
0,62376.00,-9.195400,-3.025228,18.109467,1.799073,0.925315,2.351266,17.862648,40.628769,-91.742722
0,62400.00,-7.861762,-4.276262,18.172916,2.076578,1.443574,2.488687,17.862648,40.628769,-91.742722
0,62424.00,-4.575552,-6.822625,16.985332,2.457682,2.205249,2.500139,17.862648,40.628769,-91.742722
0,62448.00,-3.125790,-7.955141,16.086264,2.564210,2.287809,2.544348,-9.631821,-0.875620,2.877539
0,62472.00,-2.011232,-8.952376,15.484092,2.594837,2.212973,2.607200,-9.631821,-0.875620,2.877539
0,62496.00,-1.562296,-9.669477,15.174026,2.580189,2.105379,2.615988,-9.631821,-0.875620,2.877539
0,62520.00,-0.993644,-10.034611,14.239043,2.567406,2.130413,2.583231,-9.631821,-0.875620,2.877539
0,62544.00,2.306931,-10.393759,8.910476,2.300021,2.447867,2.272435,-9.631821,-0.875620,2.877539
0,62568.00,4.392387,-9.844262,5.788278,1.926374,2.479559,1.993598,11.558185,-23.466616,-55.858116
0,62592.00,6.099540,-9.000263,3.277829,1.468569,2.234545,1.682536,11.558185,-23.466616,-55.858116
0,62616.00,6.852554,-8.099998,1.852009,1.018222,1.718683,1.352832,11.558185,-23.466616,-55.858116
0,62640.00,7.024946,-7.902465,0.855971,0.648303,1.080047,1.043634,11.558185,-23.466616,-55.858116
0,62664.00,6.738824,-6.905230,0.891886,-0.196997,-0.112269,0.336021,11.558185,-23.466616,-55.858116
0,62688.00,6.039681,-6.706501,1.813700,-0.585025,-0.635321,-0.175047,11.558185,-23.466616,-55.858116
0,62712.00,4.850900,-6.959102,3.312547,-0.934970,-1.102980,-0.697034,5.779092,52.712326,-61.782459
0,62736.00,3.565148,-7.346982,4.861674,-1.243635,-1.474762,-1.113027,5.779092,52.712326,-61.782459
0,62760.00,2.420661,-7.823452,6.343760,-1.531527,-1.740017,-1.409175,5.779092,52.712326,-61.782459
0,62784.00,1.586239,-7.580429,9.139133,-2.099588,-2.166396,-1.856326,5.779092,52.712326,-61.782459
0,62808.00,0.559075,-8.126334,11.061775,-2.314509,-2.349891,-2.077638,5.779092,52.712326,-61.782459
0,62832.00,-1.094206,-8.165841,13.175963,-2.499335,-2.497432,-2.283504,25.217857,24.167112,-46.379162
0,62856.00,-2.496083,-8.084434,15.181210,-2.643680,-2.469735,-2.461938,25.217857,24.167112,-46.379162
0,62880.00,-3.957817,-7.329025,17.340889,-2.747812,-2.347227,-2.570863,25.217857,24.167112,-46.379162
0,62904.00,-7.797115,-5.075966,19.540075,-2.386149,-1.879569,-2.422789,25.217857,24.167112,-46.379162
0,62928.00,-8.720127,-4.029647,18.381224,-2.057243,-1.436679,-2.250480,25.217857,24.167112,-46.379162
0,62952.00,-8.613580,-2.692417,16.766253,-1.804505,-1.009768,-2.082166,-39.753147,16.636780,-66.183403
0,62976.00,-8.453160,-1.507227,15.473317,-1.563219,-0.759693,-1.868044,-39.753147,16.636780,-66.183403
0,63000.00,-8.685410,-0.460907,14.497630,-1.292638,-0.678732,-1.598795,-39.753147,16.636780,-66.183403
0,63024.00,-9.904120,1.179204,13.088571,-0.741355,-0.575399,-0.919944,-39.753147,16.636780,-66.183403
0,63048.00,-10.562559,2.158483,12.903010,-0.511255,-0.449164,-0.638977,-39.753147,16.636780,-66.183403
0,63072.00,-11.794438,2.794176,13.554267,-0.229222,-0.331450,-0.360406,51.136208,51.836704,-36.223141
0,63096.00,-12.695902,3.106635,14.659246,0.087433,-0.185773,0.004453,51.136208,51.836704,-36.223141
0,63120.00,-13.573421,2.406295,17.130188,0.993454,0.262178,1.045232,51.136208,51.836704,-36.223141
0,63144.00,-12.620481,1.240260,17.920317,1.425692,0.600670,1.561627,51.136208,51.836704,-36.223141
0,63168.00,-11.106071,0.047886,18.502136,1.805464,0.980177,1.968564,51.136208,51.836704,-36.223141
0,63192.00,-9.560534,-1.672435,18.858891,2.157539,1.364477,2.223166,51.136208,51.836704,-36.223141
0,63216.00,-7.993450,-3.310153,19.128252,2.428653,1.737858,2.354462,-51.836704,49.384968,-55.181046
0,63240.00,-4.646185,-6.692135,18.069962,2.857961,2.250524,2.446342,-51.836704,49.384968,-55.181046
0,63264.00,-3.374799,-8.225699,17.282228,2.918682,2.335480,2.446609,-51.836704,49.384968,-55.181046
0,63288.00,-2.539180,-9.673068,16.417877,2.908030,2.347198,2.439684,-51.836704,49.384968,-55.181046
0,63312.00,-1.671238,-10.598474,14.946566,2.842515,2.378624,2.470311,-51.836704,49.384968,-55.181046
0,63336.00,-0.015563,-11.011495,12.546256,2.709621,2.475831,2.491350,-15.410913,40.979015,-6.432147
0,63360.00,4.123025,-10.502701,6.676572,2.053941,2.547204,2.130753,-15.410913,40.979015,-6.432147
0,63384.00,6.036090,-9.944823,3.882396,1.626497,2.319767,1.796521,-15.410913,40.979015,-6.432147
0,63408.00,6.981848,-9.129557,2.160877,1.148719,1.875545,1.426070,-15.410913,40.979015,-6.432147
0,63432.00,7.373320,-8.827871,1.076249,0.703165,1.331453,1.065739,-15.410913,40.979015,-6.432147
0,63456.00,7.460712,-8.381330,0.538723,0.254948,0.746614,0.746953,-12.784052,-50.260590,10.325288
0,63480.00,6.317423,-7.481064,1.819686,-0.570378,-0.395633,-0.098613,-12.784052,-50.260590,10.325288
0,63504.00,5.274695,-7.604372,2.921075,-0.916860,-0.854769,-0.571598,-12.784052,-50.260590,10.325288
0,63528.00,4.150560,-7.801904,4.367247,-1.278790,-1.202051,-1.022744,-12.784052,-50.260590,10.325288
0,63552.00,3.189239,-7.973098,5.840953,-1.619679,-1.500063,-1.404114,-12.784052,-50.260590,10.325288
0,63576.00,2.282988,-8.195770,7.482262,-1.921686,-1.795678,-1.717041,-12.784052,-50.260590,10.325288
0,63600.00,0.754212,-8.424428,11.089311,-2.369371,-2.299290,-2.211331,14.535293,42.555134,-73.969688
0,63624.00,0.003591,-8.854209,12.855124,-2.564051,-2.501693,-2.388434,14.535293,42.555134,-73.969688
0,63648.00,-1.273780,-8.612382,14.825652,-2.810397,-2.604493,-2.553552,14.535293,42.555134,-73.969688
0,63672.00,-2.642136,-7.800706,17.109837,-2.934768,-2.621005,-2.715209,14.535293,42.555134,-73.969688
0,63696.00,-4.631819,-7.451135,19.112688,-2.876711,-2.575730,-2.801763,14.535293,42.555134,-73.969688
0,63720.00,-8.123940,-4.817379,20.568438,-2.472437,-1.939491,-2.636378,-13.659673,40.979015,-75.831619
0,63744.00,-9.140330,-3.540008,19.646624,-2.143797,-1.423629,-2.551155,-13.659673,40.979015,-75.831619
0,63768.00,-9.700603,-2.024401,18.208832,-1.815158,-0.950112,-2.444361,-13.659673,40.979015,-75.831619
0,63792.00,-9.884965,-0.294502,16.536396,-1.440712,-0.637985,-2.235300,-13.659673,40.979015,-75.831619
0,63816.00,-10.391365,0.606961,14.898679,-1.002882,-0.480323,-1.922374,-13.659673,40.979015,-75.831619
0,63840.00,-12.030279,2.669671,12.885053,-0.392476,-0.257946,-1.229142,-0.700496,22.415873,-81.248169
0,63864.00,-13.331594,2.825302,13.205893,-0.097926,-0.152483,-0.814482,-0.700496,22.415873,-81.248169
0,63888.00,-14.204326,3.162902,14.027145,0.184640,0.021424,-0.290364,-0.700496,22.415873,-81.248169
0,63912.00,-14.617346,2.855231,15.375150,0.560950,0.222230,0.291280,-0.700496,22.415873,-81.248169
0,63936.00,-14.338408,1.784968,16.599846,0.991324,0.508790,0.875320,-0.700496,22.415873,-81.248169
0,63960.00,-11.942886,-0.580624,18.567980,1.736754,1.367406,1.887070,-27.844717,-13.834796,-77.693558
0,63984.00,-9.974752,-1.877150,19.299446,2.055805,1.835064,2.181087,-27.844717,-13.834796,-77.693558
0,64008.00,-8.091617,-3.274238,19.781902,2.359410,2.239072,2.335553,-27.844717,-13.834796,-77.693558
0,64032.00,-6.435942,-5.192091,19.660990,2.632655,2.551998,2.405329,-27.844717,-13.834796,-77.693558
0,64056.00,-4.700058,-6.908821,19.130646,2.797240,2.762125,2.494280,-27.844717,-13.834796,-77.693558
0,64080.00,-1.534762,-9.448001,16.800970,2.870478,2.741086,2.704939,48.684475,-1.400992,-81.248169
0,64104.00,-0.434570,-10.371013,15.114168,2.824405,2.598871,2.754741,48.684475,-1.400992,-81.248169
0,64128.00,1.048714,-10.822343,12.795266,2.675798,2.504061,2.755806,48.684475,-1.400992,-81.248169
0,64152.00,3.135367,-10.467983,9.955598,2.403886,2.468374,2.639957,48.684475,-1.400992,-81.248169
0,64176.00,5.063994,-9.811938,7.033326,2.058202,2.350394,2.352864,48.684475,-1.400992,-81.248169
0,64200.00,7.459516,-8.979911,2.279396,1.191596,1.669946,1.564823,38.352158,-9.281572,-67.876076
0,64224.00,7.939578,-8.502243,0.867942,0.716747,1.179384,1.150162,38.352158,-9.281572,-67.876076
0,64248.00,7.998239,-8.408865,0.059858,0.256014,0.598007,0.715794,38.352158,-9.281572,-67.876076
0,64272.00,7.677399,-7.933591,0.397458,-0.222031,-0.052080,0.268642,38.352158,-9.281572,-67.876076
0,64296.00,6.605939,-7.884508,1.253428,-0.610326,-0.683525,-0.217392,38.352158,-9.281572,-67.876076
0,64320.00,4.805408,-8.252037,3.605851,-1.423668,-1.545337,-1.196651,29.771080,6.654712,-90.050049
0,64344.00,3.814158,-8.639917,5.199274,-1.823148,-1.885695,-1.628622,29.771080,6.654712,-90.050049
0,64368.00,2.658896,-9.051741,7.077621,-2.190403,-2.226584,-1.945810,29.771080,6.654712,-90.050049
0,64392.00,1.732293,-9.506662,9.164274,-2.527565,-2.540842,-2.157800,29.771080,6.654712,-90.050049
0,64416.00,0.829633,-9.865810,11.419727,-2.833034,-2.828468,-2.288297,29.771080,6.654712,-90.050049
0,64440.00,-1.869967,-9.884965,16.397526,-3.352625,-3.068689,-2.489635,29.771080,6.654712,-90.050049
0,64464.00,-3.262266,-9.007445,18.937902,-3.517477,-2.948578,-2.587109,-14.885540,11.032812,-56.027382
0,64488.00,-5.095121,-7.799510,21.277157,-3.473001,-2.762154,-2.593500,-14.885540,11.032812,-56.027382
0,64512.00,-7.198534,-5.740391,22.548544,-3.212807,-2.447364,-2.474189,-14.885540,11.032812,-56.027382
0,64536.00,-8.823083,-4.009295,21.881723,-2.728637,-1.948812,-2.294423,-14.885540,11.032812,-56.027382
0,64560.00,-9.969964,-0.093379,18.903185,-1.841258,-0.709358,-1.996144,-14.885540,11.032812,-56.027382
0,64584.00,-9.934049,0.798507,16.876390,-1.357887,-0.295763,-1.788947,-36.425793,50.785961,38.592880
0,64608.00,-9.890951,2.378761,15.695989,-0.953080,-0.121057,-1.445660,-36.425793,50.785961,38.592880
0,64632.00,-10.362633,3.135367,14.753822,-0.479563,-0.088566,-1.068551,-36.425793,50.785961,38.592880
0,64656.00,-11.406558,3.142550,14.181580,-0.042531,-0.039563,-0.719938,-36.425793,50.785961,38.592880
0,64680.00,-12.595340,2.041161,14.579037,0.546036,0.351395,0.081952,-36.425793,50.785961,38.592880
0,64704.00,-12.519918,1.138501,15.122548,0.853370,0.551135,0.624180,-20.664633,6.654712,-54.503979
0,64728.00,-12.134433,-0.423795,15.584653,1.193993,0.772980,1.168805,-20.664633,6.654712,-54.503979
0,64752.00,-10.733753,-2.071090,15.922253,1.481885,1.053947,1.657502,-20.664633,6.654712,-54.503979
0,64776.00,-8.855406,-3.159310,16.305344,1.735688,1.305886,2.058314,-20.664633,6.654712,-54.503979
0,64800.00,-6.236016,-5.263921,16.929066,2.158605,1.737325,2.435157,-20.664633,6.654712,-54.503979
0,64824.00,-4.677311,-6.522138,16.914700,2.306679,1.998319,2.424504,52.712326,24.692484,-59.751255
0,64848.00,-3.283815,-7.575640,16.522030,2.396429,2.209244,2.375501,52.712326,24.692484,-59.751255
0,64872.00,-2.079470,-8.788365,15.742679,2.445431,2.323762,2.337684,52.712326,24.692484,-59.751255
0,64896.00,-0.763789,-10.234537,14.324041,2.420930,2.400462,2.341679,52.712326,24.692484,-59.751255
0,64920.00,3.669301,-10.630797,9.287581,2.048348,2.413778,2.403997,52.712326,24.692484,-59.751255
0,64944.00,5.732011,-10.251297,6.474251,1.732759,2.175688,2.229824,52.712326,24.692484,-59.751255
0,64968.00,7.015368,-9.823910,4.129011,1.332480,1.765555,1.944329,38.001907,11.032812,-114.593765
0,64992.00,7.728877,-9.463565,2.480519,0.909830,1.263808,1.633800,38.001907,11.032812,-114.593765
0,65016.00,7.971901,-8.921250,1.567085,0.482119,0.693084,1.301432,38.001907,11.032812,-114.593765
0,65040.00,6.736430,-8.058097,2.180032,-0.270768,-0.445169,0.448142,38.001907,11.032812,-114.593765
0,65064.00,5.927148,-8.129926,3.022834,-0.623109,-0.819082,-0.058399,38.001907,11.032812,-114.593765
0,65088.00,5.210048,-7.829439,3.981760,-0.983973,-1.102713,-0.537509,-24.167112,-33.974056,-34.869003
0,65112.00,4.216404,-7.850987,5.321384,-1.297698,-1.379420,-0.998242,-24.167112,-33.974056,-34.869003
0,65136.00,2.958187,-8.067674,7.027340,-1.570410,-1.640946,-1.370292,-24.167112,-33.974056,-34.869003
0,65160.00,0.851182,-7.983872,10.177073,-2.052716,-1.971449,-1.834222,-24.167112,-33.974056,-34.869003
0,65184.00,-0.409429,-7.429586,12.209854,-2.258848,-2.089962,-2.024108,-24.167112,-33.974056,-34.869003
0,65208.00,-1.849615,-7.062058,14.151650,-2.354989,-2.167195,-2.177508,-7.705456,66.196877,-84.972038
0,65232.00,-3.386771,-6.298268,16.000069,-2.383219,-2.180511,-2.230506,-7.705456,66.196877,-84.972038
0,65256.00,-5.609900,-4.621045,18.002920,-2.334483,-2.099816,-2.190025,-7.705456,66.196877,-84.972038
0,65280.00,-8.414850,-1.134909,18.075947,-1.804505,-1.355717,-1.879230,-7.705456,66.196877,-84.972038
0,65304.00,-8.110771,0.970898,16.987726,-1.513418,-0.928540,-1.749798,-7.705456,66.196877,-84.972038
0,65328.00,-8.674635,2.188412,16.221542,-1.132047,-0.776471,-1.601458,-7.705456,66.196877,-84.972038
0,65352.00,-9.432438,2.765444,15.775002,-0.734165,-0.694977,-1.360971,26.268600,117.333084,-23.358849
0,65376.00,-9.792784,3.802186,15.045930,-0.339212,-0.614016,-0.978535,26.268600,117.333084,-23.358849
0,65400.00,-10.439251,4.181686,15.079451,0.418203,-0.448631,-0.262666,26.268600,117.333084,-23.358849
0,65424.00,-10.811568,3.397545,15.688807,0.833662,-0.363941,0.134417,26.268600,117.333084,-23.358849
0,65448.00,-10.654740,2.236298,16.480129,1.237670,-0.204682,0.569584,26.268600,117.333084,-23.358849
0,65472.00,-9.911303,0.986461,17.004486,1.630758,0.049920,1.055885,2.451736,-15.410913,-56.873718
0,65496.00,-8.024576,0.128096,16.815336,1.964457,0.431823,1.426602,2.451736,-15.410913,-56.873718
0,65520.00,-4.676114,-1.798137,16.526819,2.438773,1.170862,1.525674,2.451736,-15.410913,-56.873718
0,65544.00,-3.417897,-3.244309,16.264641,2.597767,1.475799,1.456164,2.451736,-15.410913,-56.873718
0,65568.00,-2.007640,-5.237583,15.654088,2.747705,1.676338,1.432994,2.451736,-15.410913,-56.873718
0,65592.00,-1.036742,-6.821428,14.426997,2.748770,1.804438,1.434592,-13.309424,37.826786,-72.446281
0,65616.00,2.661291,-9.315116,8.766816,2.518137,2.025483,1.564290,-13.309424,37.826786,-72.446281
0,65640.00,4.842520,-9.570112,5.716448,2.087764,1.979943,1.461490,-13.309424,37.826786,-72.446281
0,65664.00,5.852924,-9.246878,4.181686,1.515175,1.721079,1.215943,-13.309424,37.826786,-72.446281
0,65688.00,6.165383,-9.140330,2.994102,1.062964,1.326926,0.975190,-13.309424,37.826786,-72.446281
0,65712.00,6.334183,-8.955968,2.230313,0.630992,0.917325,0.739230,2.451736,74.252579,-57.550785
0,65736.00,6.051653,-7.897677,2.504462,-0.247332,0.070693,0.214846,2.451736,74.252579,-57.550785
0,65760.00,5.242372,-7.791129,3.359236,-0.608462,-0.324526,-0.122582,2.451736,74.252579,-57.550785
0,65784.00,4.646185,-7.566063,4.299008,-0.983440,-0.580726,-0.443764,2.451736,74.252579,-57.550785
0,65808.00,4.398373,-7.077621,5.201668,-1.354424,-0.784461,-0.744706,2.451736,74.252579,-57.550785
0,65832.00,3.681273,-7.112339,6.591573,-1.654035,-1.035601,-1.005433,2.451736,74.252579,-57.550785
0,65856.00,2.121371,-6.869315,9.743700,-2.176022,-1.506188,-1.413702,-15.936284,40.803894,-55.011780
0,65880.00,0.656045,-6.562841,11.863873,-2.376029,-1.649735,-1.591870,-15.936284,40.803894,-55.011780
0,65904.00,-0.665622,-5.904402,13.942147,-2.525967,-1.649469,-1.730889,-15.936284,40.803894,-55.011780
0,65928.00,-2.172849,-4.941884,15.888732,-2.569377,-1.546669,-1.816644,-15.936284,40.803894,-55.011780
0,65952.00,-3.348462,-3.583105,17.261877,-2.454859,-1.409780,-1.813449,-15.936284,40.803894,-55.011780
0,65976.00,-5.886445,-1.406665,17.646166,-1.899315,-0.961297,-1.626758,-30.646700,26.093477,-58.058586
0,66000.00,-6.151018,-0.769775,16.300556,-1.595977,-0.634522,-1.499457,-30.646700,26.093477,-58.058586
0,66024.00,-5.943909,0.401049,15.080647,-1.374931,-0.412411,-1.361503,-30.646700,26.093477,-58.058586
0,66048.00,-6.451505,1.192373,13.860740,-1.093963,-0.375926,-1.185998,-30.646700,26.093477,-58.058586
0,66072.00,-7.230857,1.865178,12.961672,-0.834035,-0.421733,-0.946576,-30.646700,26.093477,-58.058586
0,66096.00,-8.520201,4.167320,12.876673,-0.350131,-0.605760,-0.257606,-37.826786,88.962997,-92.081253
0,66120.00,-9.422861,4.354078,13.539901,-0.023090,-0.700303,0.090474,-37.826786,88.962997,-92.081253
0,66144.00,-10.192636,4.836534,14.829244,0.314338,-0.726403,0.524044,-37.826786,88.962997,-92.081253
0,66168.00,-10.274043,4.840126,15.844437,0.732993,-0.662486,0.974391,-37.826786,88.962997,-92.081253
0,66192.00,-10.711007,4.184081,17.750319,1.149784,-0.497634,1.319542,-37.826786,88.962997,-92.081253
0,66216.00,-8.222108,1.415045,19.628666,2.050745,0.419573,1.794657,-52.887451,8.055704,-106.638222
0,66240.00,-6.651431,-0.435767,20.136263,2.429186,0.899482,1.812234,-52.887451,8.055704,-106.638222
0,66264.00,-5.477015,-2.123765,20.519354,2.729063,1.395636,1.709168,-52.887451,8.055704,-106.638222
0,66288.00,-3.893170,-3.864439,20.172176,2.916552,2.007640,1.440451,-52.887451,8.055704,-106.638222
0,66312.00,-2.215947,-6.008555,19.054028,3.033999,2.537351,1.164277,-52.887451,8.055704,-106.638222
0,66336.00,0.739846,-10.139961,14.320450,2.970615,3.033239,1.046031,25.217857,33.623810,-87.341782
0,66360.00,3.164099,-10.956426,10.733753,2.746906,3.122190,1.144569,25.217857,33.623810,-87.341782
0,66384.00,5.432721,-11.191069,7.216492,2.354883,3.032440,1.117405,25.217857,33.623810,-87.341782
0,66408.00,7.078818,-10.980369,4.650974,1.815584,2.701404,0.973858,25.217857,33.623810,-87.341782
0,66432.00,7.847396,-10.458405,3.099452,1.290934,2.159442,0.826051,25.217857,33.623810,-87.341782
0,66456.00,7.924014,-9.691025,1.409060,0.374526,0.976448,0.502738,73.727203,99.645561,-87.849579
0,66480.00,7.755215,-9.457579,1.547930,-0.092067,0.454461,0.239880,73.727203,99.645561,-87.849579
0,66504.00,7.416418,-9.210963,1.677224,-0.510190,-0.010534,-0.055203,73.727203,99.645561,-87.849579
0,66528.00,7.234449,-8.807520,2.485308,-0.958406,-0.472067,-0.407544,73.727203,99.645561,-87.849579
0,66552.00,6.384464,-8.382527,3.973380,-1.339777,-0.994587,-0.721802,73.727203,99.645561,-87.849579
0,66576.00,4.065562,-8.269994,7.877325,-1.976815,-1.906467,-1.300250,33.974056,43.430752,-65.675598
0,66600.00,2.537983,-7.988661,10.562559,-2.278289,-2.238569,-1.496794,33.974056,43.430752,-65.675598
0,66624.00,0.633299,-7.853382,13.290891,-2.447136,-2.466805,-1.607583,33.974056,43.430752,-65.675598
0,66648.00,-1.109769,-7.374517,15.673243,-2.566980,-2.473730,-1.678158,33.974056,43.430752,-65.675598
0,66672.00,-2.083062,-6.358127,17.502506,-2.618646,-2.338705,-1.707986,33.974056,43.430752,-65.675598
0,66696.00,-4.378021,-3.050368,19.425148,-2.410384,-1.904603,-1.705323,33.974056,43.430752,-65.675598
0,66720.00,-6.008555,-3.203605,18.822975,-2.180816,-1.518439,-1.800133,-29.771080,119.434570,-68.045341
0,66744.00,-6.598756,-1.428214,17.703629,-2.132079,-1.093392,-1.864316,-29.771080,119.434570,-68.045341
0,66768.00,-7.319448,0.938575,16.555552,-1.992261,-0.895783,-1.880561,-29.771080,119.434570,-68.045341
0,66792.00,-8.948785,2.177637,15.624159,-1.697445,-0.870216,-1.902666,-29.771080,119.434570,-68.045341
0,66816.00,-11.381417,3.981760,13.901443,-0.908338,-0.616146,-1.414235,-29.771080,119.434570,-68.045341
0,66840.00,-11.370644,4.822168,13.506380,-0.633229,-0.377523,-1.052838,-3.677604,49.209846,-72.277016
0,66864.00,-10.739739,5.550042,13.384270,-0.363980,-0.319732,-0.694371,-3.677604,49.209846,-72.277016
0,66888.00,-11.497542,5.316596,14.883116,-0.012703,-0.576465,-0.366797,-3.677604,49.209846,-72.277016
0,66912.00,-12.970052,3.591486,17.215187,0.476527,-0.726936,0.120835,-3.677604,49.209846,-72.277016
0,66936.00,-10.811568,0.417809,19.251560,1.730362,-0.329852,1.855378,-3.677604,49.209846,-72.277016
0,66960.00,-8.471117,-1.054700,19.574793,2.265399,-0.167397,2.510792,-1.225868,55.164062,-36.392406
0,66984.00,-6.452703,-2.329677,20.327808,2.709089,-0.030508,2.933975,-1.225868,55.164062,-36.392406
0,67008.00,-4.581538,-3.502896,20.939558,3.118423,0.351128,3.053552,-1.225868,55.164062,-36.392406
0,67032.00,-2.432633,-4.876040,20.811462,3.387672,1.052616,2.760067,-1.225868,55.164062,-36.392406
0,67056.00,0.586609,-8.551327,18.735582,3.525626,2.498468,1.515287,-1.225868,55.164062,-36.392406
0,67080.00,1.478495,-10.533827,15.821691,3.488608,3.077714,1.124862,-1.225868,55.164062,-36.392406
0,67104.00,3.742328,-11.516697,11.562189,3.284340,3.586386,0.988772,-17.687525,47.808853,-32.329998
0,67128.00,6.416788,-11.543035,7.117127,2.833194,3.783463,0.828447,-17.687525,47.808853,-32.329998
0,67152.00,8.084434,-10.939665,3.848875,2.193226,3.540046,0.555203,-17.687525,47.808853,-32.329998
0,67176.00,8.559708,-10.748119,0.493231,1.023815,2.159708,0.143206,-17.687525,47.808853,-32.329998
0,67200.00,8.175418,-10.490729,0.147251,0.467472,1.314409,0.134417,-17.687525,47.808853,-32.329998
0,67224.00,7.837819,-10.114820,0.220278,-0.021226,0.493343,0.195404,26.793972,48.159100,-116.286438
0,67248.00,7.633104,-9.491099,0.815267,-0.534957,-0.202551,0.153592,26.793972,48.159100,-116.286438
0,67272.00,7.223675,-8.686606,2.029189,-1.054548,-0.810560,-0.049077,26.793972,48.159100,-116.286438
0,67296.00,5.326173,-8.407668,5.654195,-1.870553,-1.836425,-0.738314,26.793972,48.159100,-116.286438
0,67320.00,3.856058,-8.647100,8.061687,-2.224493,-2.158406,-1.065089,26.793972,48.159100,-116.286438
0,67344.00,2.909103,-8.965545,10.240522,-2.537685,-2.326721,-1.308239,4.027852,56.565052,-40.454815
0,67368.00,1.608986,-8.053308,13.117302,-2.854340,-2.431118,-1.521562,4.027852,56.565052,-40.454815
0,67392.00,-0.034718,-7.813875,15.852818,-2.974983,-2.428988,-1.767642,4.027852,56.565052,-40.454815
0,67416.00,-2.807344,-6.245594,19.279095,-3.001082,-1.975977,-2.065387,4.027852,56.565052,-40.454815
0,67440.00,-4.653368,-4.834139,20.022532,-2.843421,-1.681960,-2.069116,4.027852,56.565052,-40.454815
0,67464.00,-5.964261,-3.658527,19.186913,-2.530228,-1.377556,-1.932494,8.931324,66.371994,-43.840157
0,67488.00,-6.493406,-1.592225,18.024469,-2.254853,-1.115230,-1.676027,8.931324,66.371994,-43.840157
0,67512.00,-6.743613,0.334008,16.809349,-1.948851,-0.960765,-1.441133,8.931324,66.371994,-43.840157
0,67536.00,-7.949155,3.381982,15.845634,-1.300095,-0.947182,-1.064024,8.931324,66.371994,-43.840157
0,67560.00,-8.778788,4.217601,15.324869,-0.914464,-0.816952,-0.898372,8.931324,66.371994,-43.840157
0,67584.00,-9.357017,4.423513,14.828047,-0.538952,-0.618011,-0.771604,8.931324,66.371994,-43.840157
0,67608.00,-9.500676,4.581538,15.023184,-0.226825,-0.415874,-0.610214,-48.684475,75.303322,15.911099
0,67632.00,-10.242917,4.251122,16.192812,0.119924,-0.286975,-0.373988,-48.684475,75.303322,15.911099
0,67656.00,-10.216579,1.658069,17.728769,1.135136,0.082145,0.585031,-48.684475,75.303322,15.911099
0,67680.00,-8.698578,0.567455,17.773066,1.619839,0.303990,1.128058,-48.684475,75.303322,15.911099
0,67704.00,-7.275153,-0.647665,18.084328,2.065659,0.498670,1.558431,-48.684475,75.303322,15.911099
0,67728.00,-5.469832,-1.852009,17.812571,2.486445,0.700541,1.856443,-26.093477,108.401756,-49.256702
0,67752.00,-4.352880,-3.252689,17.953836,2.794843,0.945289,1.953384,-26.093477,108.401756,-49.256702
0,67776.00,-1.647295,-6.097145,17.460606,3.106971,1.807900,1.628739,-26.093477,108.401756,-49.256702
0,67800.00,-0.949349,-8.241262,16.670479,3.116292,2.302456,1.317677,-26.093477,108.401756,-49.256702
0,67824.00,0.500414,-9.578492,14.353971,3.052375,2.818052,1.208486,-26.093477,108.401756,-49.256702
0,67848.00,2.912695,-10.683473,10.936073,2.940521,3.215402,1.211149,18.738268,-29.946205,-63.813663
0,67872.00,5.431523,-11.089311,7.109944,2.590310,3.370933,1.090240,18.738268,-29.946205,-63.813663
0,67896.00,8.281965,-10.434463,1.758631,1.345529,2.570374,0.602075,18.738268,-29.946205,-63.813663
0,67920.00,8.609988,-10.174679,0.712311,0.770011,1.840657,0.430299,18.738268,-29.946205,-63.813663
0,67944.00,8.338232,-9.914894,0.594989,0.232311,1.042496,0.300601,18.738268,-29.946205,-63.813663
0,67968.00,7.849790,-9.744898,1.036742,-0.247864,0.236611,0.170903,18.738268,-29.946205,-63.813663
0,67992.00,7.269167,-9.377369,1.976514,-0.710729,-0.458751,-0.010994,22.590996,71.625717,-28.267591
0,68016.00,5.783489,-8.842237,4.639002,-1.495041,-1.369566,-0.562809,22.590996,71.625717,-28.267591
0,68040.00,5.141810,-8.528581,6.319818,-1.895853,-1.638283,-0.956164,22.590996,71.625717,-28.267591
0,68064.00,4.409147,-8.958363,8.103588,-2.196263,-1.891021,-1.332474,22.590996,71.625717,-28.267591
0,68088.00,3.459798,-8.727310,10.330310,-2.489747,-2.130709,-1.625693,22.590996,71.625717,-28.267591
0,68112.00,2.232707,-8.994277,12.284078,-2.651137,-2.335776,-1.854196,23.641741,36.951164,-84.125710
0,68136.00,-0.976884,-8.635128,16.914700,-2.904408,-2.386909,-2.170850,23.641741,36.951164,-84.125710
0,68160.00,-2.257847,-7.953943,18.229183,-3.000017,-1.966390,-2.345823,23.641741,36.951164,-84.125710
0,68184.00,-2.825302,-6.231227,18.606289,-2.874846,-1.562382,-2.410006,23.641741,36.951164,-84.125710
0,68208.00,-3.818946,-4.800619,18.600304,-2.615184,-1.290469,-2.491766,23.641741,36.951164,-84.125710
0,68232.00,-7.317053,-3.195225,17.216385,-1.871352,-0.883265,-2.317060,-14.360168,36.425793,-20.989109
0,68256.00,-8.079645,-1.723913,15.797748,-1.521673,-0.661953,-1.920509,-14.360168,36.425793,-20.989109
0,68280.00,-8.420836,0.076618,14.774175,-1.263077,-0.525331,-1.528486,-14.360168,36.425793,-20.989109
0,68304.00,-9.033783,1.172022,14.078624,-0.952814,-0.526396,-1.146583,-14.360168,36.425793,-20.989109
0,68328.00,-9.861022,2.121371,14.216297,-0.682232,-0.534652,-0.765212,-14.360168,36.425793,-20.989109
0,68352.00,-10.951636,4.149363,15.802536,0.096488,-0.414276,0.126428,23.816864,47.983978,-33.176334
0,68376.00,-11.574161,3.678878,16.630972,0.601697,-0.239570,0.475307,23.816864,47.983978,-33.176334
0,68400.00,-11.869860,2.437422,17.787432,1.107705,0.047790,0.832975,23.816864,47.983978,-33.176334
0,68424.00,-11.224589,1.291738,18.652979,1.555922,0.518111,1.185316,23.816864,47.983978,-33.176334
0,68448.00,-9.930457,-0.256193,19.273109,1.996149,1.057676,1.458561,23.816864,47.983978,-33.176334
0,68472.00,-6.943539,-3.791412,19.974646,2.676864,2.192200,1.685466,29.771080,63.745136,35.884605
0,68496.00,-5.157373,-5.742785,19.799860,2.955168,2.653999,1.702776,29.771080,63.745136,35.884605
0,68520.00,-3.464586,-7.538528,19.310221,3.118689,2.958403,1.737931,29.771080,63.745136,35.884605
0,68544.00,-1.996866,-9.279202,18.805017,3.175948,3.095025,1.799184,29.771080,63.745136,35.884605
0,68568.00,-1.280963,-11.605287,18.050806,3.174616,3.109406,1.895326,29.771080,63.745136,35.884605
0,68592.00,3.325716,-13.650040,11.801621,2.971680,3.167997,2.543017,39.052654,75.128197,-108.838692
0,68616.00,7.578034,-13.505183,6.516152,2.655025,3.048153,2.643686,39.052654,75.128197,-108.838692
0,68640.00,10.597277,-12.151193,2.686431,1.949011,2.565048,2.347005,39.052654,75.128197,-108.838692
0,68664.00,11.195858,-11.480783,1.259414,1.243262,1.753038,1.864166,39.052654,75.128197,-108.838692
0,68688.00,11.017481,-11.147971,0.674002,0.681860,0.952479,1.420477,39.052654,75.128197,-108.838692
0,68712.00,9.862219,-10.451223,1.418637,-0.256653,-0.298160,0.551208,84.760017,-17.162153,-20.989109
0,68736.00,9.216949,-10.089680,2.093836,-0.696081,-0.669410,-0.021913,84.760017,-17.162153,-20.989109
0,68760.00,8.449569,-10.278831,3.032411,-1.116867,-0.912028,-0.627259,84.760017,-17.162153,-20.989109
0,68784.00,8.199362,-10.086088,4.072745,-1.610624,-1.139199,-1.201445,84.760017,-17.162153,-20.989109
0,68808.00,6.996214,-10.296789,5.912782,-2.006376,-1.598335,-1.606251,84.760017,-17.162153,-20.989109
0,68832.00,4.082322,-10.827132,11.458036,-2.724109,-2.749371,-1.992682,84.760017,-17.162153,-20.989109
0,68856.00,1.822080,-10.659529,15.106985,-2.986168,-3.128345,-2.056599,20.139261,16.636780,-91.573456
0,68880.00,-0.529146,-9.998695,18.111862,-3.116132,-3.156042,-2.083497,20.139261,16.636780,-91.573456
0,68904.00,-2.384746,-8.825478,20.242809,-3.176587,-2.859627,-2.148213,20.139261,16.636780,-91.573456
0,68928.00,-4.008098,-7.285927,21.905668,-3.102284,-2.471066,-2.189493,20.139261,16.636780,-91.573456
0,68952.00,-7.545711,-3.058748,21.346594,-2.463648,-1.622836,-1.994813,20.139261,16.636780,-91.573456
0,68976.00,-8.595622,-0.799704,19.332966,-2.072690,-1.168494,-1.831558,-18.037773,-16.636780,-10.325288
0,69000.00,-8.930827,1.258217,17.498915,-1.697445,-0.831599,-1.636878,-18.037773,-16.636780,-10.325288
0,69024.00,-9.209766,3.150930,16.250275,-1.292638,-0.695243,-1.375885,-18.037773,-16.636780,-10.325288
0,69048.00,-9.923275,4.425907,15.504443,-0.877445,-0.708559,-1.074410,-18.037773,-16.636780,-10.325288
0,69072.00,-11.595710,7.080015,16.228725,0.013929,-0.913892,-0.249084,-18.037773,-16.636780,-10.325288
0,69096.00,-12.079363,7.543317,17.486942,0.595039,-1.009235,0.256392,-22.065624,12.258680,-39.608482
0,69120.00,-11.811199,6.610728,19.100718,1.230479,-1.023350,0.765330,-22.065624,12.258680,-39.608482
0,69144.00,-12.546256,5.017305,21.309481,1.970317,-1.024415,1.399438,-22.065624,12.258680,-39.608482
0,69168.00,-10.572136,3.498107,22.222916,2.628926,-0.651833,1.990935,-22.065624,12.258680,-39.608482
0,69192.00,-4.585130,-0.283727,22.121157,3.738949,0.008108,2.712396,-22.065624,12.258680,-39.608482
0,69216.00,-2.845654,-2.608616,22.389320,4.147750,0.211310,2.658333,1.926364,45.006870,-19.804241
0,69240.00,-1.541945,-4.940687,22.744879,4.360540,0.726374,2.340880,1.926364,45.006870,-19.804241
0,69264.00,0.052675,-7.369729,22.009821,4.375187,1.513616,1.793325,1.926364,45.006870,-19.804241
0,69288.00,1.406665,-10.271648,19.344938,4.296357,2.260111,1.224998,1.926364,45.006870,-19.804241
0,69312.00,4.300205,-13.681166,11.070156,3.542404,3.423930,0.455067,1.926364,45.006870,-19.804241
0,69336.00,6.354535,-14.355167,7.023748,2.871011,3.774141,0.115242,1.926364,45.006870,-19.804241
0,69360.00,7.615147,-14.204326,4.363655,2.133038,3.728068,-0.109798,-18.738268,41.154140,-17.095968
0,69384.00,8.653086,-14.016371,1.995669,1.479222,3.420735,-0.212598,-18.738268,41.154140,-17.095968
0,69408.00,9.657505,-13.492014,-0.015563,0.876273,2.881436,-0.225914,-18.738268,41.154140,-17.095968
0,69432.00,10.639177,-12.598931,-1.361173,-0.329891,1.268602,-0.341763,-18.738268,41.154140,-17.095968
0,69456.00,10.258480,-12.263726,-0.943364,-0.885435,0.359651,-0.462140,-18.738268,41.154140,-17.095968
0,69480.00,9.718560,-11.333531,0.684777,-1.492112,-0.477926,-0.701562,89.488365,-26.093477,-41.131886
0,69504.00,8.556116,-11.405361,2.770232,-1.976016,-1.262239,-0.967882,89.488365,-26.093477,-41.131886
0,69528.00,7.696554,-11.350291,5.709265,-2.512651,-1.873710,-1.276281,89.488365,-26.093477,-41.131886
0,69552.00,5.194485,-11.831551,12.340344,-3.332118,-2.711287,-1.668570,89.488365,-26.093477,-41.131886
0,69576.00,3.830918,-11.329940,16.082672,-3.623739,-3.025545,-1.760717,89.488365,-26.093477,-41.131886
0,69600.00,2.022006,-11.078536,19.137829,-3.731066,-3.153911,-1.830227,-33.098438,8.230828,-84.464241
0,69624.00,0.076618,-9.245681,22.202564,-3.862361,-2.976009,-1.985758,-33.098438,8.230828,-84.464241
0,69648.00,-1.801729,-7.345785,24.274851,-3.712157,-2.585584,-2.204939,-33.098438,8.230828,-84.464241
0,69672.00,-6.165383,-4.106265,23.974363,-3.014664,-1.371164,-2.572461,-33.098438,8.230828,-84.464241
0,69696.00,-7.428389,-1.319272,21.705742,-2.557925,-0.858231,-2.489635,-33.098438,8.230828,-84.464241
0,69720.00,-8.878152,0.553089,19.087549,-2.037269,-0.522668,-2.355144,-33.098438,8.230828,-84.464241
0,69744.00,-9.820318,1.966937,16.664494,-1.553632,-0.359946,-2.066186,-49.560093,76.178940,-35.715340
0,69768.00,-10.295592,3.597471,14.993255,-1.116068,-0.375926,-1.609714,-49.560093,76.178940,-35.715340
0,69792.00,-12.213446,6.238410,15.111774,-0.297133,-0.586585,-0.636846,-49.560093,76.178940,-35.715340
0,69816.00,-13.209484,7.059663,16.623789,0.176384,-0.596705,-0.147616,-49.560093,76.178940,-35.715340
0,69840.00,-14.717908,7.364940,19.816620,0.693045,-0.444902,0.265180,-49.560093,76.178940,-35.715340
0,69864.00,-14.126510,5.907994,21.369339,1.450992,-0.061135,0.762400,-12.784052,24.342237,-45.194294
0,69888.00,-13.991231,2.953398,23.008253,2.191096,0.374831,1.352832,-12.784052,24.342237,-45.194294
0,69912.00,-8.131124,-1.149275,23.782818,3.264899,1.566347,2.171500,-12.784052,24.342237,-45.194294
0,69936.00,-5.607506,-3.761482,24.128798,3.677961,1.977812,2.236748,-12.784052,24.342237,-45.194294
0,69960.00,-4.273868,-6.404816,24.689070,3.950407,2.381553,2.220503,-12.784052,24.342237,-45.194294
0,69984.00,-1.934614,-8.471117,24.062954,4.112063,2.924846,2.130220,26.093477,43.605877,-25.220785
0,70008.00,-0.413021,-11.446064,22.804735,4.157071,3.364541,1.924089,26.093477,43.605877,-25.220785
0,70032.00,2.739106,-15.117760,16.579494,3.794610,3.976012,1.835670,26.093477,43.605877,-25.220785
0,70056.00,5.996584,-15.600216,11.255715,3.421761,4.120358,1.845524,26.093477,43.605877,-25.220785
0,70080.00,9.064910,-15.488880,5.946303,2.772206,3.954706,1.714228,26.093477,43.605877,-25.220785
0,70104.00,11.203041,-14.545517,2.154891,1.992687,3.353622,1.530467,32.748188,55.514309,-76.677956
0,70128.00,11.974012,-13.961302,0.272953,1.292265,2.487016,1.306226,32.748188,55.514309,-76.677956
0,70152.00,12.256543,-12.807238,-0.982870,0.032837,0.852876,0.722186,32.748188,55.514309,-76.677956
0,70176.00,11.893803,-12.029082,-0.386683,-0.558660,0.122626,0.244407,32.748188,55.514309,-76.677956
0,70200.00,10.876215,-11.683103,0.578229,-1.077451,-0.538913,-0.324985,32.748188,55.514309,-76.677956
0,70224.00,9.361806,-11.447262,2.476928,-1.624473,-1.069157,-0.970013,32.748188,55.514309,-76.677956
0,70248.00,7.822256,-11.681906,4.652171,-2.120628,-1.513379,-1.525823,57.265549,-55.864559,-42.486019
0,70272.00,5.122655,-11.266490,10.882201,-2.963797,-2.541375,-2.113858,57.265549,-55.864559,-42.486019
0,70296.00,2.674459,-11.600498,14.859173,-3.210143,-3.042589,-2.227843,57.265549,-55.864559,-42.486019
0,70320.00,0.615341,-11.151563,18.487770,-3.419471,-3.258841,-2.238229,57.265549,-55.864559,-42.486019
0,70344.00,-0.894280,-9.790390,21.478281,-3.527064,-3.195191,-2.254208,57.265549,-55.864559,-42.486019
0,70368.00,-3.088678,-8.206545,23.681059,-3.495106,-2.937659,-2.359937,-3.502480,2.801984,-99.529007
0,70392.00,-6.696923,-4.422316,24.197035,-2.974716,-1.973580,-2.440100,-3.502480,2.801984,-99.529007
0,70416.00,-7.695356,-2.395521,22.480305,-2.574171,-1.432418,-2.426251,-3.502480,2.801984,-99.529007
0,70440.00,-8.192179,-0.453724,19.781902,-2.156048,-0.999115,-2.353013,-3.502480,2.801984,-99.529007
0,70464.00,-8.569284,1.034348,17.215187,-1.761095,-0.745578,-2.223848,-3.502480,2.801984,-99.529007
0,70488.00,-9.268427,2.904315,15.552330,-1.407955,-0.757562,-1.946609,-34.849678,18.388020,-16.418900
0,70512.00,-12.343936,5.216034,14.623332,-0.655867,-0.901375,-1.137528,-34.849678,18.388020,-16.418900
0,70536.00,-12.347528,6.408407,14.063060,-0.298998,-0.690450,-0.776398,-34.849678,18.388020,-16.418900
0,70560.00,-14.739457,5.777503,16.328091,0.107940,-0.511216,-0.418730,-34.849678,18.388020,-16.418900
0,70584.00,-15.199167,6.152215,18.289042,0.540177,-0.149021,0.110981,-34.849678,18.388020,-16.418900
0,70608.00,-15.772608,5.062798,20.053658,1.201716,0.219566,0.693157,-34.849678,18.388020,-16.418900
0,70632.00,-13.007163,0.847591,22.274393,2.344496,1.213473,1.786667,-53.062572,44.306374,-122.041519
0,70656.00,-8.965545,-0.785338,21.921230,2.808160,1.654766,2.227161,-53.062572,44.306374,-122.041519
0,70680.00,-7.940774,-3.773454,23.415289,3.301917,1.803372,2.559262,-53.062572,44.306374,-122.041519
0,70704.00,-5.818207,-4.745550,24.568155,3.563710,2.310179,2.591487,-53.062572,44.306374,-122.041519
0,70727.00,-3.355645,-7.813875,24.197035,3.853466,2.957071,2.319308,-53.062572,44.306374,-122.041519
0,70751.00,0.949349,-13.723066,19.811832,3.791946,3.601566,2.008512,33.798931,-18.388020,16.080366
0,70775.00,3.625006,-14.923820,15.158463,3.576227,3.565613,2.254326,33.798931,-18.388020,16.080366
0,70799.00,6.956707,-15.506838,9.732925,3.200449,3.425262,2.351000,33.798931,-18.388020,16.080366
0,70823.00,9.634759,-15.311700,5.139416,2.555422,3.121391,2.139009,33.798931,-18.388020,16.080366
0,70847.00,10.967199,-14.737062,2.449393,1.790284,2.556526,1.863900,33.798931,-18.388020,16.080366
0,70871.00,11.969224,-13.258568,-0.572243,0.486913,1.194564,1.206888,94.216713,-76.354065,-75.493088
0,70895.00,11.498739,-12.591748,-0.507597,-0.129085,0.535688,0.718457,94.216713,-76.354065,-75.493088
0,70919.00,10.769668,-12.053025,-0.277742,-0.677172,-0.063532,0.161315,94.216713,-76.354065,-75.493088
0,70943.00,9.645533,-11.790847,0.501611,-1.224993,-0.582057,-0.433644,94.216713,-76.354065,-75.493088
0,70967.00,8.637523,-11.137197,2.419464,-1.804239,-1.122687,-1.017418,94.216713,-76.354065,-75.493088
0,70991.00,4.895195,-11.770495,8.001830,-2.712924,-2.219394,-1.746336,101.396797,21.890501,-34.361202
0,71015.00,3.510078,-11.337123,11.021072,-3.103083,-2.622602,-1.881626,101.396797,21.890501,-34.361202
0,71039.00,2.290171,-11.222196,14.423406,-3.364343,-3.005571,-1.987888,101.396797,21.890501,-34.361202
0,71063.00,-0.126899,-10.767274,18.613472,-3.590182,-3.248987,-2.079236,101.396797,21.890501,-34.361202
0,71087.00,-3.009665,-9.285188,22.149889,-3.681264,-3.045785,-2.142088,101.396797,21.890501,-34.361202
0,71111.00,-5.211246,-5.332159,23.442823,-3.227720,-1.845747,-2.297619,94.742088,5.078596,-59.074188
0,71135.00,-5.868487,-3.998521,22.232492,-2.877776,-1.347994,-2.422789,94.742088,5.078596,-59.074188
0,71159.00,-6.669389,-2.145314,20.460693,-2.556594,-1.033204,-2.423055,94.742088,5.078596,-59.074188
0,71183.00,-7.387686,-0.283727,18.724808,-2.168565,-0.851840,-2.255008,94.742088,5.078596,-59.074188
0,71207.00,-8.304711,1.348004,17.445042,-1.743252,-0.796711,-1.940217,94.742088,5.078596,-59.074188
0,71231.00,-10.411716,3.950634,15.498457,-1.007942,-0.692847,-1.266693,92.290352,31.697445,-58.735653
0,71255.00,-12.051828,5.444692,15.745072,-0.716321,-0.548235,-0.931130,92.290352,31.697445,-58.735653
0,71279.00,-13.081388,7.384094,16.846462,-0.329092,-0.408683,-0.464271,92.290352,31.697445,-58.735653
0,71303.00,-14.856778,8.004224,18.694880,0.264536,-0.252619,0.021231,92.290352,31.697445,-58.735653
0,71327.00,-15.334446,5.175331,20.898855,1.658988,0.677637,0.867064,92.290352,31.697445,-58.735653
0,71351.00,-13.311243,2.536786,21.012585,2.282444,1.413746,1.137379,-78.630676,63.570015,-41.131886
0,71375.00,-11.266490,-0.696748,21.046104,2.714415,2.109374,1.317677,-78.630676,63.570015,-41.131886
0,71399.00,-8.817097,-2.996496,20.771955,2.986860,2.684093,1.514222,-78.630676,63.570015,-41.131886
0,71423.00,-6.878892,-5.827784,20.246401,3.220423,3.020455,1.703043,-78.630676,63.570015,-41.131886
0,71447.00,-2.821711,-10.094469,18.709246,3.353051,3.098487,2.193338,-78.630676,63.570015,-41.131886
0,71471.00,-1.367159,-12.081758,18.152565,3.297656,2.876376,2.361653,-78.630676,63.570015,-41.131886
0,71495.00,0.266967,-13.136457,16.330484,3.174882,2.748809,2.498275,-32.748188,30.646700,-95.635864
0,71519.00,2.858823,-13.667996,12.844350,3.012693,2.803671,2.535560,-32.748188,30.646700,-95.635864
0,71543.00,5.563211,-14.034328,9.002657,2.612414,2.913395,2.261782,-32.748188,30.646700,-95.635864
0,71567.00,10.054962,-12.464849,3.027622,1.367634,2.319767,1.598113,-32.748188,30.646700,-95.635864
0,71591.00,10.804386,-11.601695,1.510818,0.846179,1.663022,1.306758,-32.748188,30.646700,-95.635864
0,71615.00,10.709810,-11.220998,0.652453,0.376657,0.993226,0.939769,91.940102,-6.829836,-28.267591
0,71639.00,10.417703,-10.706219,0.380697,-0.130151,0.417975,0.411656,91.940102,-6.829836,-28.267591
0,71663.00,9.856234,-11.102479,0.763789,-0.603135,-0.088832,-0.232039,91.940102,-6.829836,-28.267591
0,71687.00,8.005422,-11.440079,2.572701,-1.618614,-0.995653,-1.403316,91.940102,-6.829836,-28.267591
0,71711.00,6.664600,-11.905775,4.689283,-2.136607,-1.517640,-1.831558,91.940102,-6.829836,-28.267591
0,71735.00,5.629055,-12.215839,7.015368,-2.623973,-2.073184,-2.053936,23.641741,57.615799,-84.125710
0,71759.00,4.295417,-12.171544,10.535025,-3.108143,-2.681459,-2.154338,23.641741,57.615799,-84.125710
0,71783.00,1.756236,-11.977604,15.238673,-3.468740,-3.262836,-2.202809,23.641741,57.615799,-84.125710
0,71807.00,-4.040421,-9.948415,23.147125,-3.657295,-3.375223,-2.055534,23.641741,57.615799,-84.125710
0,71831.00,-6.487420,-7.732469,25.129625,-3.492709,-2.793846,-2.078171,23.641741,57.615799,-84.125710
0,71855.00,-8.007815,-5.584760,24.917727,-3.140634,-1.997815,-2.180438,18.563145,73.902328,-1.354136
0,71879.00,-8.524989,-3.834509,22.694597,-2.748078,-1.193528,-2.274183,18.563145,73.902328,-1.354136
0,71903.00,-8.558510,-1.385116,19.841761,-2.377094,-0.660622,-2.201477,18.563145,73.902328,-1.354136
0,71927.00,-9.997499,3.814158,15.754650,-1.599972,-0.667280,-1.689876,18.563145,73.902328,-1.354136
0,71951.00,-12.415766,5.848135,16.132954,-1.277724,-0.823343,-1.365498,18.563145,73.902328,-1.354136
0,71983.00,-14.296507,8.231685,17.388777,-0.841492,-0.811359,-0.942848,18.563145,73.902328,-1.354136
0,72007.00,-18.183691,7.967112,21.173004,0.587316,-0.301090,-0.006733,40.103397,44.306374,-68.214607
0,72031.00,-18.541643,6.358127,23.271629,1.190797,0.470706,0.191410,40.103397,44.306374,-68.214607
0,72055.00,-16.686043,2.481717,22.661077,2.073915,1.164470,0.722452,40.103397,44.306374,-68.214607
0,72079.00,-14.333619,-0.090984,22.271999,2.683522,1.747711,1.369876,40.103397,44.306374,-68.214607
0,72103.00,-11.090508,-2.657699,21.465113,3.147185,2.173291,1.867096,40.103397,44.306374,-68.214607
0,72127.00,-5.978626,-8.503441,19.993799,3.713914,2.472102,2.635430,-15.761161,7.004960,-0.338534
0,72151.00,-3.443038,-10.751711,18.930721,3.811654,2.406055,2.911337,-15.761161,7.004960,-0.338534
0,72175.00,-0.630904,-12.431329,16.878784,3.806328,2.248393,3.051955,-15.761161,7.004960,-0.338534
0,72199.00,1.381525,-13.098147,14.227072,3.676363,2.035870,3.032247,-15.761161,7.004960,-0.338534
0,72223.00,2.954596,-13.478846,11.115647,3.389803,1.956773,2.785634,-15.761161,7.004960,-0.338534
0,72247.00,6.359324,-13.919401,4.528863,2.247023,1.991394,1.908109,56.039680,2.451736,-0.338534
0,72271.00,7.585217,-13.216667,2.284185,1.575630,1.772479,1.547246,56.039680,2.451736,-0.338534
0,72295.00,8.495061,-12.669564,0.543512,1.023548,1.332252,1.274267,56.039680,2.451736,-0.338534
0,72319.00,8.982306,-12.035069,-0.470485,0.492506,0.744217,1.009012,56.039680,2.451736,-0.338534
0,72343.00,8.754845,-11.939295,-0.836816,-0.004714,0.142866,0.668922,56.039680,2.451736,-0.338534
0,72367.00,8.405273,-11.537048,0.045492,-1.182914,-0.671807,-0.289565,50.961086,-3.327356,-28.606125
0,72391.00,8.269994,-11.521485,1.063080,-1.759231,-1.049716,-0.865082,50.961086,-3.327356,-28.606125
0,72415.00,7.356560,-12.020702,3.150930,-2.347799,-1.544006,-1.424355,50.961086,-3.327356,-28.606125
0,72439.00,5.674547,-12.804843,6.152215,-2.917990,-2.058803,-1.812117,50.961086,-3.327356,-28.606125
0,72463.00,4.191264,-13.277722,9.522225,-3.429325,-2.487046,-1.952468,50.961086,-3.327356,-28.606125
0,72487.00,1.758631,-13.050261,16.902729,-4.179283,-3.149117,-1.892546,12.258680,3.152232,-64.659996
0,72511.00,-0.278939,-12.436117,20.985050,-4.422699,-3.242330,-1.927167,12.258680,3.152232,-64.659996
0,72535.00,-3.348462,-10.837906,25.182299,-4.499133,-3.003174,-1.968181,12.258680,3.152232,-64.659996
0,72559.00,-5.575183,-7.988661,27.049871,-4.213371,-2.383713,-1.909856,12.258680,3.152232,-64.659996
0,72583.00,-6.724458,-4.582736,26.029890,-3.597107,-1.602064,-1.800932,12.258680,3.152232,-64.659996
0,72607.00,-7.819861,0.782944,21.487858,-2.405324,-0.297627,-1.834222,-24.867609,-35.375050,-38.254345
0,72631.00,-7.862959,2.472139,19.305431,-1.906240,0.070693,-1.755657,-24.867609,-35.375050,-38.254345
0,72655.00,-7.742046,4.609073,17.703629,-1.402096,0.131148,-1.478151,-24.867609,-35.375050,-38.254345
0,72679.00,-8.843434,5.831376,16.665689,-0.790625,-0.008670,-1.171883,-24.867609,-35.375050,-38.254345
0,72703.00,-10.854667,6.978256,16.639353,-0.345071,-0.055010,-0.934858,-24.867609,-35.375050,-38.254345
0,72727.00,-13.363917,6.878892,19.944715,0.660820,0.089602,-0.137229,43.956123,-12.784052,6.939948
0,72751.00,-13.325608,4.583933,20.994627,1.376423,0.435818,0.272105,43.956123,-12.784052,6.939948
0,72775.00,-14.194748,2.117779,21.841021,2.122918,0.700541,0.946694,43.956123,-12.784052,6.939948
0,72799.00,-11.866268,0.013169,21.722502,2.648634,1.220664,1.462556,43.956123,-12.784052,6.939948
0,72823.00,-10.309958,-2.882766,21.512999,3.102443,1.651836,1.820490,43.956123,-12.784052,6.939948
0,72847.00,-5.506945,-7.780355,19.328178,3.664379,2.253187,2.345940,43.956123,-12.784052,6.939948
0,72871.00,-3.093466,-9.694616,17.868837,3.758390,2.271563,2.505466,4.378100,30.996948,-44.517223
0,72895.00,-1.040334,-11.906972,16.324499,3.745074,2.206581,2.532630,4.378100,30.996948,-44.517223
0,72919.00,0.653650,-13.846374,14.047497,3.604457,2.205516,2.448739,4.378100,30.996948,-44.517223
0,72943.00,3.030017,-15.522401,10.784034,3.344262,2.265438,2.314248,4.378100,30.996948,-44.517223
0,72967.00,6.799880,-16.663296,4.129011,2.268595,2.202054,1.759236,4.378100,30.996948,-44.517223
0,72991.00,8.667452,-15.852818,1.081037,1.566841,1.950381,1.522744,5.078596,50.260590,-42.824554
0,73015.00,10.132778,-14.565868,-0.899069,0.864022,1.492310,1.271072,5.078596,50.260590,-42.824554
0,73039.00,10.879807,-13.478846,-1.853207,0.248557,0.832902,0.975456,5.078596,50.260590,-42.824554
0,73063.00,10.700233,-12.680338,-1.923839,-0.305123,0.086939,0.591422,5.078596,50.260590,-42.824554
0,73087.00,8.156263,-12.045842,1.008010,-1.534989,-1.020953,-0.473592,5.078596,50.260590,-42.824554
0,73111.00,6.530518,-12.000350,3.208394,-2.109975,-1.376490,-0.990786,47.633728,48.334225,-109.685028
0,73135.00,5.333356,-12.166756,5.472227,-2.630631,-1.641745,-1.393195,47.633728,48.334225,-109.685028
0,73159.00,4.739564,-12.256543,7.866550,-3.063667,-1.916055,-1.620366,47.633728,48.334225,-109.685028
0,73183.00,3.856058,-12.280486,11.224589,-3.451163,-2.266000,-1.756456,47.633728,48.334225,-109.685028
0,73207.00,-0.008380,-11.175506,18.471010,-3.888195,-2.723005,-1.905862,47.633728,48.334225,-109.685028
0,73231.00,-1.731096,-9.846656,21.071245,-3.907370,-2.492638,-1.996144,3.677604,2.977108,-23.528114
0,73255.00,-3.731554,-8.086828,22.576078,-3.742251,-2.023915,-2.107999,3.677604,2.977108,-23.528114
0,73279.00,-4.665340,-5.764334,22.637133,-3.418139,-1.418303,-2.173247,3.677604,2.977108,-23.528114
0,73303.00,-5.530888,-3.654935,21.898485,-2.918257,-0.900843,-2.231305,3.677604,2.977108,-23.528114
0,73327.00,-7.663033,-0.513582,19.508949,-1.905973,0.011304,-2.171649,3.677604,2.977108,-23.528114
0,73351.00,-7.890494,2.188412,18.356083,-1.431657,0.330888,-1.961256,3.677604,2.977108,-23.528114
0,73375.00,-8.447174,3.365222,16.969769,-0.837497,0.517312,-1.784686,-54.988937,1.050744,-85.987640
0,73399.00,-9.371383,4.253516,15.982111,-0.356256,0.616383,-1.574826,-54.988937,1.050744,-85.987640
0,73423.00,-10.235734,5.644618,15.608596,0.040028,0.651804,-1.264563,-54.988937,1.050744,-85.987640
0,73447.00,-13.577013,5.547648,16.818928,1.000378,0.517046,-0.353748,-54.988937,1.050744,-85.987640
0,73471.00,-14.035525,3.020439,17.951443,1.579625,0.584159,0.294476,-54.988937,1.050744,-85.987640
0,73495.00,-13.276525,0.641679,18.038836,2.062996,0.886965,0.908343,-28.895460,71.625717,-61.782459
0,73519.00,-11.835142,-2.141722,17.941864,2.414805,1.253421,1.421542,-28.895460,71.625717,-61.782459
0,73543.00,-9.791587,-4.266685,17.538422,2.638247,1.557559,1.935540,-28.895460,71.625717,-61.782459
0,73567.00,-5.670956,-7.696554,16.541185,3.057169,1.653434,2.732636,-28.895460,71.625717,-61.782459
0,73591.00,-3.484938,-8.873363,15.901901,3.153044,1.650238,2.913468,-28.895460,71.625717,-61.782459
0,73615.00,-1.397088,-10.420096,15.068676,3.175149,1.656630,2.865264,47.808853,70.925224,-28.267591
0,73639.00,0.427387,-12.395413,13.214272,3.072882,1.706964,2.623712,47.808853,70.925224,-28.267591
0,73663.00,2.035175,-13.565041,11.162337,2.819611,1.716818,2.446875,47.808853,70.925224,-28.267591
0,73687.00,5.488987,-14.484461,5.907994,2.130375,1.711758,1.975222,47.808853,70.925224,-28.267591
0,73711.00,7.035720,-14.271366,3.238323,1.593740,1.535188,1.694521,47.808853,70.925224,-28.267591
0,73735.00,8.176616,-13.962499,1.312089,1.033935,1.195097,1.442848,47.808853,70.925224,-28.267591
0,73759.00,9.026600,-13.417790,0.256193,0.481320,0.774844,1.218340,48.334225,-13.309424,-55.858116
0,73783.00,9.632364,-12.725830,-0.323234,-0.027351,0.336481,0.923790,48.334225,-13.309424,-55.858116
0,73807.00,10.132778,-12.032674,-0.237038,-1.175724,-0.474198,-0.150545,48.334225,-13.309424,-55.858116
0,73831.00,9.166668,-12.120067,1.624549,-1.751241,-0.992723,-0.741244,48.334225,-13.309424,-55.858116
0,73855.00,7.977887,-12.224219,3.747117,-2.260978,-1.506721,-1.188129,48.334225,-13.309424,-55.858116
0,73879.00,6.482631,-13.023924,6.200101,-2.752872,-1.950677,-1.518898,33.098438,101.747047,-17.434502
0,73903.00,3.901551,-13.902640,12.094926,-3.733729,-2.550430,-1.723166,33.098438,101.747047,-17.434502
0,73927.00,2.989313,-13.405818,15.393107,-4.096723,-2.804765,-1.621432,33.098438,101.747047,-17.434502
0,73951.00,0.979278,-12.343936,18.589529,-4.298860,-2.932865,-1.583614,33.098438,101.747047,-17.434502
0,73975.00,-1.708350,-12.012322,21.014978,-4.331085,-2.753366,-1.634748,33.098438,101.747047,-17.434502
0,73999.00,-4.655763,-9.651519,23.531414,-4.374762,-2.183440,-1.680289,-1.926364,17.687525,-1.861937
0,74023.00,-7.117127,-2.667277,23.444021,-3.372332,-0.763688,-1.870175,-1.926364,17.687525,-1.861937
0,74047.00,-8.793154,0.032323,22.641922,-2.678835,-0.172191,-2.025706,-1.926364,17.687525,-1.861937
0,74071.00,-10.054962,2.721149,21.510605,-1.957107,0.428095,-1.993215,-1.926364,17.687525,-1.861937
0,74095.00,-10.320732,3.745919,19.882463,-1.168267,0.939430,-1.817443,-1.926364,17.687525,-1.861937
0,74119.00,-9.657505,4.946673,18.473404,-0.485688,1.139703,-1.374819,-0.525372,49.560093,-63.475132
0,74143.00,-10.452420,6.607136,18.982199,0.677066,0.610258,-0.228577,-0.525372,49.560093,-63.475132
0,74167.00,-10.555376,3.001285,18.989382,1.450193,0.399332,0.424173,-0.525372,49.560093,-63.475132
0,74191.00,-12.023096,2.713966,21.055683,2.021183,0.339410,1.227129,-0.525372,49.560093,-63.475132
0,74215.00,-10.586502,0.237038,21.645884,2.625997,0.633694,1.738996,-0.525372,49.560093,-63.475132
0,74239.00,-9.203780,-2.383549,20.979065,3.251583,0.926114,2.206122,-0.525372,49.560093,-63.475132
0,74263.00,-6.018133,-6.751993,19.303038,3.868380,1.631596,2.574442,-26.093477,46.407860,-105.453346
0,74287.00,-3.994929,-9.325891,18.214817,4.059332,1.921618,2.537956,-26.093477,46.407860,-105.453346
0,74311.00,-2.686431,-12.404991,17.279835,4.059865,2.063301,2.387219,-26.093477,46.407860,-105.453346
0,74335.00,-0.923012,-14.892694,15.074662,3.937357,2.231082,2.329161,-26.093477,46.407860,-105.453346
0,74359.00,2.303339,-15.668454,11.400573,3.678494,2.461183,2.325433,-26.093477,46.407860,-105.453346
0,74383.00,6.767556,-16.627380,3.593880,2.660618,2.412180,1.508629,16.286533,53.412823,-42.824554
0,74407.00,7.897677,-16.294569,1.042728,1.918917,2.081144,1.177327,16.286533,53.412823,-42.824554
0,74431.00,9.160683,-15.442191,-0.852379,1.189199,1.633460,0.975190,16.286533,53.412823,-42.824554
0,74455.00,10.070525,-14.699950,-1.745462,0.527927,0.957806,0.840166,16.286533,53.412823,-42.824554
0,74479.00,10.132778,-13.622504,-1.173219,-0.100855,0.139670,0.617788,16.286533,53.412823,-42.824554
0,74503.00,8.439991,-12.661183,0.715903,-1.197296,-0.982603,-0.355346,10.157192,22.065624,-98.851936
0,74527.00,7.302687,-12.820406,2.460168,-1.796782,-1.278484,-0.911688,10.157192,22.065624,-98.851936
0,74551.00,6.137849,-12.484004,4.724000,-2.369371,-1.555990,-1.323952,10.157192,22.065624,-98.851936
0,74575.00,4.622242,-12.657592,7.469093,-2.834898,-1.877971,-1.592669,10.157192,22.065624,-98.851936
0,74599.00,3.381982,-12.706676,10.138763,-3.207747,-2.153346,-1.708252,10.157192,22.065624,-98.851936
0,74623.00,-0.392669,-11.417333,16.864420,-3.729734,-2.400758,-2.008129,-6.829836,9.982068,-27.929058
0,74647.00,-3.021636,-10.004682,20.129080,-3.808299,-2.168793,-2.144485,-6.829836,9.982068,-27.929058
0,74671.00,-4.650974,-7.783947,21.854189,-3.621075,-1.680628,-2.170051,-6.829836,9.982068,-27.929058
0,74695.00,-5.570394,-5.552437,21.691376,-3.155282,-1.142129,-2.085894,-6.829836,9.982068,-27.929058
0,74719.00,-5.919965,-3.445432,20.317034,-2.695613,-0.650235,-2.040353,-6.829836,9.982068,-27.929058
0,74743.00,-7.159028,0.713508,18.493755,-1.871884,-0.235841,-1.838483,31.347197,82.483406,-13.710629
0,74767.00,-8.070068,2.979736,17.488140,-1.359218,-0.202285,-1.537008,31.347197,82.483406,-13.710629
0,74791.00,-8.472315,3.841692,16.377174,-0.790891,-0.130112,-1.215560,31.347197,82.483406,-13.710629
0,74815.00,-8.833858,5.247160,16.374781,-0.338679,-0.113867,-0.863218,31.347197,82.483406,-13.710629
0,74839.00,-9.738912,6.717275,17.338495,0.060268,-0.171658,-0.491169,31.347197,82.483406,-13.710629
0,74863.00,-11.628033,4.773084,19.925562,1.280814,-0.140232,0.528038,17.862648,130.642502,-5.416544
0,74887.00,-11.103676,3.076706,20.109924,1.908797,0.242470,0.924855,17.862648,130.642502,-5.416544
0,74911.00,-10.289606,0.653650,19.980631,2.502424,0.535422,1.442315,17.862648,130.642502,-5.416544
0,74935.00,-7.938380,-1.125332,19.121069,2.880332,0.932505,1.777612,17.862648,130.642502,-5.416544
0,74959.00,-6.762767,-3.482544,18.775089,3.225749,1.166335,1.978951,17.862648,130.642502,-5.416544
0,74983.00,-3.626203,-8.041336,17.083500,3.605256,1.596708,2.102257,-9.806944,-6.654712,-59.243454
0,75007.00,-1.812503,-10.259677,15.806128,3.638546,1.724009,2.069766,-9.806944,-6.654712,-59.243454
0,75031.00,-0.004789,-12.493581,13.678771,3.607653,1.819085,2.003186,-9.806944,-6.654712,-59.243454
0,75055.00,2.261439,-13.915810,11.018678,3.415370,1.917890,1.866031,-9.806944,-6.654712,-59.243454
0,75079.00,4.635411,-15.220716,7.512191,3.111498,1.987133,1.579737,-9.806944,-6.654712,-59.243454
0,75103.00,6.872906,-16.238304,1.999260,1.998546,1.837195,0.793559,-9.806944,-6.654712,-59.243454
0,75127.00,8.246051,-15.991688,-0.470485,1.282411,1.690453,0.561861,50.961086,90.889359,-48.918167
0,75151.00,10.167496,-14.936989,-2.154891,0.509550,1.354623,0.411656,50.961086,90.889359,-48.918167
0,75175.00,11.789650,-13.707503,-2.933047,-0.214308,0.685360,0.249734,50.961086,90.889359,-48.918167
0,75199.00,11.837537,-12.910193,-2.184820,-0.932307,-0.214269,-0.069051,50.961086,90.889359,-48.918167
0,75223.00,8.291543,-12.797660,2.727135,-2.216503,-1.751469,-0.862419,50.961086,90.889359,-48.918167
0,75247.00,6.574813,-13.020332,5.474621,-2.793352,-2.108072,-1.231273,-43.605877,26.793972,-76.339424
0,75271.00,5.546451,-13.638068,8.222108,-3.305752,-2.261472,-1.556450,-43.605877,26.793972,-76.339424
0,75295.00,3.949437,-13.717080,11.672328,-3.786993,-2.366935,-1.848070,-43.605877,26.793972,-76.339424
0,75319.00,2.466153,-13.696729,14.750231,-4.070624,-2.410345,-2.105335,-43.605877,26.793972,-76.339424
0,75343.00,-1.808912,-12.680338,20.267950,-4.206447,-2.151216,-2.415598,-43.605877,26.793972,-76.339424
0,75367.00,-3.470572,-10.514672,21.833838,-4.086869,-1.788488,-2.411604,-4.728348,59.367039,-61.782459
0,75391.00,-4.920335,-8.099998,22.501854,-3.732397,-1.411911,-2.303478,-4.728348,59.367039,-61.782459
0,75415.00,-6.361718,-5.290258,22.250450,-3.250890,-1.010566,-2.114124,-4.728348,59.367039,-61.782459
0,75439.00,-7.380503,-1.954965,21.680601,-2.712125,-0.607358,-1.873104,-4.728348,59.367039,-61.782459
0,75463.00,-8.841041,3.318533,19.718452,-1.401829,0.111440,-1.324485,-4.728348,59.367039,-61.782459
0,75487.00,-9.977147,4.732381,18.961847,-0.775977,0.346601,-1.022478,-4.728348,59.367039,-61.782459
0,75511.00,-10.489532,5.854122,18.071157,-0.177023,0.473902,-0.567603,123.637550,56.740177,4.400942
0,75535.00,-10.387774,5.239977,17.448633,0.360145,0.430226,-0.067187,123.637550,56.740177,4.400942
0,75559.00,-12.452878,7.461910,19.948307,0.960164,0.378826,0.426038,123.637550,56.740177,4.400942
0,75583.00,-14.596994,3.071917,23.174660,2.409212,0.967127,1.182387,123.637550,56.740177,4.400942
0,75607.00,-11.490359,-1.343216,22.073271,3.114960,1.649706,1.526206,123.637550,56.740177,4.400942
0,75631.00,-9.649124,-4.750338,21.708136,3.567971,2.156779,1.830610,-20.664633,93.165970,4.739476
0,75655.00,-7.245224,-8.023378,20.691746,3.848672,2.493408,2.101192,-20.664633,93.165970,4.739476
0,75679.00,-5.235189,-10.926497,19.912394,4.005269,2.565314,2.404264,-20.664633,93.165970,4.739476
0,75703.00,-1.421031,-16.354427,17.267862,3.929368,2.330952,2.846355,-20.664633,93.165970,4.739476
0,75727.00,1.686801,-17.591097,13.918203,3.757857,2.313375,3.067934,-20.664633,93.165970,4.739476
0,75751.00,5.293850,-17.546801,9.312722,3.368231,2.369835,3.008544,85.460518,84.059525,-33.514870
0,75775.00,8.241262,-16.557945,5.038854,2.738117,2.274493,2.580302,85.460518,84.059525,-33.514870
0,75799.00,9.467155,-15.670849,2.148906,2.070186,1.857435,2.086544,85.460518,84.059525,-33.514870
0,75823.00,10.754105,-14.058271,-0.883505,0.821411,0.776974,1.358957,85.460518,84.059525,-33.514870
0,75847.00,11.104874,-13.359129,-1.623351,0.244562,0.233948,0.939503,85.460518,84.059525,-33.514870
0,75871.00,10.438054,-13.180752,-1.182796,-0.390079,-0.259277,0.342680,19.613888,86.861504,-27.421257
0,75895.00,9.931655,-13.209484,-0.453724,-0.998621,-0.661687,-0.205141,19.613888,86.861504,-27.421257
0,75919.00,9.230118,-13.153217,0.812873,-1.628468,-1.057439,-0.675196,19.613888,86.861504,-27.421257
0,75943.00,6.619108,-13.238215,5.406383,-2.829306,-2.023649,-1.290396,19.613888,86.861504,-27.421257
0,75967.00,5.054417,-13.487226,8.655480,-3.317470,-2.491040,-1.438203,19.613888,86.861504,-27.421257
0,75991.00,3.318533,-13.644053,12.160770,-3.719081,-2.814886,-1.508778,19.613888,86.861504,-27.421257
0,76015.00,1.334835,-13.319623,15.602611,-4.028279,-2.913158,-1.570565,21.890501,49.910343,-55.011780
0,76039.00,-0.608158,-11.902184,18.584740,-4.212573,-2.703830,-1.732221,21.890501,49.910343,-55.011780
0,76063.00,-4.296614,-9.692223,21.971512,-4.052248,-1.611385,-2.205738,21.890501,49.910343,-55.011780
0,76087.00,-5.597929,-6.398830,22.743681,-3.804037,-1.068891,-2.216657,21.890501,49.910343,-55.011780
0,76111.00,-7.142268,-3.290998,21.856585,-3.223459,-0.671541,-2.114124,21.890501,49.910343,-55.011780
0,76135.00,-8.084434,-1.059488,20.166191,-2.596275,-0.298426,-1.960724,-38.527283,49.384968,-8.801885
0,76159.00,-8.793154,1.597014,19.827394,-2.117965,0.022489,-1.777495,-38.527283,49.384968,-8.801885
0,76183.00,-10.083694,4.761113,18.182495,-0.773048,0.392142,-1.140724,-38.527283,49.384968,-8.801885
0,76207.00,-10.784034,5.352510,17.265469,-0.186611,0.525835,-0.738847,-38.527283,49.384968,-8.801885
0,76231.00,-10.787625,5.494973,17.296595,0.200885,0.513584,-0.208071,-38.527283,49.384968,-8.801885
0,76255.00,-10.798400,5.399200,19.245573,0.777202,0.347666,0.452403,20.314384,50.785961,-113.747437
0,76279.00,-11.147971,3.929085,20.933573,1.571369,0.213974,1.060679,20.314384,50.785961,-113.747437
0,76303.00,-10.513475,-1.494058,22.568895,2.974876,0.935968,1.736599,20.314384,50.785961,-113.747437
0,76327.00,-8.559708,-4.907166,22.298336,3.352784,1.660358,1.883075,20.314384,50.785961,-113.747437
0,76351.00,-6.153412,-6.933961,21.177794,3.718176,2.167964,2.113442,20.314384,50.785961,-113.747437
0,76375.00,-4.628228,-8.922447,20.853363,4.164528,2.334415,2.317177,20.314384,50.785961,-113.747437
0,76399.00,-1.585042,-14.636500,16.188023,4.100079,2.396734,2.525173,-37.476536,-11.207936,-75.493088
0,76423.00,1.496452,-16.259851,11.914155,3.860657,2.363177,2.760600,-37.476536,-11.207936,-75.493088
0,76447.00,5.691308,-16.124573,7.849790,3.390069,2.173557,2.822387,-37.476536,-11.207936,-75.493088
0,76471.00,7.617541,-15.122548,5.132233,2.769543,1.742119,2.442348,-37.476536,-11.207936,-75.493088
0,76495.00,7.230857,-14.737062,3.452615,2.248088,1.155415,1.899853,-37.476536,-11.207936,-75.493088
0,76519.00,6.300663,-14.279747,0.822450,1.161502,0.795350,0.925122,53.237698,4.553224,10.833089
0,76543.00,7.264378,-13.350749,-0.599778,0.565744,0.772713,0.605271,53.237698,4.553224,10.833089
0,76567.00,8.036548,-12.907799,-1.577859,0.012331,0.524769,0.317379,53.237698,4.553224,10.833089
0,76591.00,8.370556,-12.470835,-1.617366,-0.595146,0.101586,0.036944,53.237698,4.553224,10.833089
0,76615.00,7.950352,-11.855494,-0.462104,-1.230586,-0.434250,-0.267726,53.237698,4.553224,10.833089
0,76639.00,5.129838,-11.926126,4.324149,-2.320634,-1.544272,-0.887720,-12.784052,-11.383060,-2.877539
0,76663.00,3.829721,-12.093729,6.913610,-2.794684,-1.891554,-1.096248,-12.784052,-11.383060,-2.877539
0,76687.00,2.721149,-11.726200,9.760461,-3.215470,-2.099017,-1.278411,-12.784052,-11.383060,-2.877539
0,76711.00,1.345610,-11.663948,12.721042,-3.495372,-2.265733,-1.437405,-12.784052,-11.383060,-2.877539
0,76735.00,-0.104153,-11.323954,15.651694,-3.717217,-2.258010,-1.587609,-12.784052,-11.383060,-2.877539
0,76759.00,-2.567912,-9.091248,20.022532,-3.847181,-1.628962,-1.979899,80.206795,-50.085464,-83.956436
0,76783.00,-4.281051,-7.493036,20.968290,-3.680198,-1.210573,-2.244621,80.206795,-50.085464,-83.956436
0,76807.00,-5.870882,-5.654195,21.261595,-3.372599,-0.795646,-2.399087,80.206795,-50.085464,-83.956436
0,76831.00,-7.088395,-2.812133,21.364550,-2.977912,-0.405753,-2.330909,80.206795,-50.085464,-83.956436
0,76855.00,-8.389710,0.677594,20.933573,-2.469507,-0.046754,-2.142620,80.206795,-50.085464,-83.956436
0,76879.00,-10.348267,3.999718,17.849684,-1.155750,0.543145,-1.832624,-28.370089,33.974056,17.942303
0,76903.00,-10.806780,5.433918,17.047585,-0.689423,0.684561,-1.475222,-28.370089,33.974056,17.942303
0,76927.00,-11.170717,6.146229,16.671677,-0.183415,0.602268,-0.956963,-28.370089,33.974056,17.942303
0,76951.00,-12.254148,5.647012,16.730337,0.325789,0.328758,-0.324985,-28.370089,33.974056,17.942303
0,76975.00,-12.837167,5.254344,17.810177,0.895448,0.137540,0.377834,-28.370089,33.974056,17.942303
0,76999.00,-12.049434,1.313287,20.186543,2.060066,0.499735,1.450571,-8.756200,66.196877,-55.181046
0,77023.00,-10.408125,-1.003222,20.434355,2.585250,0.958871,1.779210,-8.756200,66.196877,-55.181046
0,77047.00,-8.819491,-4.026055,20.307457,3.020417,1.452096,1.932611,-8.756200,66.196877,-55.181046
0,77071.00,-7.313462,-6.219256,20.005772,3.346126,1.890725,2.053254,-8.756200,66.196877,-55.181046
0,77095.00,-5.478213,-7.847396,19.586765,3.652128,2.154649,2.154988,-8.756200,66.196877,-55.181046
0,77119.00,-2.741501,-12.463652,17.144554,3.910725,2.100585,2.376034,56.740177,74.953072,-44.686493
0,77143.00,-1.346807,-13.106528,15.237476,3.775701,1.920820,2.544082,56.740177,74.953072,-44.686493
0,77167.00,0.687171,-13.681166,12.262528,3.660917,1.742918,2.695618,56.740177,74.953072,-44.686493
0,77191.00,3.176070,-14.520376,8.747662,3.336539,1.669413,2.549675,56.740177,74.953072,-44.686493
0,77215.00,5.451875,-14.783751,5.187302,2.753298,1.515747,2.235683,56.740177,74.953072,-44.686493
0,77239.00,7.777961,-13.207089,0.695551,1.403054,0.728504,1.754709,56.740177,74.953072,-44.686493
0,77263.00,8.303514,-12.476821,-0.713508,0.816618,0.336215,1.479600,56.740177,74.953072,-44.686493
0,77287.00,8.529778,-11.918943,-1.500044,0.219528,0.002782,1.097963,56.740177,74.953072,-44.686493
0,77311.00,8.445977,-11.601695,-1.331244,-0.404727,-0.279251,0.570916,56.740177,74.953072,-44.686493
0,77335.00,7.878522,-11.620851,-0.436964,-1.015665,-0.534652,-0.007798,56.740177,74.953072,-44.686493
0,77359.00,7.078818,-11.820776,2.255453,-2.140868,-1.204980,-0.838717,56.740177,74.953072,-44.686493
0,77383.00,6.039681,-12.401400,4.605482,-2.676438,-1.666779,-1.168421,-3.502480,40.979015,-35.884605
0,77407.00,5.239977,-13.338778,7.051283,-3.171527,-2.079309,-1.400919,-3.502480,40.979015,-35.884605
0,77431.00,4.385204,-14.189960,9.961584,-3.678867,-2.418069,-1.566303,-3.502480,40.979015,-35.884605
0,77455.00,3.381982,-14.525165,13.281314,-4.122556,-2.683590,-1.611045,-3.502480,40.979015,-35.884605
0,77479.00,0.329220,-14.156439,19.753170,-4.681828,-2.682258,-1.715975,-3.502480,40.979015,-35.884605
0,77503.00,-1.357581,-13.349552,22.328266,-4.796879,-2.219127,-1.871506,-21.190004,124.513168,-35.038273
0,77527.00,-3.237126,-12.236192,23.992321,-4.760393,-1.607656,-2.040353,-21.190004,124.513168,-35.038273
0,77551.00,-4.630622,-9.662293,24.539423,-4.517509,-0.979673,-2.068051,-21.190004,124.513168,-35.038273
0,77575.00,-5.289061,-7.897677,22.914875,-3.942790,-0.431054,-1.915982,-21.190004,124.513168,-35.038273
0,77599.00,-5.080755,-2.602630,19.779509,-3.161407,0.113571,-1.571097,-21.190004,124.513168,-35.038273
0,77623.00,-6.040879,-0.623721,18.348900,-2.584025,0.178020,-1.409707,-50.435715,1.751240,8.124817
0,77647.00,-6.761570,0.776958,16.295767,-2.131280,0.360183,-1.301581,-50.435715,1.751240,8.124817
0,77671.00,-7.538528,1.629337,15.397896,-1.924350,0.513051,-1.210766,-50.435715,1.751240,8.124817
0,77695.00,-8.935616,3.064734,16.700407,-1.727539,0.425964,-0.776132,-50.435715,1.751240,8.124817
0,77719.00,-14.817272,7.473881,23.852253,-0.755204,0.096793,0.937905,-50.435715,1.751240,8.124817
0,77743.00,-18.490166,6.220453,28.906670,0.479456,0.164172,1.640724,-50.435715,1.751240,8.124817
0,77767.00,-22.698189,4.026055,34.251999,1.968985,0.541814,2.433026,92.290352,37.651661,9.986753
0,77791.00,-24.817165,0.970898,38.078129,3.842281,1.779670,3.401633,92.290352,37.651661,9.986753
0,77815.00,-24.134783,-6.247988,38.286434,5.946476,3.561884,4.220035,92.290352,37.651661,9.986753
0,77839.00,-13.690742,-13.119697,30.455797,7.611244,6.217362,4.422172,92.290352,37.651661,9.986753
0,77863.00,-8.519004,-16.805758,21.946371,7.828827,5.681260,3.514020,92.290352,37.651661,9.986753
0,77887.00,-3.213182,-11.868663,10.446434,7.200312,3.062534,1.795456,99.470436,130.642502,-25.051517
0,77911.00,13.563844,-3.881199,3.599866,7.426950,-2.919283,-0.768941,99.470436,130.642502,-25.051517
1,77935.00,22.260027,6.106723,12.628860,8.681318,-7.450987,-3.529882,99.470436,130.642502,-25.051517
0,77959.00,11.722609,-8.730902,27.662819,3.761319,-4.624531,-2.378846,99.470436,130.642502,-25.051517
0,77983.00,15.045930,-16.135347,9.789192,5.603189,-1.428955,-1.931428,99.470436,130.642502,-25.051517
0,78007.00,15.721129,-11.945281,1.857995,3.614044,0.498670,-2.040886,-15.410913,7.004960,-142.184296
0,78031.00,8.615973,-14.045103,5.670956,2.821476,1.076851,-2.024640,-15.410913,7.004960,-142.184296
0,78055.00,7.082409,-10.330310,5.929543,2.135701,2.190868,-1.000906,-15.410913,7.004960,-142.184296
0,78079.00,7.540923,-3.907536,5.934331,2.023048,4.031673,0.100594,-15.410913,7.004960,-142.184296
0,78103.00,5.797855,-4.989770,5.846939,1.306380,4.650867,-0.141757,-15.410913,7.004960,-142.184296
0,78127.00,6.799880,-3.675287,2.182426,0.610219,4.734758,-0.376385,19.263641,14.360168,-60.597591
0,78151.00,5.647012,-4.357669,0.026338,0.122321,4.133141,-0.376385,19.263641,14.360168,-60.597591
0,78175.00,3.700427,-4.714423,0.881111,-0.660128,3.427392,-0.148681,19.263641,14.360168,-60.597591
0,78199.00,5.690110,1.674829,1.807714,-2.166701,2.713122,0.837769,19.263641,14.360168,-60.597591
0,78223.00,4.071548,0.180771,-1.412651,-1.712625,1.705633,1.157619,19.263641,14.360168,-60.597591
0,78247.00,2.500871,2.279396,2.587067,-2.426630,0.559923,0.697951,19.263641,14.360168,-60.597591
0,78271.00,0.039506,2.230313,8.152672,-2.353924,-0.153815,0.402335,13.834796,-38.702404,-47.902565
0,78295.00,-2.542772,-0.689565,10.919313,-2.290806,-0.126384,0.234287,13.834796,-38.702404,-47.902565
0,78319.00,0.389078,2.527209,7.490642,-4.076749,-0.464344,0.338951,13.834796,-38.702404,-47.902565
0,78343.00,1.683210,1.879544,9.650322,-3.972884,-1.130411,0.322972,13.834796,-38.702404,-47.902565
0,78367.00,1.485678,1.394694,12.183517,-3.796847,-1.641745,0.157587,13.834796,-38.702404,-47.902565
0,78391.00,-0.677594,1.113361,15.254236,-3.598172,-2.014594,-0.123114,32.573067,-32.222816,-20.312042
0,78415.00,-1.885530,2.855231,14.756217,-3.882868,-2.389839,-0.773735,32.573067,-32.222816,-20.312042
0,78439.00,-2.342846,-2.456576,19.312614,-3.015197,-3.686818,-1.819840,32.573067,-32.222816,-20.312042
0,78463.00,-5.469832,-1.800531,22.307915,-2.898815,-3.403453,-1.920509,32.573067,-32.222816,-20.312042
0,78487.00,-7.769580,-0.363937,24.321541,-2.549403,-2.649767,-1.755124,32.573067,-32.222816,-20.312042
0,78511.00,-8.966743,2.838471,20.856955,-2.310780,-1.873177,-1.579886,46.232738,-4.553224,-108.669426
0,78535.00,-10.195030,2.646925,17.958626,-1.773612,-1.774905,-1.552455,46.232738,-4.553224,-108.669426
0,78559.00,-9.688631,3.170084,16.833292,-1.113671,-2.248423,-1.085862,46.232738,-4.553224,-108.669426
0,78583.00,-9.128359,4.158940,15.831268,-0.849481,-2.056406,-0.633650,46.232738,-4.553224,-108.669426
0,78607.00,-8.982306,4.388795,15.250645,-0.350397,-1.952807,-0.013124,46.232738,-4.553224,-108.669426
0,78631.00,-8.660269,4.862872,14.686782,0.185172,-1.926974,0.705674,46.232738,-4.553224,-108.669426
0,78655.00,-8.705761,5.374060,15.269799,0.579593,-1.845747,1.310487,-86.511261,128.891266,-67.706802
0,78679.00,-6.511364,5.469832,14.029540,1.194526,-1.155445,1.855378,-86.511261,128.891266,-67.706802
0,78703.00,-5.395608,4.914350,13.836797,1.363639,-0.936796,1.771221,-86.511261,128.891266,-67.706802
0,78727.00,-3.935071,3.924297,13.502789,1.673902,-0.860096,1.768558,-86.511261,128.891266,-67.706802
0,78751.00,-3.790215,0.999630,16.070702,2.042755,-0.820148,1.874553,-86.511261,128.891266,-67.706802
0,78775.00,-1.567085,-1.128924,14.139679,2.501092,-0.279518,2.512123,-44.131248,47.633728,-87.003242
0,78799.00,2.851640,-0.630904,10.693049,2.716279,-0.712022,3.843991,-44.131248,47.633728,-87.003242
0,78823.00,3.344870,-0.603370,10.609248,2.897377,-1.368234,4.268771,-44.131248,47.633728,-87.003242
0,78847.00,3.415503,-0.527948,11.266490,3.041722,-1.969319,4.428297,-44.131248,47.633728,-87.003242
0,78871.00,4.212812,-1.509621,9.647927,3.215629,-2.433515,4.515117,-44.131248,47.633728,-87.003242
0,78895.00,7.779158,-0.577032,8.091617,3.167425,-3.568838,4.866127,57.090424,18.913393,-113.408897
0,78919.00,7.464304,2.338057,9.888556,3.089127,-4.200550,4.814461,57.090424,18.913393,-113.408897
0,78943.00,6.461082,0.348374,9.770038,3.393265,-4.638646,4.537488,57.090424,18.913393,-113.408897
0,78967.00,6.863329,0.342388,9.154696,3.246522,-4.601894,4.214442,57.090424,18.913393,-113.408897
0,78991.00,7.994647,0.629707,7.949155,2.980469,-4.338503,3.703373,57.090424,18.913393,-113.408897
0,79015.00,7.867748,2.539180,7.968309,2.371394,-4.077776,2.427966,-50.085464,61.293400,-53.826912
0,79039.00,6.832203,-0.107745,6.438336,2.323190,-3.824772,1.722751,-50.085464,61.293400,-53.826912
0,79063.00,7.080015,-0.371120,5.078361,1.984165,-3.391469,1.282257,-50.085464,61.293400,-53.826912
0,79087.00,8.122744,0.026338,4.382810,1.609719,-2.960030,0.928584,-50.085464,61.293400,-53.826912
0,79111.00,8.501046,0.423795,3.718385,1.322892,-2.716880,0.658269,-50.085464,61.293400,-53.826912
0,79135.00,7.459516,-0.907449,2.308128,1.177748,-2.574931,0.411390,-103.673409,5.253720,-48.071831
0,79159.00,7.660639,-0.826042,1.551522,0.908764,-2.308877,0.468383,-103.673409,5.253720,-48.071831
0,79183.00,8.363373,0.548300,1.388708,0.699703,-2.034834,0.513124,-103.673409,5.253720,-48.071831
0,79207.00,8.467525,1.673632,1.057094,0.612883,-1.857997,0.343478,-103.673409,5.253720,-48.071831
0,79231.00,7.786341,0.599778,0.851182,0.717813,-1.746942,0.073163,-103.673409,5.253720,-48.071831
0,79255.00,8.369358,-0.277742,-1.541945,0.568141,-1.430021,0.067038,-11.207936,35.375050,-45.702095
0,79279.00,8.038941,0.969701,-0.586609,0.345763,-1.406585,0.125362,-11.207936,35.375050,-45.702095
0,79303.00,8.271192,1.905882,-0.410627,0.474929,-1.333080,0.171436,-11.207936,35.375050,-45.702095
0,79327.00,8.716536,0.723086,-1.811306,0.752967,-1.224155,0.194605,-11.207936,35.375050,-45.702095
0,79351.00,8.588439,-0.128096,-2.600235,0.756962,-1.121622,0.223368,-11.207936,35.375050,-45.702095
0,79375.00,8.179009,1.199556,-1.422228,0.490109,-1.108040,0.328298,-78.630676,6.479588,-26.574921
0,79399.00,8.380133,0.419007,-2.163271,0.750570,-0.963428,0.332293,-78.630676,6.479588,-26.574921
0,79423.00,8.298726,-0.506399,-3.241914,0.884263,-0.797777,0.385557,-78.630676,6.479588,-26.574921
0,79447.00,8.321472,-1.003222,-3.502896,0.730063,-0.658491,0.397808,-78.630676,6.479588,-26.574921
0,79471.00,8.510624,-0.565060,-3.429869,0.570005,-0.617478,0.434826,-78.630676,6.479588,-26.574921
0,79495.00,8.544144,-0.187954,-2.681643,0.684256,-0.382584,0.335755,-78.630676,6.479588,-26.574921
0,79519.00,8.613580,-0.957729,-3.783031,0.707160,-0.195360,0.287285,-0.700496,79.856544,42.316753
0,79543.00,8.363373,-1.446172,-3.915916,0.576929,-0.152749,0.231890,-0.700496,79.856544,42.316753
0,79567.00,8.298726,-1.008010,-3.398742,0.404887,-0.149287,0.216444,-0.700496,79.856544,42.316753
0,79591.00,8.363373,-0.375909,-2.871991,0.400359,-0.089898,0.236684,-0.700496,79.856544,42.316753
0,79615.00,9.230118,-1.237865,-4.041618,0.429921,0.046725,0.202861,-0.700496,79.856544,42.316753
0,79639.00,9.330680,-0.840408,-3.866833,0.228583,-0.002012,0.124830,-39.928272,101.922173,-40.624084
0,79663.00,9.269624,-0.334008,-3.486135,0.164133,-0.048085,0.057983,-39.928272,101.922173,-40.624084
0,79687.00,9.604830,-1.241457,-4.057181,0.149219,-0.074451,0.039873,-39.928272,101.922173,-40.624084
0,79711.00,9.949613,0.134082,-4.003309,0.166264,-0.311210,0.180757,-39.928272,101.922173,-40.624084
0,79735.00,8.019787,-1.018785,-3.167690,0.213669,-0.185507,-0.024310,-39.928272,101.922173,-40.624084
0,79759.00,8.875758,-1.102586,-4.161335,-0.132281,0.236344,-0.350552,-44.306374,81.782913,23.528114
0,79783.00,9.380960,-0.331614,-4.448653,-0.143200,0.228089,-0.297554,-44.306374,81.782913,23.528114
